

----------------------------------------------------
STRUCTURE by Pritchard, Stephens and Donnelly (2000)
     and Falush, Stephens and Pritchard (2003)
       Code by Pritchard, Falush and Hubisz
             Version 2.3.4 (Jul 2012)
----------------------------------------------------



Command line arguments:   ./structure -m mainparams -K 5 -i phonology_structure -L 14 -o outfile_phonology_structure_K5_run20 
Input File:    phonology_structure

Run parameters:
   60 individuals
   14 loci
   5 populations assumed
   10000 Burn-in period
   100000 Reps


--------------------------------------------
Overall proportion of membership of the
sample in each of the 5 clusters

Inferred Clusters
  1      2      3      4      5    
0.179  0.173  0.184  0.286  0.178  

--------------------------------------------

Allele-freq. divergence among pops (Net nucleotide distance),
computed using point estimates of P.

      1       2       3       4       5      
 1      -    0.1885  0.0025  0.0328  0.1409  
 2   0.1885     -    0.2054  0.2533  0.2671  
 3   0.0025  0.2054     -    0.0186  0.1537  
 4   0.0328  0.2533  0.0186     -    0.1994  
 5   0.1409  0.2671  0.1537  0.1994     -    

Average distances (expected heterozygosity) between individuals in same cluster:
cluster  1  : 0.3733 
cluster  2  : 0.1138 
cluster  3  : 0.3448 
cluster  4  : 0.2306 
cluster  5  : 0.2066 

--------------------------------------------
Estimated Ln Prob of Data   = -350.9
Mean value of ln likelihood = -232.5
Variance of ln likelihood   = 236.7
Mean value of alpha         = 0.0417

Mean value of Fst_1         = 0.2091
Mean value of Fst_2         = 0.7117
Mean value of Fst_3         = 0.3021
Mean value of Fst_4         = 0.5768
Mean value of Fst_5         = 0.5434


Inferred ancestry of individuals:
        Label (%Miss) :  Inferred clusters
  1 torg1245   (21)   :  0.172 0.016 0.184 0.611 0.017 
  2 oldj1239   (14)   :  0.171 0.062 0.135 0.086 0.546 
  3 crim1257    (0)   :  0.082 0.007 0.232 0.672 0.008 
  4 bash1264    (7)   :  0.083 0.007 0.229 0.674 0.008 
  5 anat1259    (0)   :  0.098 0.024 0.237 0.634 0.007 
  6 okin1246    (0)   :  0.010 0.962 0.010 0.010 0.008 
  7 yaku1245    (0)   :  0.280 0.016 0.236 0.413 0.055 
  8 daur1238    (0)   :  0.436 0.007 0.431 0.111 0.014 
  9 east2337   (14)   :  0.455 0.011 0.297 0.209 0.028 
 10 ikem1235    (7)   :  0.013 0.956 0.011 0.012 0.008 
 11 sibe1251    (0)   :  0.013 0.006 0.015 0.016 0.950 
 12 nort2697    (0)   :  0.102 0.025 0.241 0.625 0.007 
 13 bona1250    (0)   :  0.422 0.047 0.279 0.205 0.047 
 14 ulch1241   (14)   :  0.169 0.012 0.150 0.126 0.544 
 15 nort2935   (14)   :  0.016 0.935 0.017 0.012 0.020 
 16 gaga1249    (0)   :  0.155 0.044 0.203 0.588 0.010 
 17 tara1319    (0)   :  0.011 0.962 0.010 0.011 0.006 
 18 moma1245   (21)   :  0.036 0.014 0.037 0.021 0.892 
 19 manc1252    (0)   :  0.226 0.025 0.214 0.189 0.345 
 20 shor1247    (0)   :  0.169 0.010 0.176 0.635 0.011 
 21 kaza1248    (0)   :  0.082 0.006 0.224 0.680 0.008 
 22 midd1351   (14)   :  0.171 0.027 0.295 0.471 0.037 
 23 chag1247   (71)   :  0.312 0.096 0.325 0.219 0.049 
 24 huih1238   (14)   :  0.065 0.024 0.054 0.043 0.815 
 25 ordo1245    (0)   :  0.444 0.007 0.425 0.110 0.014 
 26 turk1303    (0)   :  0.170 0.009 0.168 0.641 0.011 
 27 negi1245    (0)   :  0.013 0.021 0.012 0.009 0.945 
 28 nana1257    (0)   :  0.017 0.012 0.016 0.013 0.942 
 29 nort2690    (7)   :  0.281 0.082 0.311 0.313 0.014 
 30 shur1243    (0)   :  0.012 0.956 0.010 0.009 0.013 
 31 minh1238    (0)   :  0.411 0.068 0.300 0.212 0.008 
 32 udih1248    (0)   :  0.027 0.017 0.023 0.022 0.912 
 33 oira1262   (14)   :  0.356 0.011 0.295 0.321 0.017 
 34 hate1238    (7)   :  0.048 0.809 0.052 0.054 0.037 
 35 tata1255    (0)   :  0.080 0.006 0.227 0.679 0.008 
 36 turk1304    (0)   :  0.168 0.010 0.177 0.634 0.011 
 37 oroc1248    (0)   :  0.025 0.016 0.022 0.026 0.910 
 38 chuv1255    (0)   :  0.365 0.029 0.370 0.223 0.014 
 39 noga1249   (14)   :  0.173 0.026 0.301 0.464 0.035 
 40 dong1285    (7)   :  0.420 0.015 0.320 0.222 0.023 
 41 halh1238   (14)   :  0.421 0.016 0.370 0.171 0.022 
 42 ogam1239    (0)   :  0.077 0.806 0.063 0.044 0.010 
 43 cent2126    (7)   :  0.011 0.954 0.013 0.012 0.010 
 44 yona1241   (14)   :  0.419 0.032 0.300 0.212 0.038 
 45 kore1280    (0)   :  0.411 0.028 0.338 0.213 0.010 
 46 tuvi1240    (0)   :  0.402 0.011 0.374 0.188 0.025 
 47 huzh1238    (7)   :  0.424 0.037 0.312 0.216 0.012 
 48 khak1248    (0)   :  0.177 0.010 0.167 0.636 0.011 
 49 oldu1238    (7)   :  0.169 0.009 0.180 0.626 0.016 
 50 nucl1643    (0)   :  0.011 0.962 0.009 0.009 0.008 
 51 orok1265   (14)   :  0.010 0.014 0.010 0.009 0.957 
 52 midd1372   (14)   :  0.450 0.016 0.300 0.214 0.020 
 53 mogh1245   (28)   :  0.195 0.054 0.252 0.348 0.151 
 54 uigh1240    (7)   :  0.083 0.008 0.228 0.673 0.008 
 55 kara1467   (14)   :  0.088 0.007 0.224 0.670 0.010 
 56 russ1264   (14)   :  0.174 0.012 0.177 0.619 0.017 
 57 sout2954    (0)   :  0.011 0.954 0.012 0.010 0.013 
 58 berj1234    (0)   :  0.014 0.009 0.012 0.011 0.954 
 59 kham1281    (0)   :  0.288 0.016 0.231 0.412 0.052 
 60 dolg1241    (0)   :  0.166 0.010 0.173 0.640 0.012 


Estimated Allele Frequencies in each cluster
First column gives estimated ancestral frequencies


Locus 1 : TE003 
2 alleles
3.3% missing data
   1   (0.487) 0.628 0.024 0.698 0.834 0.080 
   0   (0.513) 0.372 0.976 0.302 0.166 0.920 

Locus 2 : TE004 
2 alleles
3.3% missing data
   0   (0.821) 0.883 0.992 0.911 0.958 0.358 
   1   (0.179) 0.117 0.008 0.089 0.042 0.642 

Locus 3 : TE005 
2 alleles
18.3% missing data
   0   (0.747) 0.820 0.988 0.856 0.936 0.135 
   1   (0.253) 0.180 0.012 0.144 0.064 0.865 

Locus 4 : TE006 
2 alleles
26.7% missing data
   0   (0.615) 0.686 0.104 0.747 0.855 0.966 
   1   (0.385) 0.314 0.896 0.253 0.145 0.034 

Locus 5 : TE007 
2 alleles
6.7% missing data
   0   (0.713) 0.766 0.706 0.814 0.895 0.972 
   1   (0.287) 0.234 0.294 0.186 0.105 0.028 

Locus 6 : TE008 
2 alleles
1.7% missing data
   1   (0.598) 0.590 0.925 0.633 0.854 0.965 
   0   (0.402) 0.410 0.075 0.367 0.146 0.035 

Locus 7 : TE031 
2 alleles
1.7% missing data
   1   (0.760) 0.831 0.036 0.831 0.859 0.980 
   0   (0.240) 0.169 0.964 0.169 0.141 0.020 

Locus 8 : TE037 
2 alleles
1.7% missing data
   1   (0.492) 0.517 0.609 0.573 0.828 0.131 
   0   (0.508) 0.483 0.391 0.427 0.172 0.869 

Locus 9 : TE038 
2 alleles
1.7% missing data
   1   (0.704) 0.802 0.034 0.846 0.915 0.667 
   0   (0.296) 0.198 0.966 0.154 0.085 0.333 

Locus 10 : TE039 
2 alleles
5.0% missing data
   1   (0.611) 0.646 0.972 0.561 0.499 0.904 
   0   (0.389) 0.354 0.028 0.439 0.501 0.096 

Locus 11 : TE078 
2 alleles
3.3% missing data
   0   (0.795) 0.827 0.991 0.861 0.925 0.982 
   1   (0.205) 0.173 0.009 0.139 0.075 0.018 

Locus 12 : TS079 
2 alleles
10.0% missing data
   0   (0.864) 0.920 0.994 0.940 0.967 0.527 
   1   (0.136) 0.080 0.006 0.060 0.033 0.473 

Locus 13 : TS080 
2 alleles
10.0% missing data
   0   (0.654) 0.514 0.985 0.466 0.261 0.761 
   1   (0.346) 0.486 0.015 0.534 0.739 0.239 

Locus 14 : TS088 
2 alleles
1.7% missing data
   0   (0.539) 0.544 0.978 0.608 0.818 0.959 
   1   (0.461) 0.456 0.022 0.392 0.182 0.041 

Values of parameters used in structure:
DATAFILE=phonology_structure,	OUTFILE=outfile_phonology_structure_K5_run20,	NUMINDS=60,	NUMLOCI=14,	MISSING=-9,	LABEL=1,	POPDATA=0,	POPFLAG=0,	PHENOTYPE=0,	EXTRACOLS=0,	MAXPOPS=5,	BURNIN=10000,	NUMREPS=100000,	USEPOPINFO=0,	INFERALPHA=1,	INFERLAMBDA=0,	POPSPECIFICLAMBDA=0,	POPALPHAS=0,	COMPUTEPROB=1,	NOADMIX=0,	ADMBURNIN=500,	UPDATEFREQ=100,	PRINTLIKES=0,	INTERMEDSAVE=0,	PRINTKLD=0,	PRINTNET=1,	PRINTLAMBDA=1,	ANCESTDIST=0,	NUMBOXES=1000,	ANCESTPINT=0.90000,	GENSBACK=2,	MIGRPRIOR=0.01000,	PRINTQHAT=0,	PRINTQSUM=1,	ALPHA=1.0000,	FREQSCORR=1,	FPRIORMEAN=0.0100,	FPRIORSD=0.0500,	ONEFST=0,	LAMBDA=1.0000,	UNIFPRIORALPHA=1,	ALPHAMAX=10.0000,	ALPHAPRIORA=1.0000,	ALPHAPRIORB=2.0000,	ALPHAPROPSD=0.0250,	STARTATPOPINFO=0,	RANDOMIZE=1,	LINKAGE=0,	METROFREQ=10,	REPORTHITRATE=0,	MARKOVPHASE=0,	PHASED=0,	PLOIDY=1,	PHASEINFO=0	LOCPRIOR=0, 	LOCPRIORINIT=1.000000, 	LOCDATA=0, 	LOCISPOP=0, 	LOCPRIORSTEP=0.100000, 	MAXLOCPRIOR=20.000000, 	SEED=1641247200,	
[STRAT parameters]:    NUMSIMSTATS=1000,	PHENOTYPECOL=-9,	POOLFREQ=10,	LOCUSxONLY=0,	EMERROR=0.00100,	MISSINGPHENO=-9,	