

----------------------------------------------------
STRUCTURE by Pritchard, Stephens and Donnelly (2000)
     and Falush, Stephens and Pritchard (2003)
       Code by Pritchard, Falush and Hubisz
             Version 2.3.4 (Jul 2012)
----------------------------------------------------



Command line arguments:   ./structure -m mainparams -K 7 -i phonology_structure -L 14 -o outfile_phonology_structure_K7_run5 
Input File:    phonology_structure

Run parameters:
   60 individuals
   14 loci
   7 populations assumed
   10000 Burn-in period
   100000 Reps


--------------------------------------------
Overall proportion of membership of the
sample in each of the 7 clusters

Inferred Clusters
  1      2      3      4      5      6      7    
0.109  0.103  0.160  0.207  0.164  0.163  0.094  

--------------------------------------------

Allele-freq. divergence among pops (Net nucleotide distance),
computed using point estimates of P.

      1       2       3       4       5       6       7      
 1      -    0.0021  0.1394  0.0600  0.1788  0.0246  0.0041  
 2   0.0021     -    0.1385  0.0714  0.1649  0.0369  0.0009  
 3   0.1394  0.1385     -    0.2438  0.2786  0.1884  0.1409  
 4   0.0600  0.0714  0.2438     -    0.2916  0.0129  0.0874  
 5   0.1788  0.1649  0.2786  0.2916     -    0.2428  0.1650  
 6   0.0246  0.0369  0.1884  0.0129  0.2428     -    0.0474  
 7   0.0041  0.0009  0.1409  0.0874  0.1650  0.0474     -    

Average distances (expected heterozygosity) between individuals in same cluster:
cluster  1  : 0.3748 
cluster  2  : 0.3947 
cluster  3  : 0.1928 
cluster  4  : 0.1724 
cluster  5  : 0.1096 
cluster  6  : 0.2530 
cluster  7  : 0.3985 

--------------------------------------------
Estimated Ln Prob of Data   = -317.7
Mean value of ln likelihood = -231.4
Variance of ln likelihood   = 172.5
Mean value of alpha         = 0.0389

Mean value of Fst_1         = 0.1947
Mean value of Fst_2         = 0.0875
Mean value of Fst_3         = 0.5796
Mean value of Fst_4         = 0.6604
Mean value of Fst_5         = 0.7211
Mean value of Fst_6         = 0.5237
Mean value of Fst_7         = 0.0716


Inferred ancestry of individuals:
        Label (%Miss) :  Inferred clusters
  1 torg1245   (21)   :  0.140 0.058 0.016 0.356 0.015 0.381 0.036 
  2 oldj1239   (14)   :  0.133 0.163 0.376 0.050 0.049 0.068 0.160 
  3 crim1257    (0)   :  0.028 0.067 0.007 0.654 0.006 0.223 0.014 
  4 bash1264    (7)   :  0.034 0.071 0.007 0.632 0.006 0.235 0.015 
  5 anat1259    (0)   :  0.032 0.079 0.006 0.625 0.024 0.214 0.020 
  6 okin1246    (0)   :  0.010 0.010 0.007 0.008 0.947 0.008 0.010 
  7 yaku1245    (0)   :  0.192 0.076 0.037 0.233 0.013 0.374 0.074 
  8 daur1238    (0)   :  0.238 0.174 0.012 0.117 0.006 0.246 0.208 
  9 east2337   (14)   :  0.238 0.277 0.019 0.050 0.010 0.109 0.297 
 10 ikem1235    (7)   :  0.014 0.014 0.008 0.009 0.930 0.012 0.014 
 11 sibe1251    (0)   :  0.017 0.014 0.918 0.017 0.005 0.018 0.011 
 12 nort2697    (0)   :  0.030 0.078 0.006 0.624 0.022 0.219 0.021 
 13 bona1250    (0)   :  0.223 0.273 0.037 0.052 0.039 0.089 0.288 
 14 ulch1241   (14)   :  0.118 0.095 0.442 0.105 0.010 0.142 0.087 
 15 nort2935   (14)   :  0.022 0.021 0.018 0.011 0.889 0.016 0.024 
 16 gaga1249    (0)   :  0.094 0.070 0.010 0.453 0.053 0.289 0.031 
 17 tara1319    (0)   :  0.011 0.013 0.006 0.008 0.941 0.008 0.012 
 18 moma1245   (21)   :  0.039 0.044 0.816 0.019 0.012 0.029 0.041 
 19 manc1252    (0)   :  0.163 0.204 0.197 0.133 0.019 0.097 0.187 
 20 shor1247    (0)   :  0.131 0.047 0.009 0.367 0.009 0.419 0.018 
 21 kaza1248    (0)   :  0.026 0.072 0.007 0.649 0.006 0.226 0.014 
 22 midd1351   (14)   :  0.091 0.133 0.024 0.442 0.022 0.193 0.095 
 23 chag1247   (71)   :  0.186 0.208 0.034 0.142 0.069 0.142 0.219 
 24 huih1238   (14)   :  0.065 0.055 0.707 0.039 0.021 0.049 0.065 
 25 ordo1245    (0)   :  0.255 0.170 0.011 0.116 0.007 0.233 0.209 
 26 turk1303    (0)   :  0.125 0.047 0.011 0.378 0.008 0.414 0.017 
 27 negi1245    (0)   :  0.015 0.016 0.916 0.008 0.020 0.011 0.014 
 28 nana1257    (0)   :  0.021 0.021 0.895 0.013 0.012 0.015 0.023 
 29 nort2690    (7)   :  0.166 0.197 0.012 0.244 0.055 0.139 0.187 
 30 shur1243    (0)   :  0.011 0.014 0.012 0.007 0.933 0.009 0.013 
 31 minh1238    (0)   :  0.228 0.253 0.007 0.052 0.060 0.100 0.300 
 32 udih1248    (0)   :  0.031 0.028 0.844 0.022 0.017 0.029 0.028 
 33 oira1262   (14)   :  0.203 0.131 0.014 0.218 0.010 0.304 0.120 
 34 hate1238    (7)   :  0.049 0.053 0.031 0.044 0.737 0.041 0.046 
 35 tata1255    (0)   :  0.029 0.068 0.007 0.648 0.006 0.230 0.012 
 36 turk1304    (0)   :  0.125 0.053 0.010 0.377 0.009 0.409 0.018 
 37 oroc1248    (0)   :  0.028 0.026 0.860 0.022 0.015 0.021 0.028 
 38 chuv1255    (0)   :  0.171 0.205 0.012 0.230 0.022 0.175 0.186 
 39 noga1249   (14)   :  0.089 0.142 0.025 0.430 0.023 0.192 0.099 
 40 dong1285    (7)   :  0.249 0.260 0.017 0.054 0.012 0.111 0.296 
 41 halh1238   (14)   :  0.241 0.250 0.017 0.071 0.014 0.134 0.272 
 42 ogam1239    (0)   :  0.056 0.069 0.009 0.015 0.746 0.028 0.077 
 43 cent2126    (7)   :  0.012 0.014 0.009 0.011 0.930 0.011 0.013 
 44 yona1241   (14)   :  0.240 0.257 0.028 0.044 0.028 0.113 0.291 
 45 kore1280    (0)   :  0.237 0.272 0.009 0.047 0.024 0.104 0.308 
 46 tuvi1240    (0)   :  0.235 0.129 0.019 0.162 0.009 0.299 0.147 
 47 huzh1238    (7)   :  0.246 0.266 0.010 0.050 0.032 0.101 0.295 
 48 khak1248    (0)   :  0.122 0.048 0.010 0.382 0.008 0.413 0.016 
 49 oldu1238    (7)   :  0.132 0.048 0.013 0.366 0.008 0.414 0.020 
 50 nucl1643    (0)   :  0.009 0.009 0.008 0.008 0.945 0.010 0.011 
 51 orok1265   (14)   :  0.012 0.012 0.936 0.007 0.013 0.010 0.011 
 52 midd1372   (14)   :  0.239 0.283 0.015 0.050 0.013 0.113 0.287 
 53 mogh1245   (28)   :  0.134 0.171 0.081 0.287 0.038 0.143 0.146 
 54 uigh1240    (7)   :  0.030 0.065 0.007 0.644 0.007 0.233 0.015 
 55 kara1467   (14)   :  0.037 0.071 0.009 0.629 0.007 0.229 0.019 
 56 russ1264   (14)   :  0.131 0.059 0.016 0.360 0.011 0.397 0.027 
 57 sout2954    (0)   :  0.012 0.012 0.012 0.008 0.932 0.010 0.014 
 58 berj1234    (0)   :  0.016 0.015 0.923 0.010 0.009 0.012 0.015 
 59 kham1281    (0)   :  0.193 0.073 0.039 0.241 0.013 0.372 0.070 
 60 dolg1241    (0)   :  0.123 0.048 0.010 0.387 0.009 0.406 0.016 


Estimated Allele Frequencies in each cluster
First column gives estimated ancestral frequencies


Locus 1 : TE003 
2 alleles
3.3% missing data
   1   (0.455) 0.565 0.509 0.064 0.905 0.022 0.823 0.479 
   0   (0.545) 0.435 0.491 0.936 0.095 0.978 0.177 0.521 

Locus 2 : TE004 
2 alleles
3.3% missing data
   0   (0.830) 0.869 0.849 0.320 0.975 0.993 0.950 0.848 
   1   (0.170) 0.131 0.151 0.680 0.025 0.007 0.050 0.152 

Locus 3 : TE005 
2 alleles
18.3% missing data
   0   (0.777) 0.820 0.803 0.114 0.960 0.990 0.929 0.792 
   1   (0.223) 0.180 0.197 0.886 0.040 0.010 0.071 0.208 

Locus 4 : TE006 
2 alleles
26.7% missing data
   0   (0.614) 0.688 0.649 0.968 0.920 0.094 0.862 0.616 
   1   (0.386) 0.312 0.351 0.032 0.080 0.906 0.138 0.384 

Locus 5 : TE007 
2 alleles
6.7% missing data
   0   (0.727) 0.776 0.749 0.975 0.951 0.710 0.907 0.728 
   1   (0.273) 0.224 0.251 0.025 0.049 0.290 0.093 0.272 

Locus 6 : TE008 
2 alleles
1.7% missing data
   1   (0.578) 0.599 0.590 0.964 0.891 0.935 0.763 0.538 
   0   (0.422) 0.401 0.410 0.036 0.109 0.065 0.237 0.462 

Locus 7 : TE031 
2 alleles
1.7% missing data
   1   (0.795) 0.848 0.806 0.983 0.842 0.036 0.884 0.814 
   0   (0.205) 0.152 0.194 0.017 0.158 0.964 0.116 0.186 

Locus 8 : TE037 
2 alleles
1.7% missing data
   1   (0.493) 0.515 0.515 0.111 0.852 0.616 0.673 0.475 
   0   (0.507) 0.485 0.485 0.889 0.148 0.384 0.327 0.525 

Locus 9 : TE038 
2 alleles
1.7% missing data
   1   (0.696) 0.779 0.730 0.661 0.953 0.033 0.889 0.715 
   0   (0.304) 0.221 0.270 0.339 0.047 0.967 0.111 0.285 

Locus 10 : TE039 
2 alleles
5.0% missing data
   1   (0.580) 0.668 0.566 0.933 0.380 0.973 0.671 0.585 
   0   (0.420) 0.332 0.434 0.067 0.620 0.027 0.329 0.415 

Locus 11 : TE078 
2 alleles
3.3% missing data
   0   (0.814) 0.844 0.827 0.984 0.968 0.992 0.938 0.807 
   1   (0.186) 0.156 0.173 0.016 0.032 0.008 0.062 0.193 

Locus 12 : TS079 
2 alleles
10.0% missing data
   0   (0.859) 0.896 0.876 0.494 0.981 0.994 0.958 0.876 
   1   (0.141) 0.104 0.124 0.506 0.019 0.006 0.042 0.124 

Locus 13 : TS080 
2 alleles
10.0% missing data
   0   (0.732) 0.586 0.677 0.777 0.184 0.988 0.283 0.718 
   1   (0.268) 0.414 0.323 0.223 0.816 0.012 0.717 0.282 

Locus 14 : TS088 
2 alleles
1.7% missing data
   0   (0.515) 0.552 0.535 0.959 0.888 0.977 0.760 0.479 
   1   (0.485) 0.448 0.465 0.041 0.112 0.023 0.240 0.521 

Values of parameters used in structure:
DATAFILE=phonology_structure,	OUTFILE=outfile_phonology_structure_K7_run5,	NUMINDS=60,	NUMLOCI=14,	MISSING=-9,	LABEL=1,	POPDATA=0,	POPFLAG=0,	PHENOTYPE=0,	EXTRACOLS=0,	MAXPOPS=7,	BURNIN=10000,	NUMREPS=100000,	USEPOPINFO=0,	INFERALPHA=1,	INFERLAMBDA=0,	POPSPECIFICLAMBDA=0,	POPALPHAS=0,	COMPUTEPROB=1,	NOADMIX=0,	ADMBURNIN=500,	UPDATEFREQ=100,	PRINTLIKES=0,	INTERMEDSAVE=0,	PRINTKLD=0,	PRINTNET=1,	PRINTLAMBDA=1,	ANCESTDIST=0,	NUMBOXES=1000,	ANCESTPINT=0.90000,	GENSBACK=2,	MIGRPRIOR=0.01000,	PRINTQHAT=0,	PRINTQSUM=1,	ALPHA=1.0000,	FREQSCORR=1,	FPRIORMEAN=0.0100,	FPRIORSD=0.0500,	ONEFST=0,	LAMBDA=1.0000,	UNIFPRIORALPHA=1,	ALPHAMAX=10.0000,	ALPHAPRIORA=1.0000,	ALPHAPRIORB=2.0000,	ALPHAPROPSD=0.0250,	STARTATPOPINFO=0,	RANDOMIZE=1,	LINKAGE=0,	METROFREQ=10,	REPORTHITRATE=0,	MARKOVPHASE=0,	PHASED=0,	PLOIDY=1,	PHASEINFO=0	LOCPRIOR=0, 	LOCPRIORINIT=1.000000, 	LOCDATA=0, 	LOCISPOP=0, 	LOCPRIORSTEP=0.100000, 	MAXLOCPRIOR=20.000000, 	SEED=1641219203,	
[STRAT parameters]:    NUMSIMSTATS=1000,	PHENOTYPECOL=-9,	POOLFREQ=10,	LOCUSxONLY=0,	EMERROR=0.00100,	MISSINGPHENO=-9,	