

----------------------------------------------------
STRUCTURE by Pritchard, Stephens and Donnelly (2000)
     and Falush, Stephens and Pritchard (2003)
       Code by Pritchard, Falush and Hubisz
             Version 2.3.4 (Jul 2012)
----------------------------------------------------



Command line arguments:   ./structure -m mainparams -K 5 -i phonology_structure -L 14 -o outfile_phonology_structure_K5_run21 
Input File:    phonology_structure

Run parameters:
   60 individuals
   14 loci
   5 populations assumed
   10000 Burn-in period
   100000 Reps


--------------------------------------------
Overall proportion of membership of the
sample in each of the 5 clusters

Inferred Clusters
  1      2      3      4      5    
0.313  0.172  0.177  0.166  0.173  

--------------------------------------------

Allele-freq. divergence among pops (Net nucleotide distance),
computed using point estimates of P.

      1       2       3       4       5      
 1      -    0.2051  0.0959  0.1180  0.3265  
 2   0.2051     -    0.0461  0.0831  0.2193  
 3   0.0959  0.0461     -    0.0127  0.1906  
 4   0.1180  0.0831  0.0127     -    0.1705  
 5   0.3265  0.2193  0.1906  0.1705     -    

Average distances (expected heterozygosity) between individuals in same cluster:
cluster  1  : 0.0882 
cluster  2  : 0.3016 
cluster  3  : 0.3680 
cluster  4  : 0.3967 
cluster  5  : 0.1153 

--------------------------------------------
Estimated Ln Prob of Data   = -351.5
Mean value of ln likelihood = -229.9
Variance of ln likelihood   = 243.2
Mean value of alpha         = 0.0421

Mean value of Fst_1         = 0.7342
Mean value of Fst_2         = 0.4263
Mean value of Fst_3         = 0.3740
Mean value of Fst_4         = 0.1560
Mean value of Fst_5         = 0.6996


Inferred ancestry of individuals:
        Label (%Miss) :  Inferred clusters
  1 torg1245   (21)   :  0.697 0.022 0.169 0.095 0.017 
  2 oldj1239   (14)   :  0.033 0.467 0.241 0.196 0.063 
  3 crim1257    (0)   :  0.937 0.010 0.028 0.018 0.007 
  4 bash1264    (7)   :  0.931 0.011 0.030 0.022 0.007 
  5 anat1259    (0)   :  0.905 0.011 0.032 0.028 0.024 
  6 okin1246    (0)   :  0.010 0.009 0.009 0.010 0.962 
  7 yaku1245    (0)   :  0.406 0.060 0.336 0.183 0.015 
  8 daur1238    (0)   :  0.063 0.120 0.441 0.369 0.007 
  9 east2337   (14)   :  0.016 0.128 0.282 0.563 0.011 
 10 ikem1235    (7)   :  0.009 0.010 0.012 0.015 0.954 
 11 sibe1251    (0)   :  0.018 0.732 0.230 0.014 0.006 
 12 nort2697    (0)   :  0.897 0.012 0.035 0.031 0.024 
 13 bona1250    (0)   :  0.012 0.139 0.275 0.530 0.044 
 14 ulch1241   (14)   :  0.121 0.443 0.293 0.132 0.012 
 15 nort2935   (14)   :  0.010 0.018 0.018 0.018 0.936 
 16 gaga1249    (0)   :  0.744 0.014 0.129 0.068 0.044 
 17 tara1319    (0)   :  0.007 0.008 0.009 0.013 0.962 
 18 moma1245   (21)   :  0.019 0.706 0.230 0.033 0.013 
 19 manc1252    (0)   :  0.205 0.353 0.174 0.244 0.025 
 20 shor1247    (0)   :  0.727 0.012 0.166 0.086 0.009 
 21 kaza1248    (0)   :  0.933 0.012 0.031 0.017 0.007 
 22 midd1351   (14)   :  0.681 0.073 0.085 0.133 0.028 
 23 chag1247   (71)   :  0.199 0.129 0.249 0.321 0.102 
 24 huih1238   (14)   :  0.040 0.651 0.223 0.063 0.024 
 25 ordo1245    (0)   :  0.068 0.119 0.435 0.371 0.007 
 26 turk1303    (0)   :  0.714 0.014 0.170 0.093 0.010 
 27 negi1245    (0)   :  0.007 0.734 0.226 0.014 0.019 
 28 nana1257    (0)   :  0.012 0.724 0.230 0.022 0.012 
 29 nort2690    (7)   :  0.370 0.091 0.165 0.294 0.080 
 30 shur1243    (0)   :  0.008 0.012 0.013 0.013 0.955 
 31 minh1238    (0)   :  0.009 0.097 0.271 0.555 0.067 
 32 udih1248    (0)   :  0.022 0.705 0.230 0.025 0.017 
 33 oira1262   (14)   :  0.323 0.071 0.330 0.265 0.012 
 34 hate1238    (7)   :  0.061 0.039 0.044 0.047 0.811 
 35 tata1255    (0)   :  0.937 0.010 0.024 0.023 0.006 
 36 turk1304    (0)   :  0.715 0.013 0.173 0.090 0.009 
 37 oroc1248    (0)   :  0.026 0.711 0.221 0.026 0.016 
 38 chuv1255    (0)   :  0.313 0.081 0.291 0.286 0.029 
 39 noga1249   (14)   :  0.683 0.070 0.089 0.131 0.026 
 40 dong1285    (7)   :  0.017 0.128 0.286 0.554 0.014 
 41 halh1238   (14)   :  0.038 0.132 0.350 0.464 0.017 
 42 ogam1239    (0)   :  0.006 0.024 0.060 0.102 0.807 
 43 cent2126    (7)   :  0.012 0.011 0.011 0.012 0.954 
 44 yona1241   (14)   :  0.011 0.134 0.284 0.539 0.031 
 45 kore1280    (0)   :  0.009 0.120 0.293 0.550 0.028 
 46 tuvi1240    (0)   :  0.174 0.095 0.416 0.304 0.011 
 47 huzh1238    (7)   :  0.010 0.110 0.284 0.564 0.032 
 48 khak1248    (0)   :  0.728 0.013 0.163 0.087 0.009 
 49 oldu1238    (7)   :  0.704 0.017 0.175 0.095 0.009 
 50 nucl1643    (0)   :  0.010 0.008 0.009 0.009 0.964 
 51 orok1265   (14)   :  0.008 0.739 0.226 0.013 0.014 
 52 midd1372   (14)   :  0.007 0.121 0.283 0.575 0.014 
 53 mogh1245   (28)   :  0.441 0.180 0.137 0.189 0.052 
 54 uigh1240    (7)   :  0.933 0.010 0.028 0.022 0.008 
 55 kara1467   (14)   :  0.930 0.012 0.029 0.021 0.008 
 56 russ1264   (14)   :  0.703 0.021 0.171 0.092 0.013 
 57 sout2954    (0)   :  0.007 0.013 0.013 0.014 0.953 
 58 berj1234    (0)   :  0.010 0.738 0.227 0.015 0.010 
 59 kham1281    (0)   :  0.405 0.059 0.331 0.189 0.015 
 60 dolg1241    (0)   :  0.718 0.013 0.177 0.083 0.010 


Estimated Allele Frequencies in each cluster
First column gives estimated ancestral frequencies


Locus 1 : TE003 
2 alleles
3.3% missing data
   1   (0.461) 0.978 0.181 0.542 0.526 0.025 
   0   (0.539) 0.022 0.819 0.458 0.474 0.975 

Locus 2 : TE004 
2 alleles
3.3% missing data
   0   (0.808) 0.995 0.465 0.788 0.858 0.991 
   1   (0.192) 0.005 0.535 0.212 0.142 0.009 

Locus 3 : TE005 
2 alleles
18.3% missing data
   0   (0.763) 0.993 0.296 0.694 0.812 0.988 
   1   (0.237) 0.007 0.704 0.306 0.188 0.012 

Locus 4 : TE006 
2 alleles
26.7% missing data
   0   (0.597) 0.977 0.877 0.780 0.595 0.106 
   1   (0.403) 0.023 0.123 0.220 0.405 0.894 

Locus 5 : TE007 
2 alleles
6.7% missing data
   0   (0.704) 0.993 0.910 0.837 0.699 0.707 
   1   (0.296) 0.007 0.090 0.163 0.301 0.293 

Locus 6 : TE008 
2 alleles
1.7% missing data
   1   (0.599) 0.980 0.859 0.650 0.538 0.924 
   0   (0.401) 0.020 0.141 0.350 0.462 0.076 

Locus 7 : TE031 
2 alleles
1.7% missing data
   1   (0.761) 0.852 0.947 0.888 0.831 0.038 
   0   (0.239) 0.148 0.053 0.112 0.169 0.962 

Locus 8 : TE037 
2 alleles
1.7% missing data
   1   (0.508) 0.954 0.219 0.400 0.504 0.608 
   0   (0.492) 0.046 0.781 0.600 0.496 0.392 

Locus 9 : TE038 
2 alleles
1.7% missing data
   1   (0.682) 0.993 0.688 0.785 0.745 0.035 
   0   (0.318) 0.007 0.312 0.215 0.255 0.965 

Locus 10 : TE039 
2 alleles
5.0% missing data
   1   (0.600) 0.386 0.828 0.760 0.617 0.970 
   0   (0.400) 0.614 0.172 0.240 0.383 0.030 

Locus 11 : TE078 
2 alleles
3.3% missing data
   0   (0.807) 0.995 0.941 0.886 0.795 0.991 
   1   (0.193) 0.005 0.059 0.114 0.205 0.009 

Locus 12 : TS079 
2 alleles
10.0% missing data
   0   (0.833) 0.996 0.602 0.832 0.881 0.992 
   1   (0.167) 0.004 0.398 0.168 0.119 0.008 

Locus 13 : TS080 
2 alleles
10.0% missing data
   0   (0.707) 0.105 0.756 0.544 0.667 0.987 
   1   (0.293) 0.895 0.244 0.456 0.333 0.013 

Locus 14 : TS088 
2 alleles
1.7% missing data
   0   (0.532) 0.982 0.837 0.628 0.450 0.977 
   1   (0.468) 0.018 0.163 0.372 0.550 0.023 

Values of parameters used in structure:
DATAFILE=phonology_structure,	OUTFILE=outfile_phonology_structure_K5_run21,	NUMINDS=60,	NUMLOCI=14,	MISSING=-9,	LABEL=1,	POPDATA=0,	POPFLAG=0,	PHENOTYPE=0,	EXTRACOLS=0,	MAXPOPS=5,	BURNIN=10000,	NUMREPS=100000,	USEPOPINFO=0,	INFERALPHA=1,	INFERLAMBDA=0,	POPSPECIFICLAMBDA=0,	POPALPHAS=0,	COMPUTEPROB=1,	NOADMIX=0,	ADMBURNIN=500,	UPDATEFREQ=100,	PRINTLIKES=0,	INTERMEDSAVE=0,	PRINTKLD=0,	PRINTNET=1,	PRINTLAMBDA=1,	ANCESTDIST=0,	NUMBOXES=1000,	ANCESTPINT=0.90000,	GENSBACK=2,	MIGRPRIOR=0.01000,	PRINTQHAT=0,	PRINTQSUM=1,	ALPHA=1.0000,	FREQSCORR=1,	FPRIORMEAN=0.0100,	FPRIORSD=0.0500,	ONEFST=0,	LAMBDA=1.0000,	UNIFPRIORALPHA=1,	ALPHAMAX=10.0000,	ALPHAPRIORA=1.0000,	ALPHAPRIORB=2.0000,	ALPHAPROPSD=0.0250,	STARTATPOPINFO=0,	RANDOMIZE=1,	LINKAGE=0,	METROFREQ=10,	REPORTHITRATE=0,	MARKOVPHASE=0,	PHASED=0,	PLOIDY=1,	PHASEINFO=0	LOCPRIOR=0, 	LOCPRIORINIT=1.000000, 	LOCDATA=0, 	LOCISPOP=0, 	LOCPRIORSTEP=0.100000, 	MAXLOCPRIOR=20.000000, 	SEED=1641259079,	
[STRAT parameters]:    NUMSIMSTATS=1000,	PHENOTYPECOL=-9,	POOLFREQ=10,	LOCUSxONLY=0,	EMERROR=0.00100,	MISSINGPHENO=-9,	