

----------------------------------------------------
STRUCTURE by Pritchard, Stephens and Donnelly (2000)
     and Falush, Stephens and Pritchard (2003)
       Code by Pritchard, Falush and Hubisz
             Version 2.3.4 (Jul 2012)
----------------------------------------------------



Command line arguments:   ./structure -m mainparams -K 5 -i phonology_structure -L 14 -o outfile_phonology_structure_K5_run25 
Input File:    phonology_structure

Run parameters:
   60 individuals
   14 loci
   5 populations assumed
   10000 Burn-in period
   100000 Reps


--------------------------------------------
Overall proportion of membership of the
sample in each of the 5 clusters

Inferred Clusters
  1      2      3      4      5    
0.180  0.268  0.173  0.206  0.172  

--------------------------------------------

Allele-freq. divergence among pops (Net nucleotide distance),
computed using point estimates of P.

      1       2       3       4       5      
 1      -    0.2231  0.1425  0.1670  0.2638  
 2   0.2231     -    0.0679  0.0241  0.2781  
 3   0.1425  0.0679     -    0.0160  0.1738  
 4   0.1670  0.0241  0.0160     -    0.2237  
 5   0.2638  0.2781  0.1738  0.2237     -    

Average distances (expected heterozygosity) between individuals in same cluster:
cluster  1  : 0.2064 
cluster  2  : 0.1869 
cluster  3  : 0.3878 
cluster  4  : 0.3059 
cluster  5  : 0.1160 

--------------------------------------------
Estimated Ln Prob of Data   = -310.0
Mean value of ln likelihood = -223.9
Variance of ln likelihood   = 172.3
Mean value of alpha         = 0.0415

Mean value of Fst_1         = 0.5371
Mean value of Fst_2         = 0.6343
Mean value of Fst_3         = 0.2289
Mean value of Fst_4         = 0.4477
Mean value of Fst_5         = 0.6939


Inferred ancestry of individuals:
        Label (%Miss) :  Inferred clusters
  1 torg1245   (21)   :  0.018 0.504 0.133 0.328 0.017 
  2 oldj1239   (14)   :  0.570 0.069 0.205 0.096 0.059 
  3 crim1257    (0)   :  0.008 0.731 0.023 0.231 0.007 
  4 bash1264    (7)   :  0.008 0.736 0.020 0.229 0.007 
  5 anat1259    (0)   :  0.007 0.719 0.033 0.219 0.023 
  6 okin1246    (0)   :  0.008 0.010 0.010 0.009 0.963 
  7 yaku1245    (0)   :  0.038 0.265 0.254 0.430 0.014 
  8 daur1238    (0)   :  0.011 0.119 0.380 0.483 0.007 
  9 east2337   (14)   :  0.028 0.119 0.554 0.287 0.012 
 10 ikem1235    (7)   :  0.008 0.010 0.015 0.012 0.955 
 11 sibe1251    (0)   :  0.947 0.017 0.013 0.017 0.006 
 12 nort2697    (0)   :  0.007 0.720 0.029 0.221 0.023 
 13 bona1250    (0)   :  0.048 0.111 0.548 0.255 0.038 
 14 ulch1241   (14)   :  0.556 0.114 0.143 0.177 0.011 
 15 nort2935   (14)   :  0.021 0.012 0.019 0.013 0.936 
 16 gaga1249    (0)   :  0.011 0.563 0.096 0.285 0.046 
 17 tara1319    (0)   :  0.007 0.009 0.013 0.009 0.962 
 18 moma1245   (21)   :  0.904 0.019 0.036 0.028 0.013 
 19 manc1252    (0)   :  0.386 0.238 0.200 0.150 0.026 
 20 shor1247    (0)   :  0.012 0.523 0.129 0.327 0.009 
 21 kaza1248    (0)   :  0.008 0.736 0.021 0.228 0.006 
 22 midd1351   (14)   :  0.032 0.614 0.095 0.232 0.027 
 23 chag1247   (71)   :  0.053 0.255 0.317 0.272 0.103 
 24 huih1238   (14)   :  0.830 0.040 0.053 0.054 0.023 
 25 ordo1245    (0)   :  0.011 0.119 0.373 0.491 0.007 
 26 turk1303    (0)   :  0.012 0.520 0.125 0.333 0.010 
 27 negi1245    (0)   :  0.950 0.008 0.012 0.012 0.018 
 28 nana1257    (0)   :  0.942 0.013 0.018 0.016 0.011 
 29 nort2690    (7)   :  0.016 0.393 0.258 0.248 0.085 
 30 shur1243    (0)   :  0.013 0.009 0.013 0.011 0.954 
 31 minh1238    (0)   :  0.007 0.113 0.539 0.272 0.068 
 32 udih1248    (0)   :  0.905 0.024 0.028 0.025 0.017 
 33 oira1262   (14)   :  0.016 0.260 0.289 0.423 0.012 
 34 hate1238    (7)   :  0.040 0.056 0.043 0.045 0.815 
 35 tata1255    (0)   :  0.007 0.730 0.023 0.233 0.007 
 36 turk1304    (0)   :  0.012 0.515 0.128 0.335 0.010 
 37 oroc1248    (0)   :  0.918 0.025 0.021 0.021 0.015 
 38 chuv1255    (0)   :  0.015 0.300 0.298 0.355 0.032 
 39 noga1249   (14)   :  0.034 0.609 0.096 0.233 0.027 
 40 dong1285    (7)   :  0.022 0.123 0.567 0.273 0.014 
 41 halh1238   (14)   :  0.025 0.123 0.483 0.350 0.019 
 42 ogam1239    (0)   :  0.011 0.026 0.103 0.060 0.801 
 43 cent2126    (7)   :  0.011 0.011 0.013 0.012 0.952 
 44 yona1241   (14)   :  0.034 0.115 0.558 0.263 0.029 
 45 kore1280    (0)   :  0.011 0.110 0.567 0.286 0.027 
 46 tuvi1240    (0)   :  0.019 0.156 0.339 0.477 0.009 
 47 huzh1238    (7)   :  0.011 0.113 0.562 0.280 0.035 
 48 khak1248    (0)   :  0.012 0.518 0.127 0.334 0.009 
 49 oldu1238    (7)   :  0.015 0.508 0.124 0.344 0.009 
 50 nucl1643    (0)   :  0.008 0.009 0.009 0.010 0.964 
 51 orok1265   (14)   :  0.960 0.008 0.009 0.010 0.013 
 52 midd1372   (14)   :  0.020 0.115 0.581 0.270 0.014 
 53 mogh1245   (28)   :  0.155 0.422 0.160 0.208 0.055 
 54 uigh1240    (7)   :  0.008 0.728 0.025 0.232 0.007 
 55 kara1467   (14)   :  0.009 0.731 0.023 0.229 0.008 
 56 russ1264   (14)   :  0.018 0.516 0.125 0.328 0.013 
 57 sout2954    (0)   :  0.013 0.008 0.013 0.010 0.956 
 58 berj1234    (0)   :  0.953 0.010 0.014 0.013 0.010 
 59 kham1281    (0)   :  0.039 0.266 0.258 0.422 0.014 
 60 dolg1241    (0)   :  0.012 0.518 0.128 0.332 0.010 


Estimated Allele Frequencies in each cluster
First column gives estimated ancestral frequencies


Locus 1 : TE003 
2 alleles
3.3% missing data
   1   (0.435) 0.072 0.891 0.559 0.769 0.024 
   0   (0.565) 0.928 0.109 0.441 0.231 0.976 

Locus 2 : TE004 
2 alleles
3.3% missing data
   0   (0.809) 0.353 0.972 0.882 0.942 0.991 
   1   (0.191) 0.647 0.028 0.118 0.058 0.009 

Locus 3 : TE005 
2 alleles
18.3% missing data
   0   (0.750) 0.137 0.957 0.826 0.907 0.987 
   1   (0.250) 0.863 0.043 0.174 0.093 0.013 

Locus 4 : TE006 
2 alleles
26.7% missing data
   0   (0.593) 0.962 0.903 0.625 0.790 0.108 
   1   (0.407) 0.038 0.097 0.375 0.210 0.892 

Locus 5 : TE007 
2 alleles
6.7% missing data
   0   (0.704) 0.970 0.937 0.729 0.853 0.708 
   1   (0.296) 0.030 0.063 0.271 0.147 0.292 

Locus 6 : TE008 
2 alleles
1.7% missing data
   1   (0.613) 0.966 0.885 0.539 0.640 0.923 
   0   (0.387) 0.034 0.115 0.461 0.360 0.077 

Locus 7 : TE031 
2 alleles
1.7% missing data
   1   (0.734) 0.976 0.843 0.827 0.868 0.038 
   0   (0.266) 0.024 0.157 0.173 0.132 0.962 

Locus 8 : TE037 
2 alleles
1.7% missing data
   1   (0.505) 0.138 0.862 0.489 0.574 0.609 
   0   (0.495) 0.862 0.138 0.511 0.426 0.391 

Locus 9 : TE038 
2 alleles
1.7% missing data
   1   (0.656) 0.662 0.946 0.756 0.874 0.035 
   0   (0.344) 0.338 0.054 0.244 0.126 0.965 

Locus 10 : TE039 
2 alleles
5.0% missing data
   1   (0.616) 0.901 0.400 0.660 0.664 0.970 
   0   (0.384) 0.099 0.600 0.340 0.336 0.030 

Locus 11 : TE078 
2 alleles
3.3% missing data
   0   (0.796) 0.982 0.955 0.800 0.895 0.990 
   1   (0.204) 0.018 0.045 0.200 0.105 0.010 

Locus 12 : TS079 
2 alleles
10.0% missing data
   0   (0.833) 0.528 0.977 0.900 0.946 0.992 
   1   (0.167) 0.472 0.023 0.100 0.054 0.008 

Locus 13 : TS080 
2 alleles
10.0% missing data
   0   (0.706) 0.777 0.228 0.606 0.365 0.986 
   1   (0.294) 0.223 0.772 0.394 0.635 0.014 

Locus 14 : TS088 
2 alleles
1.7% missing data
   0   (0.553) 0.960 0.872 0.474 0.631 0.976 
   1   (0.447) 0.040 0.128 0.526 0.369 0.024 

Values of parameters used in structure:
DATAFILE=phonology_structure,	OUTFILE=outfile_phonology_structure_K5_run25,	NUMINDS=60,	NUMLOCI=14,	MISSING=-9,	LABEL=1,	POPDATA=0,	POPFLAG=0,	PHENOTYPE=0,	EXTRACOLS=0,	MAXPOPS=5,	BURNIN=10000,	NUMREPS=100000,	USEPOPINFO=0,	INFERALPHA=1,	INFERLAMBDA=0,	POPSPECIFICLAMBDA=0,	POPALPHAS=0,	COMPUTEPROB=1,	NOADMIX=0,	ADMBURNIN=500,	UPDATEFREQ=100,	PRINTLIKES=0,	INTERMEDSAVE=0,	PRINTKLD=0,	PRINTNET=1,	PRINTLAMBDA=1,	ANCESTDIST=0,	NUMBOXES=1000,	ANCESTPINT=0.90000,	GENSBACK=2,	MIGRPRIOR=0.01000,	PRINTQHAT=0,	PRINTQSUM=1,	ALPHA=1.0000,	FREQSCORR=1,	FPRIORMEAN=0.0100,	FPRIORSD=0.0500,	ONEFST=0,	LAMBDA=1.0000,	UNIFPRIORALPHA=1,	ALPHAMAX=10.0000,	ALPHAPRIORA=1.0000,	ALPHAPRIORB=2.0000,	ALPHAPROPSD=0.0250,	STARTATPOPINFO=0,	RANDOMIZE=1,	LINKAGE=0,	METROFREQ=10,	REPORTHITRATE=0,	MARKOVPHASE=0,	PHASED=0,	PLOIDY=1,	PHASEINFO=0	LOCPRIOR=0, 	LOCPRIORINIT=1.000000, 	LOCDATA=0, 	LOCISPOP=0, 	LOCPRIORSTEP=0.100000, 	MAXLOCPRIOR=20.000000, 	SEED=1641265854,	
[STRAT parameters]:    NUMSIMSTATS=1000,	PHENOTYPECOL=-9,	POOLFREQ=10,	LOCUSxONLY=0,	EMERROR=0.00100,	MISSINGPHENO=-9,	