

----------------------------------------------------
STRUCTURE by Pritchard, Stephens and Donnelly (2000)
     and Falush, Stephens and Pritchard (2003)
       Code by Pritchard, Falush and Hubisz
             Version 2.3.4 (Jul 2012)
----------------------------------------------------



Command line arguments:   ./structure -m mainparams -K 4 -i phonology_structure -L 14 -o outfile_phonology_structure_K4_run39 
Input File:    phonology_structure

Run parameters:
   60 individuals
   14 loci
   4 populations assumed
   10000 Burn-in period
   100000 Reps


--------------------------------------------
Overall proportion of membership of the
sample in each of the 4 clusters

Inferred Clusters
  1      2      3      4    
0.404  0.191  0.177  0.228  

--------------------------------------------

Allele-freq. divergence among pops (Net nucleotide distance),
computed using point estimates of P.

      1       2       3       4      
 1      -    0.2382  0.3191  0.1463  
 2   0.2382     -    0.2590  0.1428  
 3   0.3191  0.2590     -    0.1614  
 4   0.1463  0.1428  0.1614     -    

Average distances (expected heterozygosity) between individuals in same cluster:
cluster  1  : 0.1043 
cluster  2  : 0.2158 
cluster  3  : 0.1191 
cluster  4  : 0.4053 

--------------------------------------------
Estimated Ln Prob of Data   = -270.0
Mean value of ln likelihood = -237.6
Variance of ln likelihood   = 64.8
Mean value of alpha         = 0.0447

Mean value of Fst_1         = 0.6856
Mean value of Fst_2         = 0.5317
Mean value of Fst_3         = 0.6926
Mean value of Fst_4         = 0.0511


Inferred ancestry of individuals:
        Label (%Miss) :  Inferred clusters
  1 torg1245   (21)   :  0.940 0.017 0.015 0.028 
  2 oldj1239   (14)   :  0.031 0.643 0.066 0.260 
  3 crim1257    (0)   :  0.971 0.009 0.007 0.012 
  4 bash1264    (7)   :  0.969 0.009 0.007 0.015 
  5 anat1259    (0)   :  0.954 0.008 0.021 0.017 
  6 okin1246    (0)   :  0.010 0.009 0.970 0.011 
  7 yaku1245    (0)   :  0.861 0.064 0.018 0.057 
  8 daur1238    (0)   :  0.330 0.021 0.009 0.640 
  9 east2337   (14)   :  0.020 0.025 0.010 0.944 
 10 ikem1235    (7)   :  0.009 0.008 0.965 0.017 
 11 sibe1251    (0)   :  0.022 0.961 0.006 0.011 
 12 nort2697    (0)   :  0.955 0.008 0.022 0.015 
 13 bona1250    (0)   :  0.013 0.058 0.050 0.878 
 14 ulch1241   (14)   :  0.233 0.656 0.012 0.100 
 15 nort2935   (14)   :  0.012 0.020 0.951 0.018 
 16 gaga1249    (0)   :  0.934 0.010 0.037 0.018 
 17 tara1319    (0)   :  0.008 0.007 0.970 0.015 
 18 moma1245   (21)   :  0.021 0.932 0.014 0.033 
 19 manc1252    (0)   :  0.192 0.459 0.030 0.319 
 20 shor1247    (0)   :  0.965 0.012 0.010 0.013 
 21 kaza1248    (0)   :  0.973 0.009 0.007 0.011 
 22 midd1351   (14)   :  0.732 0.052 0.033 0.183 
 23 chag1247   (71)   :  0.264 0.067 0.124 0.545 
 24 huih1238   (14)   :  0.050 0.873 0.026 0.052 
 25 ordo1245    (0)   :  0.333 0.020 0.009 0.638 
 26 turk1303    (0)   :  0.968 0.012 0.009 0.012 
 27 negi1245    (0)   :  0.008 0.956 0.021 0.014 
 28 nana1257    (0)   :  0.013 0.957 0.012 0.018 
 29 nort2690    (7)   :  0.388 0.020 0.107 0.486 
 30 shur1243    (0)   :  0.008 0.014 0.964 0.014 
 31 minh1238    (0)   :  0.010 0.008 0.072 0.910 
 32 udih1248    (0)   :  0.027 0.931 0.018 0.025 
 33 oira1262   (14)   :  0.719 0.024 0.013 0.244 
 34 hate1238    (7)   :  0.064 0.046 0.838 0.052 
 35 tata1255    (0)   :  0.972 0.009 0.007 0.012 
 36 turk1304    (0)   :  0.964 0.012 0.010 0.014 
 37 oroc1248    (0)   :  0.026 0.931 0.016 0.027 
 38 chuv1255    (0)   :  0.636 0.016 0.033 0.315 
 39 noga1249   (14)   :  0.734 0.052 0.034 0.180 
 40 dong1285    (7)   :  0.019 0.031 0.015 0.935 
 41 halh1238   (14)   :  0.090 0.026 0.016 0.867 
 42 ogam1239    (0)   :  0.009 0.012 0.860 0.120 
 43 cent2126    (7)   :  0.014 0.011 0.962 0.013 
 44 yona1241   (14)   :  0.012 0.045 0.034 0.910 
 45 kore1280    (0)   :  0.011 0.011 0.026 0.951 
 46 tuvi1240    (0)   :  0.624 0.045 0.015 0.316 
 47 huzh1238    (7)   :  0.012 0.012 0.037 0.939 
 48 khak1248    (0)   :  0.967 0.011 0.009 0.012 
 49 oldu1238    (7)   :  0.962 0.015 0.010 0.014 
 50 nucl1643    (0)   :  0.010 0.009 0.971 0.010 
 51 orok1265   (14)   :  0.009 0.963 0.016 0.012 
 52 midd1372   (14)   :  0.007 0.023 0.015 0.955 
 53 mogh1245   (28)   :  0.435 0.225 0.055 0.285 
 54 uigh1240    (7)   :  0.970 0.008 0.008 0.014 
 55 kara1467   (14)   :  0.962 0.011 0.008 0.019 
 56 russ1264   (14)   :  0.948 0.020 0.013 0.020 
 57 sout2954    (0)   :  0.008 0.014 0.964 0.014 
 58 berj1234    (0)   :  0.011 0.965 0.010 0.014 
 59 kham1281    (0)   :  0.863 0.063 0.017 0.056 
 60 dolg1241    (0)   :  0.967 0.012 0.010 0.012 


Estimated Allele Frequencies in each cluster
First column gives estimated ancestral frequencies


Locus 1 : TE003 
2 alleles
3.3% missing data
   1   (0.409) 0.982 0.084 0.024 0.419 
   0   (0.591) 0.018 0.916 0.976 0.581 

Locus 2 : TE004 
2 alleles
3.3% missing data
   0   (0.825) 0.996 0.381 0.992 0.854 
   1   (0.175) 0.004 0.619 0.008 0.146 

Locus 3 : TE005 
2 alleles
18.3% missing data
   0   (0.760) 0.992 0.152 0.988 0.786 
   1   (0.240) 0.008 0.848 0.012 0.214 

Locus 4 : TE006 
2 alleles
26.7% missing data
   0   (0.563) 0.984 0.961 0.108 0.527 
   1   (0.437) 0.016 0.039 0.892 0.473 

Locus 5 : TE007 
2 alleles
6.7% missing data
   0   (0.666) 0.993 0.968 0.703 0.635 
   1   (0.334) 0.007 0.032 0.297 0.365 

Locus 6 : TE008 
2 alleles
1.7% missing data
   1   (0.546) 0.931 0.959 0.908 0.475 
   0   (0.454) 0.069 0.041 0.092 0.525 

Locus 7 : TE031 
2 alleles
1.7% missing data
   1   (0.778) 0.865 0.981 0.041 0.822 
   0   (0.222) 0.135 0.019 0.959 0.178 

Locus 8 : TE037 
2 alleles
1.7% missing data
   1   (0.507) 0.869 0.148 0.601 0.504 
   0   (0.493) 0.131 0.852 0.399 0.496 

Locus 9 : TE038 
2 alleles
1.7% missing data
   1   (0.655) 0.993 0.675 0.035 0.685 
   0   (0.345) 0.007 0.325 0.965 0.315 

Locus 10 : TE039 
2 alleles
5.0% missing data
   1   (0.585) 0.522 0.878 0.967 0.568 
   0   (0.415) 0.478 0.122 0.033 0.432 

Locus 11 : TE078 
2 alleles
3.3% missing data
   0   (0.786) 0.995 0.981 0.990 0.755 
   1   (0.214) 0.005 0.019 0.010 0.245 

Locus 12 : TS079 
2 alleles
10.0% missing data
   0   (0.832) 0.996 0.549 0.992 0.862 
   1   (0.168) 0.004 0.451 0.008 0.138 

Locus 13 : TS080 
2 alleles
10.0% missing data
   0   (0.737) 0.077 0.770 0.988 0.774 
   1   (0.263) 0.923 0.230 0.012 0.226 

Locus 14 : TS088 
2 alleles
1.7% missing data
   0   (0.480) 0.950 0.952 0.973 0.376 
   1   (0.520) 0.050 0.048 0.027 0.624 

Values of parameters used in structure:
DATAFILE=phonology_structure,	OUTFILE=outfile_phonology_structure_K4_run39,	NUMINDS=60,	NUMLOCI=14,	MISSING=-9,	LABEL=1,	POPDATA=0,	POPFLAG=0,	PHENOTYPE=0,	EXTRACOLS=0,	MAXPOPS=4,	BURNIN=10000,	NUMREPS=100000,	USEPOPINFO=0,	INFERALPHA=1,	INFERLAMBDA=0,	POPSPECIFICLAMBDA=0,	POPALPHAS=0,	COMPUTEPROB=1,	NOADMIX=0,	ADMBURNIN=500,	UPDATEFREQ=100,	PRINTLIKES=0,	INTERMEDSAVE=0,	PRINTKLD=0,	PRINTNET=1,	PRINTLAMBDA=1,	ANCESTDIST=0,	NUMBOXES=1000,	ANCESTPINT=0.90000,	GENSBACK=2,	MIGRPRIOR=0.01000,	PRINTQHAT=0,	PRINTQSUM=1,	ALPHA=1.0000,	FREQSCORR=1,	FPRIORMEAN=0.0100,	FPRIORSD=0.0500,	ONEFST=0,	LAMBDA=1.0000,	UNIFPRIORALPHA=1,	ALPHAMAX=10.0000,	ALPHAPRIORA=1.0000,	ALPHAPRIORB=2.0000,	ALPHAPROPSD=0.0250,	STARTATPOPINFO=0,	RANDOMIZE=1,	LINKAGE=0,	METROFREQ=10,	REPORTHITRATE=0,	MARKOVPHASE=0,	PHASED=0,	PLOIDY=1,	PHASEINFO=0	LOCPRIOR=0, 	LOCPRIORINIT=1.000000, 	LOCDATA=0, 	LOCISPOP=0, 	LOCPRIORSTEP=0.100000, 	MAXLOCPRIOR=20.000000, 	SEED=1641286540,	
[STRAT parameters]:    NUMSIMSTATS=1000,	PHENOTYPECOL=-9,	POOLFREQ=10,	LOCUSxONLY=0,	EMERROR=0.00100,	MISSINGPHENO=-9,	