

----------------------------------------------------
STRUCTURE by Pritchard, Stephens and Donnelly (2000)
     and Falush, Stephens and Pritchard (2003)
       Code by Pritchard, Falush and Hubisz
             Version 2.3.4 (Jul 2012)
----------------------------------------------------



Command line arguments:   ./structure -m mainparams -K 6 -i phonology_structure -L 14 -o outfile_phonology_structure_K6_run47 
Input File:    phonology_structure

Run parameters:
   60 individuals
   14 loci
   6 populations assumed
   10000 Burn-in period
   100000 Reps


--------------------------------------------
Overall proportion of membership of the
sample in each of the 6 clusters

Inferred Clusters
  1      2      3      4      5      6    
0.186  0.168  0.142  0.148  0.189  0.167  

--------------------------------------------

Allele-freq. divergence among pops (Net nucleotide distance),
computed using point estimates of P.

      1       2       3       4       5       6      
 1      -    0.1770  0.0120  0.0074  0.0009  0.2247  
 2   0.1770     -    0.1440  0.1502  0.1706  0.2735  
 3   0.0120  0.1440     -    0.0013  0.0070  0.1727  
 4   0.0074  0.1502  0.0013     -    0.0037  0.1878  
 5   0.0009  0.1706  0.0070  0.0037     -    0.2068  
 6   0.2247  0.2735  0.1727  0.1878  0.2068     -    

Average distances (expected heterozygosity) between individuals in same cluster:
cluster  1  : 0.2939 
cluster  2  : 0.1972 
cluster  3  : 0.3840 
cluster  4  : 0.3586 
cluster  5  : 0.3183 
cluster  6  : 0.1120 

--------------------------------------------
Estimated Ln Prob of Data   = -332.6
Mean value of ln likelihood = -230.3
Variance of ln likelihood   = 204.8
Mean value of alpha         = 0.0407

Mean value of Fst_1         = 0.4618
Mean value of Fst_2         = 0.5703
Mean value of Fst_3         = 0.2290
Mean value of Fst_4         = 0.2968
Mean value of Fst_5         = 0.4241
Mean value of Fst_6         = 0.7075


Inferred ancestry of individuals:
        Label (%Miss) :  Inferred clusters
  1 torg1245   (21)   :  0.308 0.016 0.130 0.190 0.340 0.016 
  2 oldj1239   (14)   :  0.106 0.429 0.170 0.131 0.108 0.056 
  3 crim1257    (0)   :  0.353 0.007 0.161 0.134 0.337 0.006 
  4 bash1264    (7)   :  0.358 0.007 0.165 0.131 0.332 0.006 
  5 anat1259    (0)   :  0.347 0.007 0.171 0.136 0.316 0.024 
  6 okin1246    (0)   :  0.008 0.008 0.010 0.009 0.010 0.955 
  7 yaku1245    (0)   :  0.289 0.045 0.153 0.252 0.246 0.015 
  8 daur1238    (0)   :  0.244 0.012 0.226 0.310 0.202 0.007 
  9 east2337   (14)   :  0.176 0.020 0.291 0.283 0.221 0.010 
 10 ikem1235    (7)   :  0.012 0.008 0.016 0.015 0.015 0.935 
 11 sibe1251    (0)   :  0.016 0.929 0.017 0.017 0.016 0.006 
 12 nort2697    (0)   :  0.331 0.007 0.176 0.143 0.320 0.023 
 13 bona1250    (0)   :  0.163 0.041 0.277 0.262 0.217 0.040 
 14 ulch1241   (14)   :  0.122 0.510 0.109 0.129 0.119 0.011 
 15 nort2935   (14)   :  0.015 0.020 0.022 0.017 0.016 0.910 
 16 gaga1249    (0)   :  0.305 0.010 0.152 0.160 0.322 0.050 
 17 tara1319    (0)   :  0.010 0.006 0.015 0.014 0.012 0.942 
 18 moma1245   (21)   :  0.029 0.868 0.034 0.031 0.026 0.012 
 19 manc1252    (0)   :  0.171 0.262 0.206 0.173 0.166 0.022 
 20 shor1247    (0)   :  0.329 0.010 0.128 0.178 0.346 0.009 
 21 kaza1248    (0)   :  0.360 0.007 0.162 0.128 0.336 0.006 
 22 midd1351   (14)   :  0.295 0.029 0.198 0.171 0.283 0.024 
 23 chag1247   (71)   :  0.198 0.043 0.230 0.223 0.216 0.089 
 24 huih1238   (14)   :  0.050 0.772 0.057 0.053 0.046 0.022 
 25 ordo1245    (0)   :  0.243 0.013 0.219 0.304 0.214 0.007 
 26 turk1303    (0)   :  0.325 0.010 0.130 0.181 0.344 0.009 
 27 negi1245    (0)   :  0.012 0.928 0.016 0.014 0.011 0.020 
 28 nana1257    (0)   :  0.016 0.920 0.018 0.017 0.016 0.012 
 29 nort2690    (7)   :  0.227 0.012 0.229 0.220 0.242 0.070 
 30 shur1243    (0)   :  0.011 0.013 0.013 0.012 0.011 0.940 
 31 minh1238    (0)   :  0.168 0.007 0.305 0.256 0.209 0.055 
 32 udih1248    (0)   :  0.035 0.852 0.037 0.032 0.026 0.018 
 33 oira1262   (14)   :  0.281 0.015 0.181 0.265 0.248 0.010 
 34 hate1238    (7)   :  0.053 0.031 0.052 0.054 0.046 0.763 
 35 tata1255    (0)   :  0.359 0.007 0.159 0.131 0.338 0.006 
 36 turk1304    (0)   :  0.326 0.011 0.131 0.179 0.344 0.009 
 37 oroc1248    (0)   :  0.024 0.881 0.028 0.025 0.026 0.016 
 38 chuv1255    (0)   :  0.234 0.013 0.275 0.249 0.208 0.022 
 39 noga1249   (14)   :  0.288 0.029 0.197 0.177 0.282 0.026 
 40 dong1285    (7)   :  0.173 0.021 0.293 0.262 0.237 0.014 
 41 halh1238   (14)   :  0.209 0.018 0.255 0.266 0.236 0.016 
 42 ogam1239    (0)   :  0.045 0.010 0.081 0.069 0.064 0.730 
 43 cent2126    (7)   :  0.013 0.010 0.014 0.015 0.015 0.933 
 44 yona1241   (14)   :  0.172 0.029 0.310 0.247 0.216 0.027 
 45 kore1280    (0)   :  0.174 0.010 0.277 0.276 0.238 0.025 
 46 tuvi1240    (0)   :  0.269 0.023 0.198 0.287 0.213 0.010 
 47 huzh1238    (7)   :  0.184 0.011 0.274 0.255 0.243 0.033 
 48 khak1248    (0)   :  0.318 0.011 0.134 0.190 0.339 0.009 
 49 oldu1238    (7)   :  0.323 0.014 0.132 0.189 0.333 0.009 
 50 nucl1643    (0)   :  0.010 0.008 0.010 0.009 0.010 0.953 
 51 orok1265   (14)   :  0.012 0.939 0.013 0.012 0.010 0.014 
 52 midd1372   (14)   :  0.180 0.017 0.297 0.274 0.219 0.013 
 53 mogh1245   (28)   :  0.219 0.109 0.207 0.189 0.229 0.047 
 54 uigh1240    (7)   :  0.361 0.007 0.164 0.129 0.331 0.007 
 55 kara1467   (14)   :  0.353 0.009 0.164 0.132 0.334 0.008 
 56 russ1264   (14)   :  0.317 0.016 0.134 0.182 0.339 0.012 
 57 sout2954    (0)   :  0.009 0.013 0.012 0.012 0.010 0.945 
 58 berj1234    (0)   :  0.012 0.937 0.016 0.014 0.012 0.009 
 59 kham1281    (0)   :  0.289 0.045 0.144 0.250 0.257 0.014 
 60 dolg1241    (0)   :  0.332 0.011 0.126 0.183 0.339 0.009 


Estimated Allele Frequencies in each cluster
First column gives estimated ancestral frequencies


Locus 1 : TE003 
2 alleles
3.3% missing data
   1   (0.462) 0.760 0.070 0.591 0.648 0.727 0.024 
   0   (0.538) 0.240 0.930 0.409 0.352 0.273 0.976 

Locus 2 : TE004 
2 alleles
3.3% missing data
   0   (0.817) 0.926 0.332 0.861 0.895 0.922 0.992 
   1   (0.183) 0.074 0.668 0.139 0.105 0.078 0.008 

Locus 3 : TE005 
2 alleles
18.3% missing data
   0   (0.771) 0.904 0.123 0.831 0.858 0.893 0.988 
   1   (0.229) 0.096 0.877 0.169 0.142 0.107 0.012 

Locus 4 : TE006 
2 alleles
26.7% missing data
   0   (0.601) 0.816 0.966 0.682 0.721 0.767 0.100 
   1   (0.399) 0.184 0.034 0.318 0.279 0.233 0.900 

Locus 5 : TE007 
2 alleles
6.7% missing data
   0   (0.697) 0.866 0.972 0.766 0.796 0.828 0.713 
   1   (0.303) 0.134 0.028 0.234 0.204 0.172 0.287 

Locus 6 : TE008 
2 alleles
1.7% missing data
   1   (0.583) 0.742 0.965 0.643 0.637 0.724 0.933 
   0   (0.417) 0.258 0.035 0.357 0.363 0.276 0.067 

Locus 7 : TE031 
2 alleles
1.7% missing data
   1   (0.728) 0.844 0.978 0.774 0.825 0.829 0.036 
   0   (0.272) 0.156 0.022 0.226 0.175 0.171 0.964 

Locus 8 : TE037 
2 alleles
1.7% missing data
   1   (0.480) 0.683 0.114 0.558 0.566 0.678 0.615 
   0   (0.520) 0.317 0.886 0.442 0.434 0.322 0.385 

Locus 9 : TE038 
2 alleles
1.7% missing data
   1   (0.667) 0.867 0.668 0.759 0.797 0.847 0.034 
   0   (0.333) 0.133 0.332 0.241 0.203 0.153 0.966 

Locus 10 : TE039 
2 alleles
5.0% missing data
   1   (0.597) 0.552 0.925 0.547 0.616 0.565 0.972 
   0   (0.403) 0.448 0.075 0.453 0.384 0.435 0.028 

Locus 11 : TE078 
2 alleles
3.3% missing data
   0   (0.828) 0.918 0.986 0.858 0.871 0.892 0.992 
   1   (0.172) 0.082 0.014 0.142 0.129 0.108 0.008 

Locus 12 : TS079 
2 alleles
10.0% missing data
   0   (0.840) 0.942 0.508 0.890 0.908 0.938 0.993 
   1   (0.160) 0.058 0.492 0.110 0.092 0.062 0.007 

Locus 13 : TS080 
2 alleles
10.0% missing data
   0   (0.671) 0.336 0.770 0.531 0.489 0.406 0.985 
   1   (0.329) 0.664 0.230 0.469 0.511 0.594 0.015 

Locus 14 : TS088 
2 alleles
1.7% missing data
   0   (0.548) 0.728 0.962 0.603 0.614 0.700 0.978 
   1   (0.452) 0.272 0.038 0.397 0.386 0.300 0.022 

Values of parameters used in structure:
DATAFILE=phonology_structure,	OUTFILE=outfile_phonology_structure_K6_run47,	NUMINDS=60,	NUMLOCI=14,	MISSING=-9,	LABEL=1,	POPDATA=0,	POPFLAG=0,	PHENOTYPE=0,	EXTRACOLS=0,	MAXPOPS=6,	BURNIN=10000,	NUMREPS=100000,	USEPOPINFO=0,	INFERALPHA=1,	INFERLAMBDA=0,	POPSPECIFICLAMBDA=0,	POPALPHAS=0,	COMPUTEPROB=1,	NOADMIX=0,	ADMBURNIN=500,	UPDATEFREQ=100,	PRINTLIKES=0,	INTERMEDSAVE=0,	PRINTKLD=0,	PRINTNET=1,	PRINTLAMBDA=1,	ANCESTDIST=0,	NUMBOXES=1000,	ANCESTPINT=0.90000,	GENSBACK=2,	MIGRPRIOR=0.01000,	PRINTQHAT=0,	PRINTQSUM=1,	ALPHA=1.0000,	FREQSCORR=1,	FPRIORMEAN=0.0100,	FPRIORSD=0.0500,	ONEFST=0,	LAMBDA=1.0000,	UNIFPRIORALPHA=1,	ALPHAMAX=10.0000,	ALPHAPRIORA=1.0000,	ALPHAPRIORB=2.0000,	ALPHAPROPSD=0.0250,	STARTATPOPINFO=0,	RANDOMIZE=1,	LINKAGE=0,	METROFREQ=10,	REPORTHITRATE=0,	MARKOVPHASE=0,	PHASED=0,	PLOIDY=1,	PHASEINFO=0	LOCPRIOR=0, 	LOCPRIORINIT=1.000000, 	LOCDATA=0, 	LOCISPOP=0, 	LOCPRIORSTEP=0.100000, 	MAXLOCPRIOR=20.000000, 	SEED=1641291123,	
[STRAT parameters]:    NUMSIMSTATS=1000,	PHENOTYPECOL=-9,	POOLFREQ=10,	LOCUSxONLY=0,	EMERROR=0.00100,	MISSINGPHENO=-9,	