

----------------------------------------------------
STRUCTURE by Pritchard, Stephens and Donnelly (2000)
     and Falush, Stephens and Pritchard (2003)
       Code by Pritchard, Falush and Hubisz
             Version 2.3.4 (Jul 2012)
----------------------------------------------------



Command line arguments:   ./structure -m mainparams -K 3 -i phonology_structure -L 14 -o outfile_phonology_structure_K3_run30 
Input File:    phonology_structure

Run parameters:
   60 individuals
   14 loci
   3 populations assumed
   10000 Burn-in period
   100000 Reps


--------------------------------------------
Overall proportion of membership of the
sample in each of the 3 clusters

Inferred Clusters
  1      2      3    
0.349  0.209  0.442  

--------------------------------------------

Allele-freq. divergence among pops (Net nucleotide distance),
computed using point estimates of P.

      1       2       3      
 1      -    0.1483  0.1497  
 2   0.1483     -    0.2875  
 3   0.1497  0.2875     -    

Average distances (expected heterozygosity) between individuals in same cluster:
cluster  1  : 0.3867 
cluster  2  : 0.1732 
cluster  3  : 0.1259 

--------------------------------------------
Estimated Ln Prob of Data   = -300.1
Mean value of ln likelihood = -276.1
Variance of ln likelihood   = 48.1
Mean value of alpha         = 0.0516

Mean value of Fst_1         = 0.0880
Mean value of Fst_2         = 0.6077
Mean value of Fst_3         = 0.6376


Inferred ancestry of individuals:
        Label (%Miss) :  Inferred clusters
  1 torg1245   (21)   :  0.030 0.020 0.950 
  2 oldj1239   (14)   :  0.866 0.113 0.021 
  3 crim1257    (0)   :  0.012 0.009 0.979 
  4 bash1264    (7)   :  0.012 0.009 0.979 
  5 anat1259    (0)   :  0.013 0.026 0.962 
  6 okin1246    (0)   :  0.013 0.975 0.012 
  7 yaku1245    (0)   :  0.046 0.018 0.936 
  8 daur1238    (0)   :  0.346 0.023 0.631 
  9 east2337   (14)   :  0.825 0.133 0.042 
 10 ikem1235    (7)   :  0.015 0.973 0.012 
 11 sibe1251    (0)   :  0.957 0.010 0.033 
 12 nort2697    (0)   :  0.012 0.028 0.960 
 13 bona1250    (0)   :  0.801 0.183 0.017 
 14 ulch1241   (14)   :  0.678 0.017 0.305 
 15 nort2935   (14)   :  0.030 0.955 0.015 
 16 gaga1249    (0)   :  0.016 0.039 0.945 
 17 tara1319    (0)   :  0.011 0.979 0.010 
 18 moma1245   (21)   :  0.925 0.023 0.052 
 19 manc1252    (0)   :  0.819 0.056 0.125 
 20 shor1247    (0)   :  0.016 0.011 0.973 
 21 kaza1248    (0)   :  0.012 0.008 0.980 
 22 midd1351   (14)   :  0.127 0.044 0.829 
 23 chag1247   (71)   :  0.368 0.210 0.423 
 24 huih1238   (14)   :  0.916 0.028 0.055 
 25 ordo1245    (0)   :  0.332 0.022 0.646 
 26 turk1303    (0)   :  0.015 0.011 0.974 
 27 negi1245    (0)   :  0.951 0.036 0.013 
 28 nana1257    (0)   :  0.965 0.017 0.018 
 29 nort2690    (7)   :  0.251 0.217 0.532 
 30 shur1243    (0)   :  0.019 0.970 0.011 
 31 minh1238    (0)   :  0.671 0.308 0.021 
 32 udih1248    (0)   :  0.941 0.025 0.034 
 33 oira1262   (14)   :  0.129 0.018 0.853 
 34 hate1238    (7)   :  0.069 0.865 0.067 
 35 tata1255    (0)   :  0.012 0.008 0.980 
 36 turk1304    (0)   :  0.015 0.011 0.974 
 37 oroc1248    (0)   :  0.963 0.015 0.021 
 38 chuv1255    (0)   :  0.113 0.047 0.840 
 39 noga1249   (14)   :  0.129 0.049 0.822 
 40 dong1285    (7)   :  0.825 0.146 0.029 
 41 halh1238   (14)   :  0.672 0.097 0.231 
 42 ogam1239    (0)   :  0.078 0.911 0.011 
 43 cent2126    (7)   :  0.018 0.965 0.017 
 44 yona1241   (14)   :  0.824 0.161 0.015 
 45 kore1280    (0)   :  0.792 0.186 0.022 
 46 tuvi1240    (0)   :  0.150 0.020 0.830 
 47 huzh1238    (7)   :  0.771 0.210 0.019 
 48 khak1248    (0)   :  0.015 0.011 0.974 
 49 oldu1238    (7)   :  0.021 0.011 0.968 
 50 nucl1643    (0)   :  0.013 0.975 0.012 
 51 orok1265   (14)   :  0.956 0.030 0.014 
 52 midd1372   (14)   :  0.836 0.155 0.009 
 53 mogh1245   (28)   :  0.435 0.101 0.464 
 54 uigh1240    (7)   :  0.013 0.010 0.977 
 55 kara1467   (14)   :  0.016 0.010 0.974 
 56 russ1264   (14)   :  0.025 0.014 0.960 
 57 sout2954    (0)   :  0.020 0.969 0.011 
 58 berj1234    (0)   :  0.965 0.017 0.019 
 59 kham1281    (0)   :  0.050 0.016 0.934 
 60 dolg1241    (0)   :  0.015 0.011 0.974 


Estimated Allele Frequencies in each cluster
First column gives estimated ancestral frequencies


Locus 1 : TE003 
2 alleles
3.3% missing data
   1   (0.301) 0.243 0.045 0.976 
   0   (0.699) 0.757 0.955 0.024 

Locus 2 : TE004 
2 alleles
3.3% missing data
   0   (0.695) 0.623 0.973 0.992 
   1   (0.305) 0.377 0.027 0.008 

Locus 3 : TE005 
2 alleles
18.3% missing data
   0   (0.539) 0.427 0.959 0.979 
   1   (0.461) 0.573 0.041 0.021 

Locus 4 : TE006 
2 alleles
26.7% missing data
   0   (0.681) 0.751 0.146 0.984 
   1   (0.319) 0.249 0.854 0.016 

Locus 5 : TE007 
2 alleles
6.7% missing data
   0   (0.738) 0.777 0.682 0.994 
   1   (0.262) 0.223 0.318 0.006 

Locus 6 : TE008 
2 alleles
1.7% missing data
   1   (0.667) 0.712 0.861 0.885 
   0   (0.333) 0.288 0.139 0.115 

Locus 7 : TE031 
2 alleles
1.7% missing data
   1   (0.802) 0.886 0.111 0.868 
   0   (0.198) 0.114 0.889 0.132 

Locus 8 : TE037 
2 alleles
1.7% missing data
   1   (0.406) 0.344 0.581 0.810 
   0   (0.594) 0.656 0.419 0.190 

Locus 9 : TE038 
2 alleles
1.7% missing data
   1   (0.649) 0.674 0.091 0.992 
   0   (0.351) 0.326 0.909 0.008 

Locus 10 : TE039 
2 alleles
5.0% missing data
   1   (0.668) 0.706 0.926 0.543 
   0   (0.332) 0.294 0.074 0.457 

Locus 11 : TE078 
2 alleles
3.3% missing data
   0   (0.820) 0.842 0.963 0.996 
   1   (0.180) 0.158 0.037 0.004 

Locus 12 : TS079 
2 alleles
10.0% missing data
   0   (0.775) 0.733 0.981 0.994 
   1   (0.225) 0.267 0.019 0.006 

Locus 13 : TS080 
2 alleles
10.0% missing data
   0   (0.768) 0.792 0.983 0.105 
   1   (0.232) 0.208 0.017 0.895 

Locus 14 : TS088 
2 alleles
1.7% missing data
   0   (0.611) 0.640 0.913 0.915 
   1   (0.389) 0.360 0.087 0.085 

Values of parameters used in structure:
DATAFILE=phonology_structure,	OUTFILE=outfile_phonology_structure_K3_run30,	NUMINDS=60,	NUMLOCI=14,	MISSING=-9,	LABEL=1,	POPDATA=0,	POPFLAG=0,	PHENOTYPE=0,	EXTRACOLS=0,	MAXPOPS=3,	BURNIN=10000,	NUMREPS=100000,	USEPOPINFO=0,	INFERALPHA=1,	INFERLAMBDA=0,	POPSPECIFICLAMBDA=0,	POPALPHAS=0,	COMPUTEPROB=1,	NOADMIX=0,	ADMBURNIN=500,	UPDATEFREQ=100,	PRINTLIKES=0,	INTERMEDSAVE=0,	PRINTKLD=0,	PRINTNET=1,	PRINTLAMBDA=1,	ANCESTDIST=0,	NUMBOXES=1000,	ANCESTPINT=0.90000,	GENSBACK=2,	MIGRPRIOR=0.01000,	PRINTQHAT=0,	PRINTQSUM=1,	ALPHA=1.0000,	FREQSCORR=1,	FPRIORMEAN=0.0100,	FPRIORSD=0.0500,	ONEFST=0,	LAMBDA=1.0000,	UNIFPRIORALPHA=1,	ALPHAMAX=10.0000,	ALPHAPRIORA=1.0000,	ALPHAPRIORB=2.0000,	ALPHAPROPSD=0.0250,	STARTATPOPINFO=0,	RANDOMIZE=1,	LINKAGE=0,	METROFREQ=10,	REPORTHITRATE=0,	MARKOVPHASE=0,	PHASED=0,	PLOIDY=1,	PHASEINFO=0	LOCPRIOR=0, 	LOCPRIORINIT=1.000000, 	LOCDATA=0, 	LOCISPOP=0, 	LOCPRIORSTEP=0.100000, 	MAXLOCPRIOR=20.000000, 	SEED=1641277878,	
[STRAT parameters]:    NUMSIMSTATS=1000,	PHENOTYPECOL=-9,	POOLFREQ=10,	LOCUSxONLY=0,	EMERROR=0.00100,	MISSINGPHENO=-9,	