

----------------------------------------------------
STRUCTURE by Pritchard, Stephens and Donnelly (2000)
     and Falush, Stephens and Pritchard (2003)
       Code by Pritchard, Falush and Hubisz
             Version 2.3.4 (Jul 2012)
----------------------------------------------------



Command line arguments:   ./structure -m mainparams -K 7 -i phonology_structure -L 14 -o outfile_phonology_structure_K7_run45 
Input File:    phonology_structure

Run parameters:
   60 individuals
   14 loci
   7 populations assumed
   10000 Burn-in period
   100000 Reps


--------------------------------------------
Overall proportion of membership of the
sample in each of the 7 clusters

Inferred Clusters
  1      2      3      4      5      6      7    
0.104  0.160  0.160  0.161  0.092  0.162  0.160  

--------------------------------------------

Allele-freq. divergence among pops (Net nucleotide distance),
computed using point estimates of P.

      1       2       3       4       5       6       7      
 1      -    0.0198  0.0395  0.0192  0.0021  0.1531  0.1456  
 2   0.0198     -    0.0086  0.0006  0.0315  0.2108  0.1780  
 3   0.0395  0.0086     -    0.0114  0.0583  0.2591  0.1927  
 4   0.0192  0.0006  0.0114     -    0.0301  0.2024  0.1785  
 5   0.0021  0.0315  0.0583  0.0301     -    0.1391  0.1409  
 6   0.1531  0.2108  0.2591  0.2024  0.1391     -    0.2776  
 7   0.1456  0.1780  0.1927  0.1785  0.1409  0.2776     -    

Average distances (expected heterozygosity) between individuals in same cluster:
cluster  1  : 0.3915 
cluster  2  : 0.3150 
cluster  3  : 0.2468 
cluster  4  : 0.3143 
cluster  5  : 0.4096 
cluster  6  : 0.1089 
cluster  7  : 0.1943 

--------------------------------------------
Estimated Ln Prob of Data   = -355.7
Mean value of ln likelihood = -232.3
Variance of ln likelihood   = 246.8
Mean value of alpha         = 0.0392

Mean value of Fst_1         = 0.1478
Mean value of Fst_2         = 0.3926
Mean value of Fst_3         = 0.5487
Mean value of Fst_4         = 0.4156
Mean value of Fst_5         = 0.0000
Mean value of Fst_6         = 0.7111
Mean value of Fst_7         = 0.5901


Inferred ancestry of individuals:
        Label (%Miss) :  Inferred clusters
  1 torg1245   (21)   :  0.110 0.225 0.315 0.283 0.036 0.015 0.015 
  2 oldj1239   (14)   :  0.152 0.089 0.053 0.109 0.190 0.053 0.354 
  3 crim1257    (0)   :  0.023 0.370 0.224 0.357 0.013 0.006 0.007 
  4 bash1264    (7)   :  0.022 0.371 0.234 0.347 0.013 0.006 0.007 
  5 anat1259    (0)   :  0.032 0.370 0.213 0.327 0.030 0.023 0.007 
  6 okin1246    (0)   :  0.012 0.010 0.009 0.011 0.011 0.941 0.007 
  7 yaku1245    (0)   :  0.144 0.157 0.430 0.179 0.041 0.013 0.035 
  8 daur1238    (0)   :  0.186 0.170 0.413 0.097 0.113 0.007 0.014 
  9 east2337   (14)   :  0.279 0.151 0.098 0.150 0.289 0.009 0.023 
 10 ikem1235    (7)   :  0.019 0.013 0.011 0.014 0.020 0.915 0.008 
 11 sibe1251    (0)   :  0.017 0.018 0.020 0.015 0.015 0.005 0.910 
 12 nort2697    (0)   :  0.034 0.365 0.216 0.334 0.022 0.022 0.007 
 13 bona1250    (0)   :  0.261 0.146 0.071 0.150 0.306 0.034 0.032 
 14 ulch1241   (14)   :  0.097 0.102 0.164 0.094 0.079 0.010 0.454 
 15 nort2935   (14)   :  0.021 0.015 0.012 0.018 0.025 0.891 0.017 
 16 gaga1249    (0)   :  0.079 0.277 0.271 0.276 0.036 0.050 0.010 
 17 tara1319    (0)   :  0.015 0.011 0.008 0.012 0.015 0.933 0.006 
 18 moma1245   (21)   :  0.033 0.030 0.028 0.024 0.037 0.013 0.835 
 19 manc1252    (0)   :  0.166 0.153 0.096 0.165 0.219 0.019 0.184 
 20 shor1247    (0)   :  0.101 0.234 0.328 0.304 0.014 0.008 0.011 
 21 kaza1248    (0)   :  0.026 0.368 0.227 0.353 0.012 0.006 0.008 
 22 midd1351   (14)   :  0.112 0.280 0.178 0.266 0.113 0.024 0.026 
 23 chag1247   (71)   :  0.194 0.171 0.144 0.168 0.210 0.079 0.035 
 24 huih1238   (14)   :  0.054 0.049 0.055 0.043 0.059 0.021 0.719 
 25 ordo1245    (0)   :  0.183 0.171 0.415 0.095 0.116 0.006 0.014 
 26 turk1303    (0)   :  0.103 0.230 0.327 0.304 0.016 0.009 0.011 
 27 negi1245    (0)   :  0.017 0.015 0.013 0.011 0.016 0.020 0.909 
 28 nana1257    (0)   :  0.023 0.018 0.017 0.015 0.021 0.011 0.894 
 29 nort2690    (7)   :  0.187 0.195 0.135 0.215 0.210 0.045 0.012 
 30 shur1243    (0)   :  0.014 0.011 0.008 0.011 0.016 0.927 0.013 
 31 minh1238    (0)   :  0.282 0.148 0.071 0.148 0.293 0.050 0.008 
 32 udih1248    (0)   :  0.028 0.026 0.030 0.023 0.030 0.015 0.848 
 33 oira1262   (14)   :  0.176 0.182 0.341 0.172 0.105 0.010 0.014 
 34 hate1238    (7)   :  0.053 0.054 0.040 0.046 0.054 0.724 0.030 
 35 tata1255    (0)   :  0.020 0.374 0.217 0.364 0.012 0.006 0.007 
 36 turk1304    (0)   :  0.103 0.228 0.332 0.304 0.014 0.009 0.010 
 37 oroc1248    (0)   :  0.025 0.025 0.025 0.021 0.027 0.015 0.862 
 38 chuv1255    (0)   :  0.153 0.221 0.259 0.159 0.174 0.021 0.013 
 39 noga1249   (14)   :  0.101 0.288 0.184 0.262 0.118 0.023 0.024 
 40 dong1285    (7)   :  0.253 0.162 0.075 0.155 0.326 0.012 0.018 
 41 halh1238   (14)   :  0.224 0.175 0.167 0.147 0.253 0.015 0.020 
 42 ogam1239    (0)   :  0.088 0.045 0.027 0.050 0.101 0.679 0.009 
 43 cent2126    (7)   :  0.013 0.013 0.010 0.012 0.016 0.927 0.009 
 44 yona1241   (14)   :  0.251 0.161 0.070 0.155 0.308 0.026 0.028 
 45 kore1280    (0)   :  0.264 0.171 0.082 0.145 0.304 0.022 0.012 
 46 tuvi1240    (0)   :  0.163 0.150 0.458 0.115 0.086 0.009 0.020 
 47 huzh1238    (7)   :  0.288 0.158 0.075 0.152 0.286 0.029 0.011 
 48 khak1248    (0)   :  0.097 0.230 0.325 0.314 0.014 0.009 0.010 
 49 oldu1238    (7)   :  0.102 0.223 0.342 0.294 0.015 0.009 0.014 
 50 nucl1643    (0)   :  0.013 0.011 0.009 0.010 0.013 0.936 0.008 
 51 orok1265   (14)   :  0.012 0.012 0.012 0.009 0.014 0.014 0.926 
 52 midd1372   (14)   :  0.269 0.158 0.066 0.166 0.310 0.013 0.018 
 53 mogh1245   (28)   :  0.150 0.225 0.126 0.220 0.166 0.037 0.076 
 54 uigh1240    (7)   :  0.024 0.374 0.219 0.353 0.015 0.007 0.007 
 55 kara1467   (14)   :  0.027 0.367 0.224 0.347 0.019 0.008 0.009 
 56 russ1264   (14)   :  0.111 0.224 0.322 0.291 0.025 0.011 0.016 
 57 sout2954    (0)   :  0.013 0.010 0.009 0.011 0.014 0.930 0.012 
 58 berj1234    (0)   :  0.015 0.015 0.014 0.011 0.017 0.009 0.918 
 59 kham1281    (0)   :  0.135 0.161 0.434 0.178 0.041 0.012 0.038 
 60 dolg1241    (0)   :  0.100 0.234 0.325 0.307 0.015 0.009 0.010 


Estimated Allele Frequencies in each cluster
First column gives estimated ancestral frequencies


Locus 1 : TE003 
2 alleles
3.3% missing data
   1   (0.418) 0.498 0.705 0.848 0.707 0.418 0.022 0.063 
   0   (0.582) 0.502 0.295 0.152 0.293 0.582 0.978 0.937 

Locus 2 : TE004 
2 alleles
3.3% missing data
   0   (0.812) 0.857 0.919 0.940 0.896 0.812 0.991 0.318 
   1   (0.188) 0.143 0.081 0.060 0.104 0.188 0.009 0.682 

Locus 3 : TE005 
2 alleles
18.3% missing data
   0   (0.804) 0.839 0.898 0.932 0.903 0.804 0.990 0.117 
   1   (0.196) 0.161 0.102 0.068 0.097 0.196 0.010 0.883 

Locus 4 : TE006 
2 alleles
26.7% missing data
   0   (0.477) 0.540 0.761 0.868 0.701 0.477 0.085 0.958 
   1   (0.523) 0.460 0.239 0.132 0.299 0.523 0.915 0.042 

Locus 5 : TE007 
2 alleles
6.7% missing data
   0   (0.708) 0.735 0.854 0.925 0.846 0.708 0.719 0.974 
   1   (0.292) 0.265 0.146 0.075 0.154 0.292 0.281 0.026 

Locus 6 : TE008 
2 alleles
1.7% missing data
   1   (0.635) 0.639 0.753 0.705 0.790 0.635 0.940 0.968 
   0   (0.365) 0.361 0.247 0.295 0.210 0.365 0.060 0.032 

Locus 7 : TE031 
2 alleles
1.7% missing data
   1   (0.775) 0.810 0.821 0.889 0.833 0.775 0.037 0.982 
   0   (0.225) 0.190 0.179 0.111 0.167 0.225 0.963 0.018 

Locus 8 : TE037 
2 alleles
1.7% missing data
   1   (0.527) 0.545 0.700 0.599 0.728 0.527 0.616 0.113 
   0   (0.473) 0.455 0.300 0.401 0.272 0.473 0.384 0.887 

Locus 9 : TE038 
2 alleles
1.7% missing data
   1   (0.693) 0.749 0.856 0.918 0.846 0.693 0.034 0.664 
   0   (0.307) 0.251 0.144 0.082 0.154 0.307 0.966 0.336 

Locus 10 : TE039 
2 alleles
5.0% missing data
   1   (0.582) 0.632 0.504 0.679 0.498 0.582 0.971 0.934 
   0   (0.418) 0.368 0.496 0.321 0.502 0.418 0.029 0.066 

Locus 11 : TE078 
2 alleles
3.3% missing data
   0   (0.763) 0.796 0.879 0.945 0.881 0.763 0.989 0.981 
   1   (0.237) 0.204 0.121 0.055 0.119 0.237 0.011 0.019 

Locus 12 : TS079 
2 alleles
10.0% missing data
   0   (0.872) 0.893 0.934 0.969 0.946 0.872 0.994 0.493 
   1   (0.128) 0.107 0.066 0.031 0.054 0.128 0.006 0.507 

Locus 13 : TS080 
2 alleles
10.0% missing data
   0   (0.712) 0.636 0.386 0.230 0.411 0.712 0.987 0.773 
   1   (0.288) 0.364 0.614 0.770 0.589 0.288 0.013 0.227 

Locus 14 : TS088 
2 alleles
1.7% missing data
   0   (0.533) 0.551 0.715 0.735 0.741 0.533 0.976 0.960 
   1   (0.467) 0.449 0.285 0.265 0.259 0.467 0.024 0.040 

Values of parameters used in structure:
DATAFILE=phonology_structure,	OUTFILE=outfile_phonology_structure_K7_run45,	NUMINDS=60,	NUMLOCI=14,	MISSING=-9,	LABEL=1,	POPDATA=0,	POPFLAG=0,	PHENOTYPE=0,	EXTRACOLS=0,	MAXPOPS=7,	BURNIN=10000,	NUMREPS=100000,	USEPOPINFO=0,	INFERALPHA=1,	INFERLAMBDA=0,	POPSPECIFICLAMBDA=0,	POPALPHAS=0,	COMPUTEPROB=1,	NOADMIX=0,	ADMBURNIN=500,	UPDATEFREQ=100,	PRINTLIKES=0,	INTERMEDSAVE=0,	PRINTKLD=0,	PRINTNET=1,	PRINTLAMBDA=1,	ANCESTDIST=0,	NUMBOXES=1000,	ANCESTPINT=0.90000,	GENSBACK=2,	MIGRPRIOR=0.01000,	PRINTQHAT=0,	PRINTQSUM=1,	ALPHA=1.0000,	FREQSCORR=1,	FPRIORMEAN=0.0100,	FPRIORSD=0.0500,	ONEFST=0,	LAMBDA=1.0000,	UNIFPRIORALPHA=1,	ALPHAMAX=10.0000,	ALPHAPRIORA=1.0000,	ALPHAPRIORB=2.0000,	ALPHAPROPSD=0.0250,	STARTATPOPINFO=0,	RANDOMIZE=1,	LINKAGE=0,	METROFREQ=10,	REPORTHITRATE=0,	MARKOVPHASE=0,	PHASED=0,	PLOIDY=1,	PHASEINFO=0	LOCPRIOR=0, 	LOCPRIORINIT=1.000000, 	LOCDATA=0, 	LOCISPOP=0, 	LOCPRIORSTEP=0.100000, 	MAXLOCPRIOR=20.000000, 	SEED=1641290097,	
[STRAT parameters]:    NUMSIMSTATS=1000,	PHENOTYPECOL=-9,	POOLFREQ=10,	LOCUSxONLY=0,	EMERROR=0.00100,	MISSINGPHENO=-9,	