

----------------------------------------------------
STRUCTURE by Pritchard, Stephens and Donnelly (2000)
     and Falush, Stephens and Pritchard (2003)
       Code by Pritchard, Falush and Hubisz
             Version 2.3.4 (Jul 2012)
----------------------------------------------------



Command line arguments:   ./structure -m mainparams -K 4 -i phonology_structure -L 14 -o outfile_phonology_structure_K4_run40 
Input File:    phonology_structure

Run parameters:
   60 individuals
   14 loci
   4 populations assumed
   10000 Burn-in period
   100000 Reps


--------------------------------------------
Overall proportion of membership of the
sample in each of the 4 clusters

Inferred Clusters
  1      2      3      4    
0.226  0.405  0.177  0.192  

--------------------------------------------

Allele-freq. divergence among pops (Net nucleotide distance),
computed using point estimates of P.

      1       2       3       4      
 1      -    0.1492  0.1673  0.1463  
 2   0.1492     -    0.3189  0.2375  
 3   0.1673  0.3189     -    0.2588  
 4   0.1463  0.2375  0.2588     -    

Average distances (expected heterozygosity) between individuals in same cluster:
cluster  1  : 0.4046 
cluster  2  : 0.1034 
cluster  3  : 0.1183 
cluster  4  : 0.2164 

--------------------------------------------
Estimated Ln Prob of Data   = -272.5
Mean value of ln likelihood = -237.5
Variance of ln likelihood   = 70.1
Mean value of alpha         = 0.0456

Mean value of Fst_1         = 0.0755
Mean value of Fst_2         = 0.6802
Mean value of Fst_3         = 0.6961
Mean value of Fst_4         = 0.5233


Inferred ancestry of individuals:
        Label (%Miss) :  Inferred clusters
  1 torg1245   (21)   :  0.035 0.929 0.017 0.020 
  2 oldj1239   (14)   :  0.257 0.033 0.069 0.640 
  3 crim1257    (0)   :  0.012 0.973 0.007 0.009 
  4 bash1264    (7)   :  0.014 0.970 0.008 0.009 
  5 anat1259    (0)   :  0.018 0.950 0.025 0.008 
  6 okin1246    (0)   :  0.011 0.010 0.970 0.009 
  7 yaku1245    (0)   :  0.054 0.859 0.018 0.070 
  8 daur1238    (0)   :  0.666 0.302 0.010 0.022 
  9 east2337   (14)   :  0.939 0.021 0.011 0.029 
 10 ikem1235    (7)   :  0.015 0.010 0.967 0.009 
 11 sibe1251    (0)   :  0.011 0.021 0.006 0.962 
 12 nort2697    (0)   :  0.018 0.950 0.024 0.008 
 13 bona1250    (0)   :  0.865 0.014 0.057 0.064 
 14 ulch1241   (14)   :  0.096 0.223 0.011 0.669 
 15 nort2935   (14)   :  0.018 0.012 0.949 0.022 
 16 gaga1249    (0)   :  0.018 0.935 0.037 0.010 
 17 tara1319    (0)   :  0.016 0.008 0.969 0.007 
 18 moma1245   (21)   :  0.032 0.022 0.014 0.932 
 19 manc1252    (0)   :  0.311 0.209 0.030 0.450 
 20 shor1247    (0)   :  0.012 0.967 0.010 0.012 
 21 kaza1248    (0)   :  0.012 0.971 0.008 0.009 
 22 midd1351   (14)   :  0.150 0.771 0.033 0.046 
 23 chag1247   (71)   :  0.549 0.259 0.122 0.070 
 24 huih1238   (14)   :  0.053 0.047 0.027 0.874 
 25 ordo1245    (0)   :  0.654 0.312 0.009 0.025 
 26 turk1303    (0)   :  0.013 0.965 0.010 0.012 
 27 negi1245    (0)   :  0.015 0.009 0.022 0.954 
 28 nana1257    (0)   :  0.019 0.013 0.012 0.956 
 29 nort2690    (7)   :  0.446 0.427 0.106 0.022 
 30 shur1243    (0)   :  0.012 0.008 0.965 0.014 
 31 minh1238    (0)   :  0.907 0.010 0.074 0.009 
 32 udih1248    (0)   :  0.026 0.026 0.019 0.929 
 33 oira1262   (14)   :  0.257 0.707 0.013 0.024 
 34 hate1238    (7)   :  0.051 0.065 0.839 0.046 
 35 tata1255    (0)   :  0.013 0.971 0.008 0.009 
 36 turk1304    (0)   :  0.013 0.966 0.009 0.012 
 37 oroc1248    (0)   :  0.024 0.028 0.017 0.931 
 38 chuv1255    (0)   :  0.338 0.612 0.032 0.018 
 39 noga1249   (14)   :  0.150 0.765 0.034 0.051 
 40 dong1285    (7)   :  0.936 0.021 0.016 0.027 
 41 halh1238   (14)   :  0.871 0.084 0.017 0.027 
 42 ogam1239    (0)   :  0.142 0.008 0.838 0.012 
 43 cent2126    (7)   :  0.012 0.013 0.964 0.011 
 44 yona1241   (14)   :  0.910 0.012 0.033 0.045 
 45 kore1280    (0)   :  0.951 0.011 0.028 0.011 
 46 tuvi1240    (0)   :  0.313 0.624 0.016 0.046 
 47 huzh1238    (7)   :  0.939 0.012 0.038 0.012 
 48 khak1248    (0)   :  0.012 0.965 0.010 0.012 
 49 oldu1238    (7)   :  0.014 0.961 0.010 0.016 
 50 nucl1643    (0)   :  0.011 0.011 0.969 0.009 
 51 orok1265   (14)   :  0.012 0.009 0.016 0.963 
 52 midd1372   (14)   :  0.955 0.007 0.016 0.021 
 53 mogh1245   (28)   :  0.238 0.479 0.063 0.220 
 54 uigh1240    (7)   :  0.013 0.970 0.008 0.009 
 55 kara1467   (14)   :  0.014 0.967 0.009 0.011 
 56 russ1264   (14)   :  0.019 0.949 0.013 0.019 
 57 sout2954    (0)   :  0.013 0.009 0.965 0.014 
 58 berj1234    (0)   :  0.016 0.012 0.010 0.962 
 59 kham1281    (0)   :  0.054 0.861 0.019 0.066 
 60 dolg1241    (0)   :  0.015 0.964 0.009 0.012 


Estimated Allele Frequencies in each cluster
First column gives estimated ancestral frequencies


Locus 1 : TE003 
2 alleles
3.3% missing data
   1   (0.427) 0.439 0.982 0.025 0.089 
   0   (0.573) 0.561 0.018 0.975 0.911 

Locus 2 : TE004 
2 alleles
3.3% missing data
   0   (0.807) 0.848 0.996 0.991 0.384 
   1   (0.193) 0.152 0.004 0.009 0.616 

Locus 3 : TE005 
2 alleles
18.3% missing data
   0   (0.750) 0.788 0.992 0.987 0.153 
   1   (0.250) 0.212 0.008 0.013 0.847 

Locus 4 : TE006 
2 alleles
26.7% missing data
   0   (0.592) 0.534 0.983 0.110 0.961 
   1   (0.408) 0.466 0.017 0.890 0.039 

Locus 5 : TE007 
2 alleles
6.7% missing data
   0   (0.688) 0.642 0.993 0.705 0.969 
   1   (0.312) 0.358 0.007 0.295 0.031 

Locus 6 : TE008 
2 alleles
1.7% missing data
   1   (0.563) 0.461 0.936 0.912 0.958 
   0   (0.437) 0.539 0.064 0.088 0.042 

Locus 7 : TE031 
2 alleles
1.7% missing data
   1   (0.746) 0.811 0.867 0.039 0.978 
   0   (0.254) 0.189 0.133 0.961 0.022 

Locus 8 : TE037 
2 alleles
1.7% missing data
   1   (0.481) 0.481 0.874 0.603 0.144 
   0   (0.519) 0.519 0.126 0.397 0.856 

Locus 9 : TE038 
2 alleles
1.7% missing data
   1   (0.651) 0.695 0.993 0.035 0.676 
   0   (0.349) 0.305 0.007 0.965 0.324 

Locus 10 : TE039 
2 alleles
5.0% missing data
   1   (0.606) 0.576 0.516 0.969 0.882 
   0   (0.394) 0.424 0.484 0.031 0.118 

Locus 11 : TE078 
2 alleles
3.3% missing data
   0   (0.787) 0.741 0.995 0.990 0.981 
   1   (0.213) 0.259 0.005 0.010 0.019 

Locus 12 : TS079 
2 alleles
10.0% missing data
   0   (0.830) 0.873 0.996 0.992 0.548 
   1   (0.170) 0.127 0.004 0.008 0.452 

Locus 13 : TS080 
2 alleles
10.0% missing data
   0   (0.714) 0.771 0.082 0.987 0.766 
   1   (0.286) 0.229 0.918 0.013 0.234 

Locus 14 : TS088 
2 alleles
1.7% missing data
   0   (0.494) 0.341 0.953 0.974 0.952 
   1   (0.506) 0.659 0.047 0.026 0.048 

Values of parameters used in structure:
DATAFILE=phonology_structure,	OUTFILE=outfile_phonology_structure_K4_run40,	NUMINDS=60,	NUMLOCI=14,	MISSING=-9,	LABEL=1,	POPDATA=0,	POPFLAG=0,	PHENOTYPE=0,	EXTRACOLS=0,	MAXPOPS=4,	BURNIN=10000,	NUMREPS=100000,	USEPOPINFO=0,	INFERALPHA=1,	INFERLAMBDA=0,	POPSPECIFICLAMBDA=0,	POPALPHAS=0,	COMPUTEPROB=1,	NOADMIX=0,	ADMBURNIN=500,	UPDATEFREQ=100,	PRINTLIKES=0,	INTERMEDSAVE=0,	PRINTKLD=0,	PRINTNET=1,	PRINTLAMBDA=1,	ANCESTDIST=0,	NUMBOXES=1000,	ANCESTPINT=0.90000,	GENSBACK=2,	MIGRPRIOR=0.01000,	PRINTQHAT=0,	PRINTQSUM=1,	ALPHA=1.0000,	FREQSCORR=1,	FPRIORMEAN=0.0100,	FPRIORSD=0.0500,	ONEFST=0,	LAMBDA=1.0000,	UNIFPRIORALPHA=1,	ALPHAMAX=10.0000,	ALPHAPRIORA=1.0000,	ALPHAPRIORB=2.0000,	ALPHAPROPSD=0.0250,	STARTATPOPINFO=0,	RANDOMIZE=1,	LINKAGE=0,	METROFREQ=10,	REPORTHITRATE=0,	MARKOVPHASE=0,	PHASED=0,	PLOIDY=1,	PHASEINFO=0	LOCPRIOR=0, 	LOCPRIORINIT=1.000000, 	LOCDATA=0, 	LOCISPOP=0, 	LOCPRIORSTEP=0.100000, 	MAXLOCPRIOR=20.000000, 	SEED=1641287117,	
[STRAT parameters]:    NUMSIMSTATS=1000,	PHENOTYPECOL=-9,	POOLFREQ=10,	LOCUSxONLY=0,	EMERROR=0.00100,	MISSINGPHENO=-9,	