

----------------------------------------------------
STRUCTURE by Pritchard, Stephens and Donnelly (2000)
     and Falush, Stephens and Pritchard (2003)
       Code by Pritchard, Falush and Hubisz
             Version 2.3.4 (Jul 2012)
----------------------------------------------------



Command line arguments:   ./structure -m mainparams -K 7 -i phonology_structure -L 14 -o outfile_phonology_structure_K7_run8 
Input File:    phonology_structure

Run parameters:
   60 individuals
   14 loci
   7 populations assumed
   10000 Burn-in period
   100000 Reps


--------------------------------------------
Overall proportion of membership of the
sample in each of the 7 clusters

Inferred Clusters
  1      2      3      4      5      6      7    
0.164  0.132  0.211  0.158  0.103  0.104  0.128  

--------------------------------------------

Allele-freq. divergence among pops (Net nucleotide distance),
computed using point estimates of P.

      1       2       3       4       5       6       7      
 1      -    0.1810  0.2703  0.2477  0.1532  0.1498  0.1763  
 2   0.1810     -    0.0302  0.1409  0.0086  0.0101  0.0005  
 3   0.2703  0.0302     -    0.2229  0.0682  0.0714  0.0358  
 4   0.2477  0.1409  0.2229     -    0.1243  0.1229  0.1321  
 5   0.1532  0.0086  0.0682  0.1243     -    0.0001  0.0074  
 6   0.1498  0.0101  0.0714  0.1229  0.0001     -    0.0089  
 7   0.1763  0.0005  0.0358  0.1321  0.0074  0.0089     -    

Average distances (expected heterozygosity) between individuals in same cluster:
cluster  1  : 0.1401 
cluster  2  : 0.3370 
cluster  3  : 0.1643 
cluster  4  : 0.2155 
cluster  5  : 0.3934 
cluster  6  : 0.3980 
cluster  7  : 0.3427 

--------------------------------------------
Estimated Ln Prob of Data   = -1232.3
Mean value of ln likelihood = -245.3
Variance of ln likelihood   = 1974.1
Mean value of alpha         = 0.0995

Mean value of Fst_1         = 0.6865
Mean value of Fst_2         = 0.3128
Mean value of Fst_3         = 0.6403
Mean value of Fst_4         = 0.5514
Mean value of Fst_5         = 0.1150
Mean value of Fst_6         = 0.0820
Mean value of Fst_7         = 0.2874


Inferred ancestry of individuals:
        Label (%Miss) :  Inferred clusters
  1 torg1245   (21)   :  0.023 0.201 0.395 0.021 0.066 0.049 0.246 
  2 oldj1239   (14)   :  0.063 0.108 0.045 0.343 0.158 0.172 0.110 
  3 crim1257    (0)   :  0.014 0.163 0.650 0.015 0.041 0.038 0.079 
  4 bash1264    (7)   :  0.014 0.161 0.657 0.015 0.041 0.041 0.072 
  5 anat1259    (0)   :  0.031 0.160 0.614 0.014 0.048 0.055 0.079 
  6 okin1246    (0)   :  0.900 0.017 0.016 0.015 0.017 0.017 0.016 
  7 yaku1245    (0)   :  0.021 0.214 0.240 0.046 0.118 0.095 0.266 
  8 daur1238    (0)   :  0.014 0.234 0.103 0.019 0.230 0.202 0.198 
  9 east2337   (14)   :  0.017 0.170 0.041 0.029 0.262 0.293 0.189 
 10 ikem1235    (7)   :  0.878 0.022 0.017 0.015 0.023 0.024 0.021 
 11 sibe1251    (0)   :  0.013 0.023 0.024 0.872 0.022 0.021 0.025 
 12 nort2697    (0)   :  0.030 0.159 0.626 0.014 0.045 0.051 0.074 
 13 bona1250    (0)   :  0.044 0.167 0.043 0.039 0.249 0.263 0.196 
 14 ulch1241   (14)   :  0.018 0.126 0.094 0.400 0.115 0.115 0.132 
 15 nort2935   (14)   :  0.863 0.024 0.018 0.024 0.025 0.024 0.021 
 16 gaga1249    (0)   :  0.059 0.168 0.462 0.019 0.059 0.059 0.174 
 17 tara1319    (0)   :  0.895 0.018 0.016 0.014 0.019 0.021 0.018 
 18 moma1245   (21)   :  0.019 0.046 0.026 0.753 0.051 0.053 0.053 
 19 manc1252    (0)   :  0.027 0.145 0.124 0.207 0.174 0.188 0.135 
 20 shor1247    (0)   :  0.016 0.209 0.424 0.018 0.051 0.036 0.246 
 21 kaza1248    (0)   :  0.014 0.165 0.647 0.015 0.037 0.038 0.083 
 22 midd1351   (14)   :  0.028 0.181 0.375 0.031 0.127 0.140 0.119 
 23 chag1247   (71)   :  0.078 0.171 0.122 0.041 0.208 0.219 0.162 
 24 huih1238   (14)   :  0.028 0.057 0.041 0.694 0.057 0.063 0.061 
 25 ordo1245    (0)   :  0.014 0.238 0.105 0.020 0.215 0.202 0.206 
 26 turk1303    (0)   :  0.016 0.201 0.425 0.017 0.053 0.036 0.251 
 27 negi1245    (0)   :  0.027 0.021 0.018 0.862 0.025 0.024 0.024 
 28 nana1257    (0)   :  0.019 0.027 0.022 0.841 0.031 0.031 0.029 
 29 nort2690    (7)   :  0.059 0.177 0.217 0.019 0.174 0.203 0.151 
 30 shur1243    (0)   :  0.891 0.019 0.015 0.020 0.020 0.019 0.018 
 31 minh1238    (0)   :  0.071 0.164 0.039 0.016 0.262 0.274 0.175 
 32 udih1248    (0)   :  0.024 0.037 0.029 0.799 0.036 0.038 0.038 
 33 oira1262   (14)   :  0.017 0.205 0.226 0.022 0.156 0.140 0.233 
 34 hate1238    (7)   :  0.694 0.050 0.053 0.037 0.057 0.059 0.051 
 35 tata1255    (0)   :  0.014 0.165 0.652 0.015 0.041 0.039 0.074 
 36 turk1304    (0)   :  0.016 0.209 0.424 0.018 0.048 0.031 0.255 
 37 oroc1248    (0)   :  0.021 0.030 0.030 0.818 0.032 0.037 0.032 
 38 chuv1255    (0)   :  0.026 0.199 0.182 0.019 0.190 0.214 0.170 
 39 noga1249   (14)   :  0.029 0.179 0.398 0.032 0.121 0.132 0.109 
 40 dong1285    (7)   :  0.021 0.171 0.055 0.026 0.269 0.266 0.193 
 41 halh1238   (14)   :  0.019 0.196 0.066 0.026 0.236 0.250 0.206 
 42 ogam1239    (0)   :  0.714 0.048 0.019 0.017 0.066 0.077 0.059 
 43 cent2126    (7)   :  0.884 0.020 0.019 0.017 0.020 0.021 0.019 
 44 yona1241   (14)   :  0.035 0.162 0.046 0.039 0.254 0.279 0.184 
 45 kore1280    (0)   :  0.035 0.168 0.048 0.017 0.265 0.280 0.187 
 46 tuvi1240    (0)   :  0.017 0.232 0.137 0.027 0.185 0.173 0.229 
 47 huzh1238    (7)   :  0.039 0.162 0.038 0.020 0.264 0.276 0.201 
 48 khak1248    (0)   :  0.016 0.206 0.421 0.017 0.052 0.033 0.254 
 49 oldu1238    (7)   :  0.016 0.200 0.429 0.020 0.053 0.035 0.246 
 50 nucl1643    (0)   :  0.900 0.017 0.017 0.015 0.018 0.017 0.017 
 51 orok1265   (14)   :  0.021 0.018 0.016 0.885 0.021 0.020 0.020 
 52 midd1372   (14)   :  0.022 0.164 0.047 0.027 0.271 0.285 0.185 
 53 mogh1245   (28)   :  0.048 0.157 0.272 0.089 0.143 0.157 0.135 
 54 uigh1240    (7)   :  0.015 0.173 0.636 0.015 0.041 0.043 0.078 
 55 kara1467   (14)   :  0.015 0.165 0.640 0.016 0.043 0.042 0.078 
 56 russ1264   (14)   :  0.018 0.200 0.403 0.022 0.058 0.040 0.258 
 57 sout2954    (0)   :  0.891 0.018 0.016 0.019 0.019 0.019 0.018 
 58 berj1234    (0)   :  0.017 0.023 0.019 0.871 0.022 0.025 0.024 
 59 kham1281    (0)   :  0.023 0.210 0.243 0.050 0.119 0.098 0.256 
 60 dolg1241    (0)   :  0.016 0.198 0.421 0.018 0.059 0.039 0.249 


Estimated Allele Frequencies in each cluster
First column gives estimated ancestral frequencies


Locus 1 : TE003 
2 alleles
3.3% missing data
   1   (0.517) 0.052 0.701 0.903 0.095 0.561 0.546 0.672 
   0   (0.483) 0.948 0.299 0.097 0.905 0.439 0.454 0.328 

Locus 2 : TE004 
2 alleles
3.3% missing data
   0   (0.840) 0.985 0.905 0.973 0.348 0.862 0.855 0.898 
   1   (0.160) 0.015 0.095 0.027 0.652 0.138 0.145 0.102 

Locus 3 : TE005 
2 alleles
18.3% missing data
   0   (0.719) 0.972 0.831 0.952 0.148 0.755 0.744 0.810 
   1   (0.281) 0.028 0.169 0.048 0.852 0.245 0.256 0.190 

Locus 4 : TE006 
2 alleles
26.7% missing data
   0   (0.636) 0.130 0.760 0.934 0.957 0.656 0.640 0.752 
   1   (0.364) 0.870 0.240 0.066 0.043 0.344 0.360 0.248 

Locus 5 : TE007 
2 alleles
6.7% missing data
   0   (0.730) 0.718 0.832 0.961 0.967 0.745 0.737 0.810 
   1   (0.270) 0.282 0.168 0.039 0.033 0.255 0.263 0.190 

Locus 6 : TE008 
2 alleles
1.7% missing data
   1   (0.603) 0.928 0.687 0.908 0.955 0.586 0.584 0.689 
   0   (0.397) 0.072 0.313 0.092 0.045 0.414 0.416 0.311 

Locus 7 : TE031 
2 alleles
1.7% missing data
   1   (0.769) 0.074 0.831 0.846 0.967 0.796 0.789 0.848 
   0   (0.231) 0.926 0.169 0.154 0.033 0.204 0.211 0.152 

Locus 8 : TE037 
2 alleles
1.7% missing data
   1   (0.529) 0.609 0.611 0.868 0.143 0.522 0.525 0.599 
   0   (0.471) 0.391 0.389 0.132 0.857 0.478 0.475 0.401 

Locus 9 : TE038 
2 alleles
1.7% missing data
   1   (0.728) 0.073 0.830 0.953 0.667 0.755 0.752 0.832 
   0   (0.272) 0.927 0.170 0.047 0.333 0.245 0.248 0.168 

Locus 10 : TE039 
2 alleles
5.0% missing data
   1   (0.602) 0.955 0.616 0.411 0.916 0.607 0.593 0.684 
   0   (0.398) 0.045 0.384 0.589 0.084 0.393 0.407 0.316 

Locus 11 : TE078 
2 alleles
3.3% missing data
   0   (0.830) 0.987 0.895 0.970 0.980 0.841 0.833 0.878 
   1   (0.170) 0.013 0.105 0.030 0.020 0.159 0.167 0.122 

Locus 12 : TS079 
2 alleles
10.0% missing data
   0   (0.870) 0.987 0.927 0.979 0.514 0.893 0.886 0.918 
   1   (0.130) 0.013 0.073 0.021 0.486 0.107 0.114 0.082 

Locus 13 : TS080 
2 alleles
10.0% missing data
   0   (0.677) 0.963 0.456 0.176 0.754 0.631 0.655 0.468 
   1   (0.323) 0.037 0.544 0.824 0.246 0.369 0.345 0.532 

Locus 14 : TS088 
2 alleles
1.7% missing data
   0   (0.572) 0.971 0.672 0.911 0.953 0.552 0.559 0.669 
   1   (0.428) 0.029 0.328 0.089 0.047 0.448 0.441 0.331 

Values of parameters used in structure:
DATAFILE=phonology_structure,	OUTFILE=outfile_phonology_structure_K7_run8,	NUMINDS=60,	NUMLOCI=14,	MISSING=-9,	LABEL=1,	POPDATA=0,	POPFLAG=0,	PHENOTYPE=0,	EXTRACOLS=0,	MAXPOPS=7,	BURNIN=10000,	NUMREPS=100000,	USEPOPINFO=0,	INFERALPHA=1,	INFERLAMBDA=0,	POPSPECIFICLAMBDA=0,	POPALPHAS=0,	COMPUTEPROB=1,	NOADMIX=0,	ADMBURNIN=500,	UPDATEFREQ=100,	PRINTLIKES=0,	INTERMEDSAVE=0,	PRINTKLD=0,	PRINTNET=1,	PRINTLAMBDA=1,	ANCESTDIST=0,	NUMBOXES=1000,	ANCESTPINT=0.90000,	GENSBACK=2,	MIGRPRIOR=0.01000,	PRINTQHAT=0,	PRINTQSUM=1,	ALPHA=1.0000,	FREQSCORR=1,	FPRIORMEAN=0.0100,	FPRIORSD=0.0500,	ONEFST=0,	LAMBDA=1.0000,	UNIFPRIORALPHA=1,	ALPHAMAX=10.0000,	ALPHAPRIORA=1.0000,	ALPHAPRIORB=2.0000,	ALPHAPROPSD=0.0250,	STARTATPOPINFO=0,	RANDOMIZE=1,	LINKAGE=0,	METROFREQ=10,	REPORTHITRATE=0,	MARKOVPHASE=0,	PHASED=0,	PLOIDY=1,	PHASEINFO=0	LOCPRIOR=0, 	LOCPRIORINIT=1.000000, 	LOCDATA=0, 	LOCISPOP=0, 	LOCPRIORSTEP=0.100000, 	MAXLOCPRIOR=20.000000, 	SEED=1641225566,	
[STRAT parameters]:    NUMSIMSTATS=1000,	PHENOTYPECOL=-9,	POOLFREQ=10,	LOCUSxONLY=0,	EMERROR=0.00100,	MISSINGPHENO=-9,	