

----------------------------------------------------
STRUCTURE by Pritchard, Stephens and Donnelly (2000)
     and Falush, Stephens and Pritchard (2003)
       Code by Pritchard, Falush and Hubisz
             Version 2.3.4 (Jul 2012)
----------------------------------------------------



Command line arguments:   ./structure -m mainparams -K 3 -i phonology_structure -L 14 -o outfile_phonology_structure_K3_run40 
Input File:    phonology_structure

Run parameters:
   60 individuals
   14 loci
   3 populations assumed
   10000 Burn-in period
   100000 Reps


--------------------------------------------
Overall proportion of membership of the
sample in each of the 3 clusters

Inferred Clusters
  1      2      3    
0.306  0.454  0.240  

--------------------------------------------

Allele-freq. divergence among pops (Net nucleotide distance),
computed using point estimates of P.

      1       2       3      
 1      -    0.2131  0.1419  
 2   0.2131     -    0.1935  
 3   0.1419  0.1935     -    

Average distances (expected heterozygosity) between individuals in same cluster:
cluster  1  : 0.3193 
cluster  2  : 0.1337 
cluster  3  : 0.2815 

--------------------------------------------
Estimated Ln Prob of Data   = -301.2
Mean value of ln likelihood = -273.1
Variance of ln likelihood   = 56.1
Mean value of alpha         = 0.0503

Mean value of Fst_1         = 0.2849
Mean value of Fst_2         = 0.6174
Mean value of Fst_3         = 0.3796


Inferred ancestry of individuals:
        Label (%Miss) :  Inferred clusters
  1 torg1245   (21)   :  0.027 0.948 0.026 
  2 oldj1239   (14)   :  0.291 0.026 0.683 
  3 crim1257    (0)   :  0.010 0.979 0.011 
  4 bash1264    (7)   :  0.010 0.979 0.011 
  5 anat1259    (0)   :  0.021 0.970 0.009 
  6 okin1246    (0)   :  0.968 0.015 0.017 
  7 yaku1245    (0)   :  0.016 0.943 0.041 
  8 daur1238    (0)   :  0.063 0.833 0.104 
  9 east2337   (14)   :  0.647 0.070 0.283 
 10 ikem1235    (7)   :  0.968 0.015 0.017 
 11 sibe1251    (0)   :  0.008 0.029 0.963 
 12 nort2697    (0)   :  0.021 0.970 0.010 
 13 bona1250    (0)   :  0.710 0.017 0.272 
 14 ulch1241   (14)   :  0.029 0.294 0.676 
 15 nort2935   (14)   :  0.921 0.020 0.059 
 16 gaga1249    (0)   :  0.027 0.960 0.013 
 17 tara1319    (0)   :  0.976 0.011 0.013 
 18 moma1245   (21)   :  0.021 0.031 0.948 
 19 manc1252    (0)   :  0.172 0.187 0.640 
 20 shor1247    (0)   :  0.011 0.975 0.014 
 21 kaza1248    (0)   :  0.009 0.980 0.011 
 22 midd1351   (14)   :  0.087 0.832 0.081 
 23 chag1247   (71)   :  0.437 0.399 0.164 
 24 huih1238   (14)   :  0.035 0.055 0.909 
 25 ordo1245    (0)   :  0.072 0.817 0.111 
 26 turk1303    (0)   :  0.011 0.975 0.014 
 27 negi1245    (0)   :  0.025 0.010 0.965 
 28 nana1257    (0)   :  0.016 0.016 0.968 
 29 nort2690    (7)   :  0.483 0.435 0.081 
 30 shur1243    (0)   :  0.960 0.013 0.027 
 31 minh1238    (0)   :  0.808 0.015 0.177 
 32 udih1248    (0)   :  0.021 0.033 0.947 
 33 oira1262   (14)   :  0.039 0.916 0.045 
 34 hate1238    (7)   :  0.879 0.058 0.063 
 35 tata1255    (0)   :  0.009 0.980 0.011 
 36 turk1304    (0)   :  0.011 0.975 0.014 
 37 oroc1248    (0)   :  0.019 0.023 0.958 
 38 chuv1255    (0)   :  0.058 0.906 0.036 
 39 noga1249   (14)   :  0.094 0.829 0.077 
 40 dong1285    (7)   :  0.717 0.033 0.250 
 41 halh1238   (14)   :  0.410 0.373 0.217 
 42 ogam1239    (0)   :  0.963 0.010 0.028 
 43 cent2126    (7)   :  0.948 0.023 0.029 
 44 yona1241   (14)   :  0.735 0.015 0.250 
 45 kore1280    (0)   :  0.759 0.025 0.216 
 46 tuvi1240    (0)   :  0.030 0.912 0.059 
 47 huzh1238    (7)   :  0.769 0.018 0.213 
 48 khak1248    (0)   :  0.011 0.976 0.014 
 49 oldu1238    (7)   :  0.011 0.971 0.018 
 50 nucl1643    (0)   :  0.967 0.016 0.017 
 51 orok1265   (14)   :  0.020 0.011 0.969 
 52 midd1372   (14)   :  0.742 0.010 0.248 
 53 mogh1245   (28)   :  0.246 0.433 0.321 
 54 uigh1240    (7)   :  0.011 0.978 0.011 
 55 kara1467   (14)   :  0.012 0.975 0.013 
 56 russ1264   (14)   :  0.017 0.958 0.025 
 57 sout2954    (0)   :  0.955 0.013 0.032 
 58 berj1234    (0)   :  0.014 0.014 0.973 
 59 kham1281    (0)   :  0.017 0.942 0.041 
 60 dolg1241    (0)   :  0.011 0.976 0.013 


Estimated Allele Frequencies in each cluster
First column gives estimated ancestral frequencies


Locus 1 : TE003 
2 alleles
3.3% missing data
   1   (0.336) 0.156 0.977 0.126 
   0   (0.664) 0.844 0.023 0.874 

Locus 2 : TE004 
2 alleles
3.3% missing data
   0   (0.764) 0.928 0.994 0.454 
   1   (0.236) 0.072 0.006 0.546 

Locus 3 : TE005 
2 alleles
18.3% missing data
   0   (0.692) 0.902 0.987 0.246 
   1   (0.308) 0.098 0.013 0.754 

Locus 4 : TE006 
2 alleles
26.7% missing data
   0   (0.586) 0.228 0.980 0.900 
   1   (0.414) 0.772 0.020 0.100 

Locus 5 : TE007 
2 alleles
6.7% missing data
   0   (0.736) 0.633 0.993 0.917 
   1   (0.264) 0.367 0.007 0.083 

Locus 6 : TE008 
2 alleles
1.7% missing data
   1   (0.681) 0.713 0.858 0.897 
   0   (0.319) 0.287 0.142 0.103 

Locus 7 : TE031 
2 alleles
1.7% missing data
   1   (0.654) 0.378 0.857 0.939 
   0   (0.346) 0.622 0.143 0.061 

Locus 8 : TE037 
2 alleles
1.7% missing data
   1   (0.480) 0.565 0.796 0.224 
   0   (0.520) 0.435 0.204 0.776 

Locus 9 : TE038 
2 alleles
1.7% missing data
   1   (0.569) 0.299 0.989 0.666 
   0   (0.431) 0.701 0.011 0.334 

Locus 10 : TE039 
2 alleles
5.0% missing data
   1   (0.643) 0.742 0.556 0.825 
   0   (0.357) 0.258 0.444 0.175 

Locus 11 : TE078 
2 alleles
3.3% missing data
   0   (0.819) 0.846 0.995 0.943 
   1   (0.181) 0.154 0.005 0.057 

Locus 12 : TS079 
2 alleles
10.0% missing data
   0   (0.802) 0.942 0.994 0.604 
   1   (0.198) 0.058 0.006 0.396 

Locus 13 : TS080 
2 alleles
10.0% missing data
   0   (0.763) 0.952 0.108 0.791 
   1   (0.237) 0.048 0.892 0.209 

Locus 14 : TS088 
2 alleles
1.7% missing data
   0   (0.642) 0.667 0.893 0.872 
   1   (0.358) 0.333 0.107 0.128 

Values of parameters used in structure:
DATAFILE=phonology_structure,	OUTFILE=outfile_phonology_structure_K3_run40,	NUMINDS=60,	NUMLOCI=14,	MISSING=-9,	LABEL=1,	POPDATA=0,	POPFLAG=0,	PHENOTYPE=0,	EXTRACOLS=0,	MAXPOPS=3,	BURNIN=10000,	NUMREPS=100000,	USEPOPINFO=0,	INFERALPHA=1,	INFERLAMBDA=0,	POPSPECIFICLAMBDA=0,	POPALPHAS=0,	COMPUTEPROB=1,	NOADMIX=0,	ADMBURNIN=500,	UPDATEFREQ=100,	PRINTLIKES=0,	INTERMEDSAVE=0,	PRINTKLD=0,	PRINTNET=1,	PRINTLAMBDA=1,	ANCESTDIST=0,	NUMBOXES=1000,	ANCESTPINT=0.90000,	GENSBACK=2,	MIGRPRIOR=0.01000,	PRINTQHAT=0,	PRINTQSUM=1,	ALPHA=1.0000,	FREQSCORR=1,	FPRIORMEAN=0.0100,	FPRIORSD=0.0500,	ONEFST=0,	LAMBDA=1.0000,	UNIFPRIORALPHA=1,	ALPHAMAX=10.0000,	ALPHAPRIORA=1.0000,	ALPHAPRIORB=2.0000,	ALPHAPROPSD=0.0250,	STARTATPOPINFO=0,	RANDOMIZE=1,	LINKAGE=0,	METROFREQ=10,	REPORTHITRATE=0,	MARKOVPHASE=0,	PHASED=0,	PLOIDY=1,	PHASEINFO=0	LOCPRIOR=0, 	LOCPRIORINIT=1.000000, 	LOCDATA=0, 	LOCISPOP=0, 	LOCPRIORSTEP=0.100000, 	MAXLOCPRIOR=20.000000, 	SEED=1641287078,	
[STRAT parameters]:    NUMSIMSTATS=1000,	PHENOTYPECOL=-9,	POOLFREQ=10,	LOCUSxONLY=0,	EMERROR=0.00100,	MISSINGPHENO=-9,	