

----------------------------------------------------
STRUCTURE by Pritchard, Stephens and Donnelly (2000)
     and Falush, Stephens and Pritchard (2003)
       Code by Pritchard, Falush and Hubisz
             Version 2.3.4 (Jul 2012)
----------------------------------------------------



Command line arguments:   ./structure -m mainparams -K 5 -i phonology_structure -L 14 -o outfile_phonology_structure_K5_run1 
Input File:    phonology_structure

Run parameters:
   60 individuals
   14 loci
   5 populations assumed
   10000 Burn-in period
   100000 Reps


--------------------------------------------
Overall proportion of membership of the
sample in each of the 5 clusters

Inferred Clusters
  1      2      3      4      5    
0.205  0.179  0.266  0.172  0.179  

--------------------------------------------

Allele-freq. divergence among pops (Net nucleotide distance),
computed using point estimates of P.

      1       2       3       4       5      
 1      -    0.1472  0.0643  0.1648  0.0254  
 2   0.1472     -    0.2284  0.2653  0.1635  
 3   0.0643  0.2284     -    0.2836  0.0420  
 4   0.1648  0.2653  0.2836     -    0.2338  
 5   0.0254  0.1635  0.0420  0.2338     -    

Average distances (expected heterozygosity) between individuals in same cluster:
cluster  1  : 0.3944 
cluster  2  : 0.2047 
cluster  3  : 0.1758 
cluster  4  : 0.1153 
cluster  5  : 0.2984 

--------------------------------------------
Estimated Ln Prob of Data   = -318.6
Mean value of ln likelihood = -224.3
Variance of ln likelihood   = 188.5
Mean value of alpha         = 0.0407

Mean value of Fst_1         = 0.2520
Mean value of Fst_2         = 0.5460
Mean value of Fst_3         = 0.6337
Mean value of Fst_4         = 0.6942
Mean value of Fst_5         = 0.4119


Inferred ancestry of individuals:
        Label (%Miss) :  Inferred clusters
  1 torg1245   (21)   :  0.192 0.017 0.489 0.016 0.285 
  2 oldj1239   (14)   :  0.232 0.550 0.063 0.059 0.097 
  3 crim1257    (0)   :  0.203 0.008 0.750 0.006 0.033 
  4 bash1264    (7)   :  0.201 0.008 0.751 0.006 0.035 
  5 anat1259    (0)   :  0.199 0.007 0.719 0.022 0.053 
  6 okin1246    (0)   :  0.011 0.008 0.010 0.962 0.008 
  7 yaku1245    (0)   :  0.154 0.043 0.236 0.014 0.553 
  8 daur1238    (0)   :  0.144 0.011 0.138 0.006 0.700 
  9 east2337   (14)   :  0.613 0.028 0.098 0.010 0.252 
 10 ikem1235    (7)   :  0.016 0.008 0.010 0.955 0.011 
 11 sibe1251    (0)   :  0.014 0.945 0.016 0.006 0.019 
 12 nort2697    (0)   :  0.198 0.007 0.716 0.023 0.056 
 13 bona1250    (0)   :  0.619 0.043 0.080 0.039 0.218 
 14 ulch1241   (14)   :  0.088 0.529 0.118 0.011 0.253 
 15 nort2935   (14)   :  0.016 0.019 0.012 0.938 0.016 
 16 gaga1249    (0)   :  0.192 0.011 0.547 0.049 0.201 
 17 tara1319    (0)   :  0.014 0.006 0.008 0.964 0.008 
 18 moma1245   (21)   :  0.026 0.910 0.018 0.013 0.034 
 19 manc1252    (0)   :  0.246 0.382 0.231 0.026 0.116 
 20 shor1247    (0)   :  0.182 0.011 0.512 0.010 0.286 
 21 kaza1248    (0)   :  0.207 0.007 0.746 0.006 0.033 
 22 midd1351   (14)   :  0.224 0.032 0.626 0.027 0.091 
 23 chag1247   (71)   :  0.325 0.051 0.266 0.100 0.259 
 24 huih1238   (14)   :  0.050 0.823 0.040 0.024 0.062 
 25 ordo1245    (0)   :  0.143 0.011 0.144 0.006 0.695 
 26 turk1303    (0)   :  0.188 0.012 0.517 0.010 0.274 
 27 negi1245    (0)   :  0.011 0.950 0.008 0.019 0.012 
 28 nana1257    (0)   :  0.017 0.942 0.012 0.011 0.017 
 29 nort2690    (7)   :  0.329 0.016 0.427 0.087 0.141 
 30 shur1243    (0)   :  0.011 0.013 0.008 0.957 0.010 
 31 minh1238    (0)   :  0.627 0.008 0.085 0.062 0.218 
 32 udih1248    (0)   :  0.021 0.905 0.027 0.017 0.031 
 33 oira1262   (14)   :  0.175 0.014 0.271 0.011 0.528 
 34 hate1238    (7)   :  0.055 0.041 0.055 0.812 0.037 
 35 tata1255    (0)   :  0.202 0.008 0.749 0.006 0.036 
 36 turk1304    (0)   :  0.185 0.011 0.510 0.010 0.284 
 37 oroc1248    (0)   :  0.021 0.919 0.024 0.016 0.020 
 38 chuv1255    (0)   :  0.219 0.015 0.314 0.031 0.421 
 39 noga1249   (14)   :  0.219 0.034 0.636 0.025 0.086 
 40 dong1285    (7)   :  0.640 0.023 0.088 0.014 0.235 
 41 halh1238   (14)   :  0.423 0.026 0.123 0.018 0.410 
 42 ogam1239    (0)   :  0.117 0.010 0.020 0.796 0.057 
 43 cent2126    (7)   :  0.014 0.010 0.011 0.954 0.010 
 44 yona1241   (14)   :  0.635 0.036 0.079 0.030 0.220 
 45 kore1280    (0)   :  0.626 0.010 0.085 0.026 0.252 
 46 tuvi1240    (0)   :  0.129 0.018 0.162 0.009 0.682 
 47 huzh1238    (7)   :  0.638 0.012 0.086 0.030 0.234 
 48 khak1248    (0)   :  0.180 0.012 0.523 0.009 0.275 
 49 oldu1238    (7)   :  0.188 0.017 0.501 0.009 0.284 
 50 nucl1643    (0)   :  0.011 0.008 0.009 0.964 0.008 
 51 orok1265   (14)   :  0.010 0.958 0.008 0.014 0.009 
 52 midd1372   (14)   :  0.668 0.018 0.080 0.013 0.222 
 53 mogh1245   (28)   :  0.243 0.155 0.443 0.053 0.106 
 54 uigh1240    (7)   :  0.206 0.008 0.745 0.007 0.034 
 55 kara1467   (14)   :  0.201 0.010 0.747 0.007 0.035 
 56 russ1264   (14)   :  0.190 0.017 0.498 0.013 0.283 
 57 sout2954    (0)   :  0.012 0.013 0.008 0.957 0.010 
 58 berj1234    (0)   :  0.013 0.955 0.010 0.009 0.013 
 59 kham1281    (0)   :  0.149 0.040 0.246 0.013 0.552 
 60 dolg1241    (0)   :  0.188 0.012 0.501 0.010 0.290 


Estimated Allele Frequencies in each cluster
First column gives estimated ancestral frequencies


Locus 1 : TE003 
2 alleles
3.3% missing data
   1   (0.433) 0.531 0.070 0.904 0.024 0.775 
   0   (0.567) 0.469 0.930 0.096 0.976 0.225 

Locus 2 : TE004 
2 alleles
3.3% missing data
   0   (0.809) 0.875 0.349 0.975 0.991 0.936 
   1   (0.191) 0.125 0.651 0.025 0.009 0.064 

Locus 3 : TE005 
2 alleles
18.3% missing data
   0   (0.742) 0.815 0.134 0.962 0.987 0.890 
   1   (0.258) 0.185 0.866 0.038 0.013 0.110 

Locus 4 : TE006 
2 alleles
26.7% missing data
   0   (0.583) 0.597 0.963 0.912 0.106 0.812 
   1   (0.417) 0.403 0.037 0.088 0.894 0.188 

Locus 5 : TE007 
2 alleles
6.7% missing data
   0   (0.690) 0.696 0.970 0.949 0.708 0.863 
   1   (0.310) 0.304 0.030 0.051 0.292 0.137 

Locus 6 : TE008 
2 alleles
1.7% missing data
   1   (0.608) 0.616 0.966 0.890 0.925 0.561 
   0   (0.392) 0.384 0.034 0.110 0.075 0.439 

Locus 7 : TE031 
2 alleles
1.7% missing data
   1   (0.743) 0.818 0.978 0.843 0.038 0.880 
   0   (0.257) 0.182 0.022 0.157 0.962 0.120 

Locus 8 : TE037 
2 alleles
1.7% missing data
   1   (0.511) 0.605 0.137 0.867 0.610 0.459 
   0   (0.489) 0.395 0.863 0.133 0.390 0.541 

Locus 9 : TE038 
2 alleles
1.7% missing data
   1   (0.649) 0.739 0.664 0.951 0.034 0.872 
   0   (0.351) 0.261 0.336 0.049 0.966 0.128 

Locus 10 : TE039 
2 alleles
5.0% missing data
   1   (0.614) 0.544 0.904 0.395 0.970 0.788 
   0   (0.386) 0.456 0.096 0.605 0.030 0.212 

Locus 11 : TE078 
2 alleles
3.3% missing data
   0   (0.801) 0.791 0.983 0.966 0.990 0.904 
   1   (0.199) 0.209 0.017 0.034 0.010 0.096 

Locus 12 : TS079 
2 alleles
10.0% missing data
   0   (0.837) 0.902 0.526 0.978 0.992 0.944 
   1   (0.163) 0.098 0.474 0.022 0.008 0.056 

Locus 13 : TS080 
2 alleles
10.0% missing data
   0   (0.711) 0.639 0.777 0.217 0.987 0.342 
   1   (0.289) 0.361 0.223 0.783 0.013 0.658 

Locus 14 : TS088 
2 alleles
1.7% missing data
   0   (0.546) 0.513 0.960 0.888 0.977 0.587 
   1   (0.454) 0.487 0.040 0.112 0.023 0.413 

Values of parameters used in structure:
DATAFILE=phonology_structure,	OUTFILE=outfile_phonology_structure_K5_run1,	NUMINDS=60,	NUMLOCI=14,	MISSING=-9,	LABEL=1,	POPDATA=0,	POPFLAG=0,	PHENOTYPE=0,	EXTRACOLS=0,	MAXPOPS=5,	BURNIN=10000,	NUMREPS=100000,	USEPOPINFO=0,	INFERALPHA=1,	INFERLAMBDA=0,	POPSPECIFICLAMBDA=0,	POPALPHAS=0,	COMPUTEPROB=1,	NOADMIX=0,	ADMBURNIN=500,	UPDATEFREQ=100,	PRINTLIKES=0,	INTERMEDSAVE=0,	PRINTKLD=0,	PRINTNET=1,	PRINTLAMBDA=1,	ANCESTDIST=0,	NUMBOXES=1000,	ANCESTPINT=0.90000,	GENSBACK=2,	MIGRPRIOR=0.01000,	PRINTQHAT=0,	PRINTQSUM=1,	ALPHA=1.0000,	FREQSCORR=1,	FPRIORMEAN=0.0100,	FPRIORSD=0.0500,	ONEFST=0,	LAMBDA=1.0000,	UNIFPRIORALPHA=1,	ALPHAMAX=10.0000,	ALPHAPRIORA=1.0000,	ALPHAPRIORB=2.0000,	ALPHAPROPSD=0.0250,	STARTATPOPINFO=0,	RANDOMIZE=1,	LINKAGE=0,	METROFREQ=10,	REPORTHITRATE=0,	MARKOVPHASE=0,	PHASED=0,	PLOIDY=1,	PHASEINFO=0	LOCPRIOR=0, 	LOCPRIORINIT=1.000000, 	LOCDATA=0, 	LOCISPOP=0, 	LOCPRIORSTEP=0.100000, 	MAXLOCPRIOR=20.000000, 	SEED=1641216840,	
[STRAT parameters]:    NUMSIMSTATS=1000,	PHENOTYPECOL=-9,	POOLFREQ=10,	LOCUSxONLY=0,	EMERROR=0.00100,	MISSINGPHENO=-9,	