

----------------------------------------------------
STRUCTURE by Pritchard, Stephens and Donnelly (2000)
     and Falush, Stephens and Pritchard (2003)
       Code by Pritchard, Falush and Hubisz
             Version 2.3.4 (Jul 2012)
----------------------------------------------------



Command line arguments:   ./structure -m mainparams -K 4 -i phonology_structure -L 14 -o outfile_phonology_structure_K4_run18 
Input File:    phonology_structure

Run parameters:
   60 individuals
   14 loci
   4 populations assumed
   10000 Burn-in period
   100000 Reps


--------------------------------------------
Overall proportion of membership of the
sample in each of the 4 clusters

Inferred Clusters
  1      2      3      4    
0.177  0.405  0.225  0.193  

--------------------------------------------

Allele-freq. divergence among pops (Net nucleotide distance),
computed using point estimates of P.

      1       2       3       4      
 1      -    0.3176  0.1662  0.2569  
 2   0.3176     -    0.1500  0.2363  
 3   0.1662  0.1500     -    0.1464  
 4   0.2569  0.2363  0.1464     -    

Average distances (expected heterozygosity) between individuals in same cluster:
cluster  1  : 0.1196 
cluster  2  : 0.1043 
cluster  3  : 0.4050 
cluster  4  : 0.2178 

--------------------------------------------
Estimated Ln Prob of Data   = -273.0
Mean value of ln likelihood = -237.6
Variance of ln likelihood   = 70.9
Mean value of alpha         = 0.0454

Mean value of Fst_1         = 0.6882
Mean value of Fst_2         = 0.6761
Mean value of Fst_3         = 0.0804
Mean value of Fst_4         = 0.5183


Inferred ancestry of individuals:
        Label (%Miss) :  Inferred clusters
  1 torg1245   (21)   :  0.017 0.933 0.030 0.020 
  2 oldj1239   (14)   :  0.065 0.033 0.235 0.667 
  3 crim1257    (0)   :  0.007 0.971 0.013 0.009 
  4 bash1264    (7)   :  0.007 0.970 0.014 0.009 
  5 anat1259    (0)   :  0.023 0.951 0.018 0.008 
  6 okin1246    (0)   :  0.971 0.010 0.010 0.009 
  7 yaku1245    (0)   :  0.019 0.867 0.054 0.060 
  8 daur1238    (0)   :  0.009 0.326 0.641 0.024 
  9 east2337   (14)   :  0.011 0.019 0.940 0.029 
 10 ikem1235    (7)   :  0.964 0.010 0.017 0.009 
 11 sibe1251    (0)   :  0.007 0.021 0.012 0.960 
 12 nort2697    (0)   :  0.024 0.951 0.018 0.008 
 13 bona1250    (0)   :  0.052 0.013 0.870 0.064 
 14 ulch1241   (14)   :  0.012 0.239 0.083 0.666 
 15 nort2935   (14)   :  0.947 0.011 0.021 0.021 
 16 gaga1249    (0)   :  0.037 0.935 0.018 0.010 
 17 tara1319    (0)   :  0.968 0.008 0.016 0.008 
 18 moma1245   (21)   :  0.015 0.024 0.033 0.928 
 19 manc1252    (0)   :  0.031 0.210 0.287 0.471 
 20 shor1247    (0)   :  0.010 0.966 0.012 0.012 
 21 kaza1248    (0)   :  0.007 0.972 0.012 0.009 
 22 midd1351   (14)   :  0.033 0.751 0.159 0.057 
 23 chag1247   (71)   :  0.126 0.253 0.550 0.071 
 24 huih1238   (14)   :  0.026 0.051 0.052 0.872 
 25 ordo1245    (0)   :  0.009 0.321 0.648 0.021 
 26 turk1303    (0)   :  0.010 0.964 0.013 0.013 
 27 negi1245    (0)   :  0.022 0.008 0.014 0.956 
 28 nana1257    (0)   :  0.013 0.014 0.017 0.957 
 29 nort2690    (7)   :  0.107 0.410 0.461 0.022 
 30 shur1243    (0)   :  0.964 0.009 0.014 0.014 
 31 minh1238    (0)   :  0.070 0.010 0.912 0.008 
 32 udih1248    (0)   :  0.019 0.026 0.024 0.931 
 33 oira1262   (14)   :  0.013 0.710 0.256 0.022 
 34 hate1238    (7)   :  0.844 0.063 0.048 0.046 
 35 tata1255    (0)   :  0.007 0.972 0.012 0.009 
 36 turk1304    (0)   :  0.009 0.966 0.013 0.012 
 37 oroc1248    (0)   :  0.016 0.027 0.024 0.933 
 38 chuv1255    (0)   :  0.033 0.624 0.324 0.019 
 39 noga1249   (14)   :  0.034 0.749 0.163 0.054 
 40 dong1285    (7)   :  0.017 0.020 0.934 0.029 
 41 halh1238   (14)   :  0.018 0.085 0.864 0.033 
 42 ogam1239    (0)   :  0.843 0.009 0.137 0.012 
 43 cent2126    (7)   :  0.963 0.013 0.013 0.011 
 44 yona1241   (14)   :  0.034 0.012 0.907 0.047 
 45 kore1280    (0)   :  0.026 0.011 0.953 0.011 
 46 tuvi1240    (0)   :  0.016 0.631 0.310 0.044 
 47 huzh1238    (7)   :  0.035 0.011 0.941 0.013 
 48 khak1248    (0)   :  0.010 0.966 0.012 0.012 
 49 oldu1238    (7)   :  0.009 0.960 0.015 0.016 
 50 nucl1643    (0)   :  0.971 0.010 0.010 0.008 
 51 orok1265   (14)   :  0.016 0.009 0.012 0.963 
 52 midd1372   (14)   :  0.016 0.007 0.953 0.024 
 53 mogh1245   (28)   :  0.060 0.463 0.239 0.238 
 54 uigh1240    (7)   :  0.008 0.965 0.018 0.009 
 55 kara1467   (14)   :  0.009 0.965 0.016 0.011 
 56 russ1264   (14)   :  0.013 0.943 0.024 0.020 
 57 sout2954    (0)   :  0.963 0.009 0.014 0.014 
 58 berj1234    (0)   :  0.011 0.011 0.014 0.964 
 59 kham1281    (0)   :  0.017 0.864 0.053 0.065 
 60 dolg1241    (0)   :  0.010 0.965 0.013 0.012 


Estimated Allele Frequencies in each cluster
First column gives estimated ancestral frequencies


Locus 1 : TE003 
2 alleles
3.3% missing data
   1   (0.425) 0.026 0.982 0.441 0.088 
   0   (0.575) 0.974 0.018 0.559 0.912 

Locus 2 : TE004 
2 alleles
3.3% missing data
   0   (0.803) 0.990 0.995 0.847 0.384 
   1   (0.197) 0.010 0.005 0.153 0.616 

Locus 3 : TE005 
2 alleles
18.3% missing data
   0   (0.744) 0.987 0.992 0.784 0.155 
   1   (0.256) 0.013 0.008 0.216 0.845 

Locus 4 : TE006 
2 alleles
26.7% missing data
   0   (0.590) 0.114 0.984 0.528 0.961 
   1   (0.410) 0.886 0.016 0.472 0.039 

Locus 5 : TE007 
2 alleles
6.7% missing data
   0   (0.684) 0.706 0.993 0.634 0.968 
   1   (0.316) 0.294 0.007 0.366 0.032 

Locus 6 : TE008 
2 alleles
1.7% missing data
   1   (0.570) 0.912 0.933 0.460 0.958 
   0   (0.430) 0.088 0.067 0.540 0.042 

Locus 7 : TE031 
2 alleles
1.7% missing data
   1   (0.742) 0.040 0.866 0.811 0.977 
   0   (0.258) 0.960 0.134 0.189 0.023 

Locus 8 : TE037 
2 alleles
1.7% missing data
   1   (0.485) 0.604 0.870 0.487 0.149 
   0   (0.515) 0.396 0.130 0.513 0.851 

Locus 9 : TE038 
2 alleles
1.7% missing data
   1   (0.645) 0.036 0.992 0.691 0.674 
   0   (0.355) 0.964 0.008 0.309 0.326 

Locus 10 : TE039 
2 alleles
5.0% missing data
   1   (0.605) 0.968 0.519 0.575 0.874 
   0   (0.395) 0.032 0.481 0.425 0.126 

Locus 11 : TE078 
2 alleles
3.3% missing data
   0   (0.789) 0.990 0.995 0.740 0.981 
   1   (0.211) 0.010 0.005 0.260 0.019 

Locus 12 : TS079 
2 alleles
10.0% missing data
   0   (0.831) 0.992 0.996 0.876 0.551 
   1   (0.169) 0.008 0.004 0.124 0.449 

Locus 13 : TS080 
2 alleles
10.0% missing data
   0   (0.716) 0.987 0.079 0.777 0.769 
   1   (0.284) 0.013 0.921 0.223 0.231 

Locus 14 : TS088 
2 alleles
1.7% missing data
   0   (0.506) 0.973 0.952 0.341 0.953 
   1   (0.494) 0.027 0.048 0.659 0.047 

Values of parameters used in structure:
DATAFILE=phonology_structure,	OUTFILE=outfile_phonology_structure_K4_run18,	NUMINDS=60,	NUMLOCI=14,	MISSING=-9,	LABEL=1,	POPDATA=0,	POPFLAG=0,	PHENOTYPE=0,	EXTRACOLS=0,	MAXPOPS=4,	BURNIN=10000,	NUMREPS=100000,	USEPOPINFO=0,	INFERALPHA=1,	INFERLAMBDA=0,	POPSPECIFICLAMBDA=0,	POPALPHAS=0,	COMPUTEPROB=1,	NOADMIX=0,	ADMBURNIN=500,	UPDATEFREQ=100,	PRINTLIKES=0,	INTERMEDSAVE=0,	PRINTKLD=0,	PRINTNET=1,	PRINTLAMBDA=1,	ANCESTDIST=0,	NUMBOXES=1000,	ANCESTPINT=0.90000,	GENSBACK=2,	MIGRPRIOR=0.01000,	PRINTQHAT=0,	PRINTQSUM=1,	ALPHA=1.0000,	FREQSCORR=1,	FPRIORMEAN=0.0100,	FPRIORSD=0.0500,	ONEFST=0,	LAMBDA=1.0000,	UNIFPRIORALPHA=1,	ALPHAMAX=10.0000,	ALPHAPRIORA=1.0000,	ALPHAPRIORB=2.0000,	ALPHAPROPSD=0.0250,	STARTATPOPINFO=0,	RANDOMIZE=1,	LINKAGE=0,	METROFREQ=10,	REPORTHITRATE=0,	MARKOVPHASE=0,	PHASED=0,	PLOIDY=1,	PHASEINFO=0	LOCPRIOR=0, 	LOCPRIORINIT=1.000000, 	LOCDATA=0, 	LOCISPOP=0, 	LOCPRIORSTEP=0.100000, 	MAXLOCPRIOR=20.000000, 	SEED=1641245863,	
[STRAT parameters]:    NUMSIMSTATS=1000,	PHENOTYPECOL=-9,	POOLFREQ=10,	LOCUSxONLY=0,	EMERROR=0.00100,	MISSINGPHENO=-9,	