

----------------------------------------------------
STRUCTURE by Pritchard, Stephens and Donnelly (2000)
     and Falush, Stephens and Pritchard (2003)
       Code by Pritchard, Falush and Hubisz
             Version 2.3.4 (Jul 2012)
----------------------------------------------------



Command line arguments:   ./structure -m mainparams -K 3 -i phonology_structure -L 14 -o outfile_phonology_structure_K3_run23 
Input File:    phonology_structure

Run parameters:
   60 individuals
   14 loci
   3 populations assumed
   10000 Burn-in period
   100000 Reps


--------------------------------------------
Overall proportion of membership of the
sample in each of the 3 clusters

Inferred Clusters
  1      2      3    
0.435  0.379  0.187  

--------------------------------------------

Allele-freq. divergence among pops (Net nucleotide distance),
computed using point estimates of P.

      1       2       3      
 1      -    0.1442  0.3105  
 2   0.1442     -    0.1615  
 3   0.3105  0.1615     -    

Average distances (expected heterozygosity) between individuals in same cluster:
cluster  1  : 0.1210 
cluster  2  : 0.4004 
cluster  3  : 0.1288 

--------------------------------------------
Estimated Ln Prob of Data   = -298.8
Mean value of ln likelihood = -277.1
Variance of ln likelihood   = 43.5
Mean value of alpha         = 0.0520

Mean value of Fst_1         = 0.6527
Mean value of Fst_2         = 0.0099
Mean value of Fst_3         = 0.6801


Inferred ancestry of individuals:
        Label (%Miss) :  Inferred clusters
  1 torg1245   (21)   :  0.952 0.030 0.018 
  2 oldj1239   (14)   :  0.021 0.908 0.071 
  3 crim1257    (0)   :  0.978 0.013 0.008 
  4 bash1264    (7)   :  0.979 0.013 0.008 
  5 anat1259    (0)   :  0.957 0.015 0.028 
  6 okin1246    (0)   :  0.012 0.012 0.977 
  7 yaku1245    (0)   :  0.926 0.057 0.018 
  8 daur1238    (0)   :  0.567 0.421 0.012 
  9 east2337   (14)   :  0.033 0.951 0.016 
 10 ikem1235    (7)   :  0.011 0.014 0.975 
 11 sibe1251    (0)   :  0.034 0.956 0.010 
 12 nort2697    (0)   :  0.956 0.015 0.029 
 13 bona1250    (0)   :  0.015 0.924 0.061 
 14 ulch1241   (14)   :  0.289 0.694 0.016 
 15 nort2935   (14)   :  0.014 0.025 0.961 
 16 gaga1249    (0)   :  0.937 0.018 0.045 
 17 tara1319    (0)   :  0.009 0.012 0.980 
 18 moma1245   (21)   :  0.049 0.928 0.023 
 19 manc1252    (0)   :  0.112 0.861 0.026 
 20 shor1247    (0)   :  0.974 0.015 0.011 
 21 kaza1248    (0)   :  0.979 0.013 0.008 
 22 midd1351   (14)   :  0.811 0.153 0.036 
 23 chag1247   (71)   :  0.416 0.429 0.156 
 24 huih1238   (14)   :  0.058 0.912 0.030 
 25 ordo1245    (0)   :  0.558 0.431 0.011 
 26 turk1303    (0)   :  0.974 0.015 0.011 
 27 negi1245    (0)   :  0.013 0.947 0.040 
 28 nana1257    (0)   :  0.020 0.962 0.019 
 29 nort2690    (7)   :  0.538 0.307 0.155 
 30 shur1243    (0)   :  0.010 0.017 0.973 
 31 minh1238    (0)   :  0.020 0.803 0.177 
 32 udih1248    (0)   :  0.034 0.939 0.026 
 33 oira1262   (14)   :  0.823 0.164 0.013 
 34 hate1238    (7)   :  0.067 0.064 0.869 
 35 tata1255    (0)   :  0.980 0.012 0.008 
 36 turk1304    (0)   :  0.975 0.014 0.011 
 37 oroc1248    (0)   :  0.021 0.965 0.015 
 38 chuv1255    (0)   :  0.799 0.161 0.041 
 39 noga1249   (14)   :  0.812 0.151 0.036 
 40 dong1285    (7)   :  0.028 0.955 0.017 
 41 halh1238   (14)   :  0.183 0.792 0.025 
 42 ogam1239    (0)   :  0.012 0.090 0.898 
 43 cent2126    (7)   :  0.016 0.015 0.969 
 44 yona1241   (14)   :  0.015 0.956 0.029 
 45 kore1280    (0)   :  0.020 0.932 0.049 
 46 tuvi1240    (0)   :  0.777 0.204 0.019 
 47 huzh1238    (7)   :  0.019 0.901 0.081 
 48 khak1248    (0)   :  0.976 0.013 0.011 
 49 oldu1238    (7)   :  0.969 0.020 0.011 
 50 nucl1643    (0)   :  0.012 0.013 0.975 
 51 orok1265   (14)   :  0.016 0.948 0.036 
 52 midd1372   (14)   :  0.009 0.971 0.020 
 53 mogh1245   (28)   :  0.462 0.466 0.072 
 54 uigh1240    (7)   :  0.976 0.014 0.010 
 55 kara1467   (14)   :  0.974 0.016 0.010 
 56 russ1264   (14)   :  0.962 0.024 0.014 
 57 sout2954    (0)   :  0.010 0.016 0.974 
 58 berj1234    (0)   :  0.019 0.964 0.018 
 59 kham1281    (0)   :  0.918 0.064 0.018 
 60 dolg1241    (0)   :  0.974 0.014 0.011 


Estimated Allele Frequencies in each cluster
First column gives estimated ancestral frequencies


Locus 1 : TE003 
2 alleles
3.3% missing data
   1   (0.288) 0.976 0.280 0.019 
   0   (0.712) 0.024 0.720 0.981 

Locus 2 : TE004 
2 alleles
3.3% missing data
   0   (0.677) 0.992 0.669 0.983 
   1   (0.323) 0.008 0.331 0.017 

Locus 3 : TE005 
2 alleles
18.3% missing data
   0   (0.497) 0.979 0.482 0.972 
   1   (0.503) 0.021 0.518 0.028 

Locus 4 : TE006 
2 alleles
26.7% missing data
   0   (0.709) 0.986 0.715 0.131 
   1   (0.291) 0.014 0.285 0.869 

Locus 5 : TE007 
2 alleles
6.7% missing data
   0   (0.747) 0.994 0.750 0.694 
   1   (0.253) 0.006 0.250 0.306 

Locus 6 : TE008 
2 alleles
1.7% missing data
   1   (0.667) 0.899 0.669 0.897 
   0   (0.333) 0.101 0.331 0.103 

Locus 7 : TE031 
2 alleles
1.7% missing data
   1   (0.843) 0.873 0.859 0.050 
   0   (0.157) 0.127 0.141 0.950 

Locus 8 : TE037 
2 alleles
1.7% missing data
   1   (0.376) 0.821 0.368 0.585 
   0   (0.624) 0.179 0.632 0.415 

Locus 9 : TE038 
2 alleles
1.7% missing data
   1   (0.678) 0.993 0.682 0.044 
   0   (0.322) 0.007 0.318 0.956 

Locus 10 : TE039 
2 alleles
5.0% missing data
   1   (0.671) 0.539 0.674 0.968 
   0   (0.329) 0.461 0.326 0.032 

Locus 11 : TE078 
2 alleles
3.3% missing data
   0   (0.829) 0.996 0.829 0.991 
   1   (0.171) 0.004 0.171 0.009 

Locus 12 : TS079 
2 alleles
10.0% missing data
   0   (0.768) 0.994 0.764 0.989 
   1   (0.232) 0.006 0.236 0.011 

Locus 13 : TS080 
2 alleles
10.0% missing data
   0   (0.787) 0.101 0.795 0.990 
   1   (0.213) 0.899 0.205 0.010 

Locus 14 : TS088 
2 alleles
1.7% missing data
   0   (0.591) 0.925 0.585 0.971 
   1   (0.409) 0.075 0.415 0.029 

Values of parameters used in structure:
DATAFILE=phonology_structure,	OUTFILE=outfile_phonology_structure_K3_run23,	NUMINDS=60,	NUMLOCI=14,	MISSING=-9,	LABEL=1,	POPDATA=0,	POPFLAG=0,	PHENOTYPE=0,	EXTRACOLS=0,	MAXPOPS=3,	BURNIN=10000,	NUMREPS=100000,	USEPOPINFO=0,	INFERALPHA=1,	INFERLAMBDA=0,	POPSPECIFICLAMBDA=0,	POPALPHAS=0,	COMPUTEPROB=1,	NOADMIX=0,	ADMBURNIN=500,	UPDATEFREQ=100,	PRINTLIKES=0,	INTERMEDSAVE=0,	PRINTKLD=0,	PRINTNET=1,	PRINTLAMBDA=1,	ANCESTDIST=0,	NUMBOXES=1000,	ANCESTPINT=0.90000,	GENSBACK=2,	MIGRPRIOR=0.01000,	PRINTQHAT=0,	PRINTQSUM=1,	ALPHA=1.0000,	FREQSCORR=1,	FPRIORMEAN=0.0100,	FPRIORSD=0.0500,	ONEFST=0,	LAMBDA=1.0000,	UNIFPRIORALPHA=1,	ALPHAMAX=10.0000,	ALPHAPRIORA=1.0000,	ALPHAPRIORB=2.0000,	ALPHAPROPSD=0.0250,	STARTATPOPINFO=0,	RANDOMIZE=1,	LINKAGE=0,	METROFREQ=10,	REPORTHITRATE=0,	MARKOVPHASE=0,	PHASED=0,	PLOIDY=1,	PHASEINFO=0	LOCPRIOR=0, 	LOCPRIORINIT=1.000000, 	LOCDATA=0, 	LOCISPOP=0, 	LOCPRIORSTEP=0.100000, 	MAXLOCPRIOR=20.000000, 	SEED=1641260266,	
[STRAT parameters]:    NUMSIMSTATS=1000,	PHENOTYPECOL=-9,	POOLFREQ=10,	LOCUSxONLY=0,	EMERROR=0.00100,	MISSINGPHENO=-9,	