

----------------------------------------------------
STRUCTURE by Pritchard, Stephens and Donnelly (2000)
     and Falush, Stephens and Pritchard (2003)
       Code by Pritchard, Falush and Hubisz
             Version 2.3.4 (Jul 2012)
----------------------------------------------------



Command line arguments:   ./structure -m mainparams -K 7 -i phonology_structure -L 14 -o outfile_phonology_structure_K7_run35 
Input File:    phonology_structure

Run parameters:
   60 individuals
   14 loci
   7 populations assumed
   10000 Burn-in period
   100000 Reps


--------------------------------------------
Overall proportion of membership of the
sample in each of the 7 clusters

Inferred Clusters
  1      2      3      4      5      6      7    
0.165  0.147  0.092  0.138  0.119  0.180  0.159  

--------------------------------------------

Allele-freq. divergence among pops (Net nucleotide distance),
computed using point estimates of P.

      1       2       3       4       5       6       7      
 1      -    0.2274  0.1574  0.1927  0.1897  0.2454  0.2788  
 2   0.2274     -    0.0303  0.0071  0.0142  0.0021  0.1779  
 3   0.1574  0.0303     -    0.0091  0.0047  0.0466  0.1297  
 4   0.1927  0.0071  0.0091     -    0.0017  0.0159  0.1529  
 5   0.1897  0.0142  0.0047  0.0017     -    0.0263  0.1489  
 6   0.2454  0.0021  0.0466  0.0159  0.0263     -    0.2018  
 7   0.2788  0.1779  0.1297  0.1529  0.1489  0.2018     -    

Average distances (expected heterozygosity) between individuals in same cluster:
cluster  1  : 0.1097 
cluster  2  : 0.2864 
cluster  3  : 0.4042 
cluster  4  : 0.3494 
cluster  5  : 0.3685 
cluster  6  : 0.2472 
cluster  7  : 0.1933 

--------------------------------------------
Estimated Ln Prob of Data   = -377.8
Mean value of ln likelihood = -235.0
Variance of ln likelihood   = 285.4
Mean value of alpha         = 0.0397

Mean value of Fst_1         = 0.7218
Mean value of Fst_2         = 0.4069
Mean value of Fst_3         = 0.0035
Mean value of Fst_4         = 0.3141
Mean value of Fst_5         = 0.2439
Mean value of Fst_6         = 0.5198
Mean value of Fst_7         = 0.5792


Inferred ancestry of individuals:
        Label (%Miss) :  Inferred clusters
  1 torg1245   (21)   :  0.015 0.227 0.046 0.227 0.112 0.358 0.015 
  2 oldj1239   (14)   :  0.057 0.079 0.170 0.113 0.126 0.067 0.387 
  3 crim1257    (0)   :  0.006 0.271 0.014 0.169 0.137 0.394 0.008 
  4 bash1264    (7)   :  0.006 0.271 0.016 0.171 0.137 0.392 0.007 
  5 anat1259    (0)   :  0.023 0.282 0.033 0.149 0.124 0.382 0.007 
  6 okin1246    (0)   :  0.945 0.009 0.010 0.010 0.009 0.009 0.007 
  7 yaku1245    (0)   :  0.013 0.240 0.058 0.210 0.156 0.285 0.039 
  8 daur1238    (0)   :  0.007 0.200 0.183 0.195 0.268 0.136 0.013 
  9 east2337   (14)   :  0.010 0.140 0.306 0.201 0.216 0.107 0.020 
 10 ikem1235    (7)   :  0.926 0.011 0.017 0.014 0.013 0.010 0.007 
 11 sibe1251    (0)   :  0.005 0.018 0.015 0.015 0.013 0.016 0.918 
 12 nort2697    (0)   :  0.022 0.274 0.031 0.147 0.132 0.387 0.007 
 13 bona1250    (0)   :  0.043 0.124 0.265 0.221 0.210 0.098 0.039 
 14 ulch1241   (14)   :  0.010 0.126 0.113 0.109 0.104 0.110 0.428 
 15 nort2935   (14)   :  0.899 0.014 0.022 0.016 0.017 0.012 0.020 
 16 gaga1249    (0)   :  0.052 0.229 0.045 0.175 0.121 0.367 0.011 
 17 tara1319    (0)   :  0.935 0.010 0.015 0.012 0.012 0.010 0.006 
 18 moma1245   (21)   :  0.013 0.041 0.051 0.035 0.039 0.025 0.796 
 19 manc1252    (0)   :  0.020 0.161 0.203 0.143 0.140 0.127 0.206 
 20 shor1247    (0)   :  0.008 0.223 0.019 0.236 0.118 0.385 0.010 
 21 kaza1248    (0)   :  0.006 0.275 0.013 0.168 0.139 0.391 0.007 
 22 midd1351   (14)   :  0.020 0.274 0.110 0.153 0.129 0.290 0.024 
 23 chag1247   (71)   :  0.071 0.169 0.217 0.176 0.188 0.146 0.033 
 24 huih1238   (14)   :  0.022 0.055 0.068 0.055 0.056 0.040 0.704 
 25 ordo1245    (0)   :  0.007 0.211 0.168 0.205 0.266 0.130 0.013 
 26 turk1303    (0)   :  0.009 0.225 0.022 0.234 0.117 0.384 0.010 
 27 negi1245    (0)   :  0.020 0.012 0.018 0.014 0.014 0.010 0.912 
 28 nana1257    (0)   :  0.011 0.019 0.024 0.016 0.020 0.016 0.893 
 29 nort2690    (7)   :  0.058 0.206 0.190 0.168 0.164 0.202 0.012 
 30 shur1243    (0)   :  0.935 0.009 0.012 0.011 0.011 0.008 0.013 
 31 minh1238    (0)   :  0.069 0.100 0.254 0.217 0.242 0.109 0.008 
 32 udih1248    (0)   :  0.017 0.027 0.035 0.029 0.026 0.027 0.839 
 33 oira1262   (14)   :  0.010 0.243 0.123 0.199 0.155 0.256 0.014 
 34 hate1238    (7)   :  0.738 0.052 0.051 0.043 0.039 0.046 0.031 
 35 tata1255    (0)   :  0.006 0.267 0.016 0.173 0.131 0.399 0.008 
 36 turk1304    (0)   :  0.009 0.235 0.019 0.227 0.114 0.388 0.010 
 37 oroc1248    (0)   :  0.014 0.026 0.031 0.023 0.026 0.024 0.856 
 38 chuv1255    (0)   :  0.021 0.216 0.185 0.161 0.210 0.196 0.011 
 39 noga1249   (14)   :  0.020 0.272 0.112 0.161 0.134 0.276 0.024 
 40 dong1285    (7)   :  0.013 0.112 0.251 0.245 0.238 0.122 0.018 
 41 halh1238   (14)   :  0.014 0.167 0.258 0.204 0.224 0.116 0.017 
 42 ogam1239    (0)   :  0.750 0.030 0.074 0.050 0.058 0.027 0.010 
 43 cent2126    (7)   :  0.931 0.012 0.013 0.012 0.012 0.011 0.009 
 44 yona1241   (14)   :  0.028 0.116 0.266 0.221 0.220 0.117 0.032 
 45 kore1280    (0)   :  0.025 0.120 0.283 0.221 0.226 0.116 0.009 
 46 tuvi1240    (0)   :  0.010 0.233 0.127 0.202 0.227 0.180 0.021 
 47 huzh1238    (7)   :  0.039 0.117 0.252 0.238 0.236 0.107 0.010 
 48 khak1248    (0)   :  0.009 0.220 0.019 0.228 0.121 0.392 0.010 
 49 oldu1238    (7)   :  0.009 0.217 0.021 0.226 0.124 0.390 0.013 
 50 nucl1643    (0)   :  0.941 0.009 0.012 0.010 0.010 0.010 0.008 
 51 orok1265   (14)   :  0.014 0.009 0.014 0.011 0.011 0.008 0.932 
 52 midd1372   (14)   :  0.015 0.113 0.278 0.234 0.228 0.114 0.017 
 53 mogh1245   (28)   :  0.043 0.216 0.140 0.151 0.134 0.232 0.084 
 54 uigh1240    (7)   :  0.007 0.271 0.018 0.167 0.138 0.393 0.007 
 55 kara1467   (14)   :  0.007 0.265 0.019 0.172 0.133 0.395 0.009 
 56 russ1264   (14)   :  0.012 0.234 0.037 0.220 0.118 0.363 0.017 
 57 sout2954    (0)   :  0.938 0.010 0.011 0.010 0.011 0.010 0.011 
 58 berj1234    (0)   :  0.009 0.015 0.020 0.017 0.018 0.012 0.910 
 59 kham1281    (0)   :  0.013 0.241 0.062 0.205 0.159 0.279 0.041 
 60 dolg1241    (0)   :  0.008 0.225 0.020 0.225 0.122 0.390 0.010 


Estimated Allele Frequencies in each cluster
First column gives estimated ancestral frequencies


Locus 1 : TE003 
2 alleles
3.3% missing data
   1   (0.535) 0.025 0.796 0.532 0.661 0.636 0.837 0.072 
   0   (0.465) 0.975 0.204 0.468 0.339 0.364 0.163 0.928 

Locus 2 : TE004 
2 alleles
3.3% missing data
   0   (0.807) 0.992 0.913 0.807 0.881 0.865 0.947 0.318 
   1   (0.193) 0.008 0.087 0.193 0.119 0.135 0.053 0.682 

Locus 3 : TE005 
2 alleles
18.3% missing data
   0   (0.765) 0.989 0.901 0.765 0.850 0.838 0.925 0.114 
   1   (0.235) 0.011 0.099 0.235 0.150 0.162 0.075 0.886 

Locus 4 : TE006 
2 alleles
26.7% missing data
   0   (0.645) 0.093 0.845 0.642 0.735 0.718 0.854 0.970 
   1   (0.355) 0.907 0.155 0.358 0.265 0.282 0.146 0.030 

Locus 5 : TE007 
2 alleles
6.7% missing data
   0   (0.734) 0.709 0.876 0.732 0.807 0.788 0.896 0.975 
   1   (0.266) 0.291 0.124 0.268 0.193 0.212 0.104 0.025 

Locus 6 : TE008 
2 alleles
1.7% missing data
   1   (0.592) 0.934 0.767 0.590 0.663 0.591 0.832 0.965 
   0   (0.408) 0.066 0.233 0.410 0.337 0.409 0.168 0.035 

Locus 7 : TE031 
2 alleles
1.7% missing data
   1   (0.775) 0.035 0.848 0.777 0.859 0.824 0.839 0.982 
   0   (0.225) 0.965 0.152 0.223 0.141 0.176 0.161 0.018 

Locus 8 : TE037 
2 alleles
1.7% missing data
   1   (0.518) 0.612 0.696 0.517 0.606 0.524 0.785 0.113 
   0   (0.482) 0.388 0.304 0.483 0.394 0.476 0.215 0.887 

Locus 9 : TE038 
2 alleles
1.7% missing data
   1   (0.710) 0.033 0.869 0.709 0.805 0.804 0.904 0.662 
   0   (0.290) 0.967 0.131 0.291 0.195 0.196 0.096 0.338 

Locus 10 : TE039 
2 alleles
5.0% missing data
   1   (0.640) 0.976 0.563 0.638 0.626 0.630 0.539 0.936 
   0   (0.360) 0.024 0.437 0.362 0.374 0.370 0.461 0.064 

Locus 11 : TE078 
2 alleles
3.3% missing data
   0   (0.829) 0.993 0.922 0.826 0.861 0.854 0.934 0.985 
   1   (0.171) 0.007 0.078 0.174 0.139 0.146 0.066 0.015 

Locus 12 : TS079 
2 alleles
10.0% missing data
   0   (0.860) 0.994 0.937 0.861 0.933 0.911 0.948 0.493 
   1   (0.140) 0.006 0.063 0.139 0.067 0.089 0.052 0.507 

Locus 13 : TS080 
2 alleles
10.0% missing data
   0   (0.709) 0.988 0.390 0.712 0.511 0.562 0.293 0.770 
   1   (0.291) 0.012 0.610 0.288 0.489 0.438 0.707 0.230 

Locus 14 : TS088 
2 alleles
1.7% missing data
   0   (0.547) 0.979 0.753 0.543 0.631 0.558 0.800 0.961 
   1   (0.453) 0.021 0.247 0.457 0.369 0.442 0.200 0.039 

Values of parameters used in structure:
DATAFILE=phonology_structure,	OUTFILE=outfile_phonology_structure_K7_run35,	NUMINDS=60,	NUMLOCI=14,	MISSING=-9,	LABEL=1,	POPDATA=0,	POPFLAG=0,	PHENOTYPE=0,	EXTRACOLS=0,	MAXPOPS=7,	BURNIN=10000,	NUMREPS=100000,	USEPOPINFO=0,	INFERALPHA=1,	INFERLAMBDA=0,	POPSPECIFICLAMBDA=0,	POPALPHAS=0,	COMPUTEPROB=1,	NOADMIX=0,	ADMBURNIN=500,	UPDATEFREQ=100,	PRINTLIKES=0,	INTERMEDSAVE=0,	PRINTKLD=0,	PRINTNET=1,	PRINTLAMBDA=1,	ANCESTDIST=0,	NUMBOXES=1000,	ANCESTPINT=0.90000,	GENSBACK=2,	MIGRPRIOR=0.01000,	PRINTQHAT=0,	PRINTQSUM=1,	ALPHA=1.0000,	FREQSCORR=1,	FPRIORMEAN=0.0100,	FPRIORSD=0.0500,	ONEFST=0,	LAMBDA=1.0000,	UNIFPRIORALPHA=1,	ALPHAMAX=10.0000,	ALPHAPRIORA=1.0000,	ALPHAPRIORB=2.0000,	ALPHAPROPSD=0.0250,	STARTATPOPINFO=0,	RANDOMIZE=1,	LINKAGE=0,	METROFREQ=10,	REPORTHITRATE=0,	MARKOVPHASE=0,	PHASED=0,	PLOIDY=1,	PHASEINFO=0	LOCPRIOR=0, 	LOCPRIORINIT=1.000000, 	LOCDATA=0, 	LOCISPOP=0, 	LOCPRIORSTEP=0.100000, 	MAXLOCPRIOR=20.000000, 	SEED=1641284449,	
[STRAT parameters]:    NUMSIMSTATS=1000,	PHENOTYPECOL=-9,	POOLFREQ=10,	LOCUSxONLY=0,	EMERROR=0.00100,	MISSINGPHENO=-9,	