

----------------------------------------------------
STRUCTURE by Pritchard, Stephens and Donnelly (2000)
     and Falush, Stephens and Pritchard (2003)
       Code by Pritchard, Falush and Hubisz
             Version 2.3.4 (Jul 2012)
----------------------------------------------------



Command line arguments:   ./structure -m mainparams -K 7 -i phonology_structure -L 14 -o outfile_phonology_structure_K7_run16 
Input File:    phonology_structure

Run parameters:
   60 individuals
   14 loci
   7 populations assumed
   10000 Burn-in period
   100000 Reps


--------------------------------------------
Overall proportion of membership of the
sample in each of the 7 clusters

Inferred Clusters
  1      2      3      4      5      6      7    
0.130  0.157  0.162  0.093  0.178  0.189  0.093  

--------------------------------------------

Allele-freq. divergence among pops (Net nucleotide distance),
computed using point estimates of P.

      1       2       3       4       5       6       7      
 1      -    0.1553  0.1859  0.0147  0.0248  0.0169  0.0151  
 2   0.1553     -    0.2790  0.1362  0.2103  0.2005  0.1358  
 3   0.1859  0.2790     -    0.1505  0.2746  0.2335  0.1497  
 4   0.0147  0.1362  0.1505     -    0.0763  0.0570  0.0000  
 5   0.0248  0.2103  0.2746  0.0763     -    0.0124  0.0773  
 6   0.0169  0.2005  0.2335  0.0570  0.0124     -    0.0576  
 7   0.0151  0.1358  0.1497  0.0000  0.0773  0.0576     -    

Average distances (expected heterozygosity) between individuals in same cluster:
cluster  1  : 0.3511 
cluster  2  : 0.1889 
cluster  3  : 0.1086 
cluster  4  : 0.3894 
cluster  5  : 0.2104 
cluster  6  : 0.2603 
cluster  7  : 0.3899 

--------------------------------------------
Estimated Ln Prob of Data   = -318.7
Mean value of ln likelihood = -230.5
Variance of ln likelihood   = 176.4
Mean value of alpha         = 0.0391

Mean value of Fst_1         = 0.2999
Mean value of Fst_2         = 0.5840
Mean value of Fst_3         = 0.7124
Mean value of Fst_4         = 0.0286
Mean value of Fst_5         = 0.6062
Mean value of Fst_6         = 0.5136
Mean value of Fst_7         = 0.0351


Inferred ancestry of individuals:
        Label (%Miss) :  Inferred clusters
  1 torg1245   (21)   :  0.199 0.015 0.016 0.038 0.393 0.287 0.052 
  2 oldj1239   (14)   :  0.126 0.283 0.049 0.205 0.043 0.086 0.208 
  3 crim1257    (0)   :  0.141 0.007 0.006 0.018 0.255 0.557 0.016 
  4 bash1264    (7)   :  0.138 0.007 0.006 0.017 0.261 0.552 0.018 
  5 anat1259    (0)   :  0.140 0.006 0.023 0.021 0.248 0.538 0.024 
  6 okin1246    (0)   :  0.010 0.008 0.942 0.010 0.009 0.010 0.012 
  7 yaku1245    (0)   :  0.227 0.033 0.013 0.051 0.485 0.145 0.046 
  8 daur1238    (0)   :  0.230 0.011 0.006 0.129 0.424 0.076 0.123 
  9 east2337   (14)   :  0.193 0.018 0.009 0.316 0.065 0.096 0.302 
 10 ikem1235    (7)   :  0.016 0.007 0.911 0.020 0.010 0.014 0.023 
 11 sibe1251    (0)   :  0.018 0.915 0.005 0.012 0.025 0.016 0.010 
 12 nort2697    (0)   :  0.137 0.006 0.024 0.022 0.246 0.544 0.021 
 13 bona1250    (0)   :  0.191 0.025 0.026 0.287 0.042 0.109 0.321 
 14 ulch1241   (14)   :  0.119 0.403 0.010 0.088 0.197 0.091 0.090 
 15 nort2935   (14)   :  0.016 0.018 0.890 0.023 0.012 0.017 0.024 
 16 gaga1249    (0)   :  0.162 0.011 0.052 0.027 0.313 0.397 0.038 
 17 tara1319    (0)   :  0.012 0.006 0.933 0.015 0.008 0.011 0.015 
 18 moma1245   (21)   :  0.040 0.788 0.013 0.050 0.025 0.033 0.051 
 19 manc1252    (0)   :  0.144 0.219 0.020 0.194 0.087 0.146 0.189 
 20 shor1247    (0)   :  0.202 0.010 0.009 0.021 0.407 0.319 0.031 
 21 kaza1248    (0)   :  0.139 0.007 0.006 0.016 0.258 0.557 0.016 
 22 midd1351   (14)   :  0.165 0.026 0.023 0.104 0.208 0.371 0.104 
 23 chag1247   (71)   :  0.176 0.030 0.067 0.224 0.144 0.157 0.201 
 24 huih1238   (14)   :  0.042 0.745 0.021 0.053 0.049 0.038 0.053 
 25 ordo1245    (0)   :  0.222 0.011 0.006 0.145 0.424 0.078 0.114 
 26 turk1303    (0)   :  0.197 0.010 0.010 0.019 0.407 0.324 0.033 
 27 negi1245    (0)   :  0.012 0.914 0.021 0.016 0.010 0.011 0.016 
 28 nana1257    (0)   :  0.018 0.871 0.012 0.033 0.014 0.021 0.031 
 29 nort2690    (7)   :  0.184 0.010 0.053 0.194 0.140 0.223 0.196 
 30 shur1243    (0)   :  0.011 0.012 0.929 0.015 0.009 0.011 0.014 
 31 minh1238    (0)   :  0.181 0.007 0.048 0.298 0.051 0.121 0.295 
 32 udih1248    (0)   :  0.026 0.831 0.017 0.034 0.032 0.028 0.031 
 33 oira1262   (14)   :  0.224 0.014 0.011 0.096 0.393 0.164 0.098 
 34 hate1238    (7)   :  0.041 0.028 0.746 0.049 0.036 0.050 0.048 
 35 tata1255    (0)   :  0.143 0.007 0.006 0.016 0.251 0.565 0.013 
 36 turk1304    (0)   :  0.195 0.010 0.009 0.020 0.427 0.307 0.032 
 37 oroc1248    (0)   :  0.022 0.869 0.014 0.026 0.020 0.026 0.024 
 38 chuv1255    (0)   :  0.191 0.013 0.023 0.147 0.252 0.227 0.147 
 39 noga1249   (14)   :  0.172 0.024 0.022 0.099 0.212 0.372 0.099 
 40 dong1285    (7)   :  0.192 0.016 0.011 0.292 0.054 0.126 0.309 
 41 halh1238   (14)   :  0.191 0.017 0.014 0.283 0.132 0.112 0.252 
 42 ogam1239    (0)   :  0.063 0.009 0.667 0.094 0.020 0.045 0.102 
 43 cent2126    (7)   :  0.012 0.009 0.927 0.016 0.010 0.012 0.014 
 44 yona1241   (14)   :  0.196 0.022 0.024 0.288 0.052 0.119 0.299 
 45 kore1280    (0)   :  0.206 0.009 0.023 0.299 0.064 0.113 0.286 
 46 tuvi1240    (0)   :  0.231 0.017 0.010 0.094 0.479 0.083 0.086 
 47 huzh1238    (7)   :  0.189 0.009 0.023 0.297 0.056 0.116 0.310 
 48 khak1248    (0)   :  0.198 0.010 0.009 0.019 0.417 0.316 0.031 
 49 oldu1238    (7)   :  0.196 0.013 0.009 0.023 0.425 0.300 0.033 
 50 nucl1643    (0)   :  0.009 0.007 0.944 0.011 0.007 0.011 0.011 
 51 orok1265   (14)   :  0.010 0.936 0.014 0.012 0.008 0.009 0.012 
 52 midd1372   (14)   :  0.190 0.019 0.012 0.318 0.051 0.121 0.290 
 53 mogh1245   (28)   :  0.171 0.073 0.036 0.161 0.141 0.258 0.160 
 54 uigh1240    (7)   :  0.140 0.007 0.007 0.019 0.256 0.555 0.016 
 55 kara1467   (14)   :  0.135 0.009 0.007 0.020 0.262 0.549 0.019 
 56 russ1264   (14)   :  0.187 0.014 0.011 0.031 0.405 0.313 0.039 
 57 sout2954    (0)   :  0.012 0.012 0.930 0.014 0.010 0.010 0.013 
 58 berj1234    (0)   :  0.015 0.924 0.009 0.015 0.012 0.012 0.014 
 59 kham1281    (0)   :  0.228 0.031 0.013 0.051 0.491 0.137 0.049 
 60 dolg1241    (0)   :  0.200 0.010 0.009 0.023 0.414 0.312 0.033 


Estimated Allele Frequencies in each cluster
First column gives estimated ancestral frequencies


Locus 1 : TE003 
2 alleles
3.3% missing data
   1   (0.341) 0.596 0.049 0.018 0.360 0.887 0.743 0.355 
   0   (0.659) 0.404 0.951 0.982 0.640 0.113 0.257 0.645 

Locus 2 : TE004 
2 alleles
3.3% missing data
   0   (0.889) 0.923 0.301 0.995 0.897 0.970 0.971 0.894 
   1   (0.111) 0.077 0.699 0.005 0.103 0.030 0.029 0.106 

Locus 3 : TE005 
2 alleles
18.3% missing data
   0   (0.753) 0.842 0.117 0.988 0.761 0.948 0.913 0.759 
   1   (0.247) 0.158 0.883 0.012 0.239 0.052 0.087 0.241 

Locus 4 : TE006 
2 alleles
26.7% missing data
   0   (0.603) 0.714 0.967 0.099 0.613 0.916 0.869 0.606 
   1   (0.397) 0.286 0.033 0.901 0.387 0.084 0.131 0.394 

Locus 5 : TE007 
2 alleles
6.7% missing data
   0   (0.636) 0.763 0.967 0.724 0.642 0.939 0.872 0.638 
   1   (0.364) 0.237 0.033 0.276 0.358 0.061 0.128 0.362 

Locus 6 : TE008 
2 alleles
1.7% missing data
   1   (0.581) 0.646 0.965 0.939 0.578 0.744 0.852 0.583 
   0   (0.419) 0.354 0.035 0.061 0.422 0.256 0.148 0.417 

Locus 7 : TE031 
2 alleles
1.7% missing data
   1   (0.812) 0.865 0.984 0.039 0.821 0.905 0.818 0.824 
   0   (0.188) 0.135 0.016 0.961 0.179 0.095 0.182 0.176 

Locus 8 : TE037 
2 alleles
1.7% missing data
   1   (0.493) 0.590 0.113 0.620 0.493 0.637 0.776 0.496 
   0   (0.507) 0.410 0.887 0.380 0.507 0.363 0.224 0.504 

Locus 9 : TE038 
2 alleles
1.7% missing data
   1   (0.718) 0.824 0.667 0.035 0.732 0.942 0.901 0.732 
   0   (0.282) 0.176 0.333 0.965 0.268 0.058 0.099 0.268 

Locus 10 : TE039 
2 alleles
5.0% missing data
   1   (0.619) 0.612 0.942 0.974 0.621 0.700 0.431 0.621 
   0   (0.381) 0.388 0.058 0.026 0.379 0.300 0.569 0.379 

Locus 11 : TE078 
2 alleles
3.3% missing data
   0   (0.782) 0.855 0.982 0.990 0.787 0.960 0.918 0.782 
   1   (0.218) 0.145 0.018 0.010 0.213 0.040 0.082 0.218 

Locus 12 : TS079 
2 alleles
10.0% missing data
   0   (0.879) 0.936 0.487 0.994 0.884 0.979 0.948 0.884 
   1   (0.121) 0.064 0.513 0.006 0.116 0.021 0.052 0.116 

Locus 13 : TS080 
2 alleles
10.0% missing data
   0   (0.811) 0.529 0.789 0.991 0.794 0.190 0.358 0.798 
   1   (0.189) 0.471 0.211 0.009 0.206 0.810 0.642 0.202 

Locus 14 : TS088 
2 alleles
1.7% missing data
   0   (0.530) 0.655 0.960 0.977 0.531 0.774 0.801 0.535 
   1   (0.470) 0.345 0.040 0.023 0.469 0.226 0.199 0.465 

Values of parameters used in structure:
DATAFILE=phonology_structure,	OUTFILE=outfile_phonology_structure_K7_run16,	NUMINDS=60,	NUMLOCI=14,	MISSING=-9,	LABEL=1,	POPDATA=0,	POPFLAG=0,	PHENOTYPE=0,	EXTRACOLS=0,	MAXPOPS=7,	BURNIN=10000,	NUMREPS=100000,	USEPOPINFO=0,	INFERALPHA=1,	INFERLAMBDA=0,	POPSPECIFICLAMBDA=0,	POPALPHAS=0,	COMPUTEPROB=1,	NOADMIX=0,	ADMBURNIN=500,	UPDATEFREQ=100,	PRINTLIKES=0,	INTERMEDSAVE=0,	PRINTKLD=0,	PRINTNET=1,	PRINTLAMBDA=1,	ANCESTDIST=0,	NUMBOXES=1000,	ANCESTPINT=0.90000,	GENSBACK=2,	MIGRPRIOR=0.01000,	PRINTQHAT=0,	PRINTQSUM=1,	ALPHA=1.0000,	FREQSCORR=1,	FPRIORMEAN=0.0100,	FPRIORSD=0.0500,	ONEFST=0,	LAMBDA=1.0000,	UNIFPRIORALPHA=1,	ALPHAMAX=10.0000,	ALPHAPRIORA=1.0000,	ALPHAPRIORB=2.0000,	ALPHAPROPSD=0.0250,	STARTATPOPINFO=0,	RANDOMIZE=1,	LINKAGE=0,	METROFREQ=10,	REPORTHITRATE=0,	MARKOVPHASE=0,	PHASED=0,	PLOIDY=1,	PHASEINFO=0	LOCPRIOR=0, 	LOCPRIORINIT=1.000000, 	LOCDATA=0, 	LOCISPOP=0, 	LOCPRIORSTEP=0.100000, 	MAXLOCPRIOR=20.000000, 	SEED=1641242881,	
[STRAT parameters]:    NUMSIMSTATS=1000,	PHENOTYPECOL=-9,	POOLFREQ=10,	LOCUSxONLY=0,	EMERROR=0.00100,	MISSINGPHENO=-9,	