

----------------------------------------------------
STRUCTURE by Pritchard, Stephens and Donnelly (2000)
     and Falush, Stephens and Pritchard (2003)
       Code by Pritchard, Falush and Hubisz
             Version 2.3.4 (Jul 2012)
----------------------------------------------------



Command line arguments:   ./structure -m mainparams -K 7 -i phonology_structure -L 14 -o outfile_phonology_structure_K7_run36 
Input File:    phonology_structure

Run parameters:
   60 individuals
   14 loci
   7 populations assumed
   10000 Burn-in period
   100000 Reps


--------------------------------------------
Overall proportion of membership of the
sample in each of the 7 clusters

Inferred Clusters
  1      2      3      4      5      6      7    
0.159  0.181  0.164  0.116  0.133  0.116  0.131  

--------------------------------------------

Allele-freq. divergence among pops (Net nucleotide distance),
computed using point estimates of P.

      1       2       3       4       5       6       7      
 1      -    0.2036  0.2775  0.1394  0.1490  0.1460  0.1554  
 2   0.2036     -    0.2510  0.0297  0.0148  0.0242  0.0152  
 3   0.2775  0.2510     -    0.1639  0.1892  0.1729  0.1962  
 4   0.1394  0.0297  0.1639     -    0.0042  0.0005  0.0046  
 5   0.1490  0.0148  0.1892  0.0042     -    0.0024  0.0004  
 6   0.1460  0.0242  0.1729  0.0005  0.0024     -    0.0024  
 7   0.1554  0.0152  0.1962  0.0046  0.0004  0.0024     -    

Average distances (expected heterozygosity) between individuals in same cluster:
cluster  1  : 0.1927 
cluster  2  : 0.2411 
cluster  3  : 0.1113 
cluster  4  : 0.3781 
cluster  5  : 0.3448 
cluster  6  : 0.3724 
cluster  7  : 0.3459 

--------------------------------------------
Estimated Ln Prob of Data   = -339.9
Mean value of ln likelihood = -235.7
Variance of ln likelihood   = 208.4
Mean value of alpha         = 0.0389

Mean value of Fst_1         = 0.5777
Mean value of Fst_2         = 0.5569
Mean value of Fst_3         = 0.7130
Mean value of Fst_4         = 0.1200
Mean value of Fst_5         = 0.2769
Mean value of Fst_6         = 0.1960
Mean value of Fst_7         = 0.2738


Inferred ancestry of individuals:
        Label (%Miss) :  Inferred clusters
  1 torg1245   (21)   :  0.015 0.322 0.014 0.119 0.236 0.115 0.179 
  2 oldj1239   (14)   :  0.372 0.053 0.053 0.165 0.118 0.136 0.102 
  3 crim1257    (0)   :  0.007 0.435 0.006 0.141 0.115 0.138 0.158 
  4 bash1264    (7)   :  0.008 0.430 0.006 0.141 0.115 0.139 0.161 
  5 anat1259    (0)   :  0.007 0.410 0.022 0.135 0.112 0.156 0.157 
  6 okin1246    (0)   :  0.008 0.008 0.945 0.011 0.009 0.010 0.009 
  7 yaku1245    (0)   :  0.038 0.289 0.013 0.090 0.236 0.120 0.215 
  8 daur1238    (0)   :  0.011 0.198 0.006 0.120 0.224 0.163 0.277 
  9 east2337   (14)   :  0.019 0.099 0.010 0.230 0.218 0.221 0.203 
 10 ikem1235    (7)   :  0.007 0.012 0.926 0.015 0.013 0.013 0.013 
 11 sibe1251    (0)   :  0.917 0.018 0.005 0.013 0.018 0.014 0.014 
 12 nort2697    (0)   :  0.006 0.411 0.023 0.136 0.112 0.155 0.156 
 13 bona1250    (0)   :  0.036 0.105 0.038 0.232 0.207 0.210 0.172 
 14 ulch1241   (14)   :  0.425 0.116 0.011 0.098 0.134 0.096 0.121 
 15 nort2935   (14)   :  0.018 0.012 0.898 0.018 0.019 0.018 0.017 
 16 gaga1249    (0)   :  0.010 0.342 0.049 0.116 0.188 0.124 0.172 
 17 tara1319    (0)   :  0.006 0.009 0.945 0.011 0.010 0.010 0.009 
 18 moma1245   (21)   :  0.809 0.026 0.013 0.039 0.041 0.042 0.031 
 19 manc1252    (0)   :  0.176 0.119 0.018 0.219 0.147 0.182 0.140 
 20 shor1247    (0)   :  0.011 0.355 0.009 0.106 0.233 0.104 0.182 
 21 kaza1248    (0)   :  0.007 0.435 0.006 0.139 0.114 0.141 0.157 
 22 midd1351   (14)   :  0.025 0.292 0.022 0.192 0.147 0.162 0.159 
 23 chag1247   (71)   :  0.033 0.141 0.072 0.204 0.174 0.197 0.178 
 24 huih1238   (14)   :  0.711 0.041 0.020 0.065 0.054 0.055 0.054 
 25 ordo1245    (0)   :  0.012 0.200 0.006 0.121 0.219 0.173 0.269 
 26 turk1303    (0)   :  0.010 0.356 0.009 0.099 0.236 0.110 0.180 
 27 negi1245    (0)   :  0.916 0.009 0.019 0.015 0.015 0.013 0.014 
 28 nana1257    (0)   :  0.898 0.015 0.012 0.020 0.018 0.019 0.018 
 29 nort2690    (7)   :  0.011 0.181 0.049 0.231 0.161 0.200 0.167 
 30 shur1243    (0)   :  0.012 0.008 0.931 0.012 0.011 0.014 0.011 
 31 minh1238    (0)   :  0.007 0.104 0.063 0.223 0.213 0.205 0.184 
 32 udih1248    (0)   :  0.841 0.023 0.015 0.031 0.034 0.026 0.029 
 33 oira1262   (14)   :  0.013 0.238 0.010 0.134 0.231 0.145 0.228 
 34 hate1238    (7)   :  0.028 0.046 0.715 0.061 0.052 0.055 0.043 
 35 tata1255    (0)   :  0.007 0.427 0.006 0.143 0.113 0.141 0.163 
 36 turk1304    (0)   :  0.010 0.363 0.009 0.100 0.228 0.109 0.181 
 37 oroc1248    (0)   :  0.859 0.024 0.014 0.027 0.024 0.027 0.024 
 38 chuv1255    (0)   :  0.011 0.189 0.020 0.183 0.182 0.205 0.211 
 39 noga1249   (14)   :  0.024 0.300 0.022 0.177 0.144 0.174 0.159 
 40 dong1285    (7)   :  0.016 0.084 0.012 0.237 0.208 0.251 0.192 
 41 halh1238   (14)   :  0.016 0.122 0.014 0.239 0.197 0.212 0.199 
 42 ogam1239    (0)   :  0.010 0.026 0.744 0.059 0.051 0.060 0.049 
 43 cent2126    (7)   :  0.010 0.012 0.922 0.015 0.013 0.014 0.013 
 44 yona1241   (14)   :  0.027 0.084 0.027 0.234 0.214 0.224 0.190 
 45 kore1280    (0)   :  0.009 0.087 0.025 0.247 0.210 0.223 0.198 
 46 tuvi1240    (0)   :  0.018 0.241 0.009 0.116 0.219 0.149 0.249 
 47 huzh1238    (7)   :  0.009 0.119 0.032 0.209 0.228 0.219 0.183 
 48 khak1248    (0)   :  0.010 0.351 0.009 0.105 0.234 0.104 0.187 
 49 oldu1238    (7)   :  0.013 0.352 0.008 0.098 0.240 0.103 0.185 
 50 nucl1643    (0)   :  0.007 0.009 0.943 0.011 0.010 0.011 0.009 
 51 orok1265   (14)   :  0.934 0.008 0.013 0.013 0.011 0.011 0.010 
 52 midd1372   (14)   :  0.017 0.105 0.014 0.234 0.209 0.218 0.204 
 53 mogh1245   (28)   :  0.073 0.213 0.036 0.204 0.142 0.185 0.146 
 54 uigh1240    (7)   :  0.007 0.423 0.007 0.139 0.117 0.146 0.161 
 55 kara1467   (14)   :  0.009 0.424 0.007 0.144 0.111 0.142 0.163 
 56 russ1264   (14)   :  0.015 0.351 0.012 0.109 0.225 0.106 0.182 
 57 sout2954    (0)   :  0.011 0.009 0.935 0.013 0.011 0.012 0.009 
 58 berj1234    (0)   :  0.925 0.011 0.009 0.015 0.013 0.015 0.013 
 59 kham1281    (0)   :  0.035 0.288 0.013 0.090 0.238 0.117 0.218 
 60 dolg1241    (0)   :  0.010 0.363 0.009 0.102 0.226 0.102 0.189 


Estimated Allele Frequencies in each cluster
First column gives estimated ancestral frequencies


Locus 1 : TE003 
2 alleles
3.3% missing data
   1   (0.467) 0.065 0.833 0.023 0.542 0.651 0.578 0.654 
   0   (0.533) 0.935 0.167 0.977 0.458 0.349 0.422 0.346 

Locus 2 : TE004 
2 alleles
3.3% missing data
   0   (0.835) 0.321 0.953 0.992 0.857 0.899 0.875 0.896 
   1   (0.165) 0.679 0.047 0.008 0.143 0.101 0.125 0.104 

Locus 3 : TE005 
2 alleles
18.3% missing data
   0   (0.791) 0.116 0.938 0.990 0.824 0.853 0.831 0.877 
   1   (0.209) 0.884 0.062 0.010 0.176 0.147 0.169 0.123 

Locus 4 : TE006 
2 alleles
26.7% missing data
   0   (0.608) 0.966 0.862 0.094 0.658 0.733 0.682 0.741 
   1   (0.392) 0.034 0.138 0.906 0.342 0.267 0.318 0.259 

Locus 5 : TE007 
2 alleles
6.7% missing data
   0   (0.767) 0.978 0.915 0.707 0.809 0.823 0.812 0.833 
   1   (0.233) 0.022 0.085 0.293 0.191 0.177 0.188 0.167 

Locus 6 : TE008 
2 alleles
1.7% missing data
   1   (0.592) 0.966 0.791 0.933 0.639 0.688 0.642 0.641 
   0   (0.408) 0.034 0.209 0.067 0.361 0.312 0.358 0.359 

Locus 7 : TE031 
2 alleles
1.7% missing data
   1   (0.789) 0.983 0.857 0.038 0.805 0.850 0.800 0.850 
   0   (0.211) 0.017 0.143 0.962 0.195 0.150 0.200 0.150 

Locus 8 : TE037 
2 alleles
1.7% missing data
   1   (0.517) 0.113 0.748 0.613 0.589 0.586 0.585 0.562 
   0   (0.483) 0.887 0.252 0.387 0.411 0.414 0.415 0.438 

Locus 9 : TE038 
2 alleles
1.7% missing data
   1   (0.713) 0.661 0.915 0.036 0.760 0.819 0.782 0.813 
   0   (0.287) 0.339 0.085 0.964 0.240 0.181 0.218 0.187 

Locus 10 : TE039 
2 alleles
5.0% missing data
   1   (0.563) 0.932 0.525 0.971 0.539 0.631 0.537 0.600 
   0   (0.437) 0.068 0.475 0.029 0.461 0.369 0.463 0.400 

Locus 11 : TE078 
2 alleles
3.3% missing data
   0   (0.825) 0.985 0.946 0.992 0.859 0.875 0.856 0.880 
   1   (0.175) 0.015 0.054 0.008 0.141 0.125 0.144 0.120 

Locus 12 : TS079 
2 alleles
10.0% missing data
   0   (0.854) 0.493 0.960 0.993 0.874 0.913 0.895 0.913 
   1   (0.146) 0.507 0.040 0.007 0.126 0.087 0.105 0.087 

Locus 13 : TS080 
2 alleles
10.0% missing data
   0   (0.731) 0.773 0.277 0.988 0.647 0.504 0.592 0.479 
   1   (0.269) 0.227 0.723 0.012 0.353 0.496 0.408 0.521 

Locus 14 : TS088 
2 alleles
1.7% missing data
   0   (0.578) 0.964 0.806 0.979 0.637 0.658 0.630 0.627 
   1   (0.422) 0.036 0.194 0.021 0.363 0.342 0.370 0.373 

Values of parameters used in structure:
DATAFILE=phonology_structure,	OUTFILE=outfile_phonology_structure_K7_run36,	NUMINDS=60,	NUMLOCI=14,	MISSING=-9,	LABEL=1,	POPDATA=0,	POPFLAG=0,	PHENOTYPE=0,	EXTRACOLS=0,	MAXPOPS=7,	BURNIN=10000,	NUMREPS=100000,	USEPOPINFO=0,	INFERALPHA=1,	INFERLAMBDA=0,	POPSPECIFICLAMBDA=0,	POPALPHAS=0,	COMPUTEPROB=1,	NOADMIX=0,	ADMBURNIN=500,	UPDATEFREQ=100,	PRINTLIKES=0,	INTERMEDSAVE=0,	PRINTKLD=0,	PRINTNET=1,	PRINTLAMBDA=1,	ANCESTDIST=0,	NUMBOXES=1000,	ANCESTPINT=0.90000,	GENSBACK=2,	MIGRPRIOR=0.01000,	PRINTQHAT=0,	PRINTQSUM=1,	ALPHA=1.0000,	FREQSCORR=1,	FPRIORMEAN=0.0100,	FPRIORSD=0.0500,	ONEFST=0,	LAMBDA=1.0000,	UNIFPRIORALPHA=1,	ALPHAMAX=10.0000,	ALPHAPRIORA=1.0000,	ALPHAPRIORB=2.0000,	ALPHAPROPSD=0.0250,	STARTATPOPINFO=0,	RANDOMIZE=1,	LINKAGE=0,	METROFREQ=10,	REPORTHITRATE=0,	MARKOVPHASE=0,	PHASED=0,	PLOIDY=1,	PHASEINFO=0	LOCPRIOR=0, 	LOCPRIORINIT=1.000000, 	LOCDATA=0, 	LOCISPOP=0, 	LOCPRIORSTEP=0.100000, 	MAXLOCPRIOR=20.000000, 	SEED=1641285011,	
[STRAT parameters]:    NUMSIMSTATS=1000,	PHENOTYPECOL=-9,	POOLFREQ=10,	LOCUSxONLY=0,	EMERROR=0.00100,	MISSINGPHENO=-9,	