

----------------------------------------------------
STRUCTURE by Pritchard, Stephens and Donnelly (2000)
     and Falush, Stephens and Pritchard (2003)
       Code by Pritchard, Falush and Hubisz
             Version 2.3.4 (Jul 2012)
----------------------------------------------------



Command line arguments:   ./structure -m mainparams -K 6 -i phonology_structure -L 14 -o outfile_phonology_structure_K6_run2 
Input File:    phonology_structure

Run parameters:
   60 individuals
   14 loci
   6 populations assumed
   10000 Burn-in period
   100000 Reps


--------------------------------------------
Overall proportion of membership of the
sample in each of the 6 clusters

Inferred Clusters
  1      2      3      4      5      6    
0.144  0.166  0.166  0.223  0.118  0.183  

--------------------------------------------

Allele-freq. divergence among pops (Net nucleotide distance),
computed using point estimates of P.

      1       2       3       4       5       6      
 1      -    0.1475  0.1827  0.0335  0.0072  0.0067  
 2   0.1475     -    0.2725  0.2156  0.1310  0.1667  
 3   0.1827  0.2725     -    0.2725  0.1497  0.2049  
 4   0.0335  0.2156  0.2725     -    0.0662  0.0121  
 5   0.0072  0.1310  0.1497  0.0662     -    0.0222  
 6   0.0067  0.1667  0.2049  0.0121  0.0222     -    

Average distances (expected heterozygosity) between individuals in same cluster:
cluster  1  : 0.3628 
cluster  2  : 0.1971 
cluster  3  : 0.1115 
cluster  4  : 0.2039 
cluster  5  : 0.4017 
cluster  6  : 0.3207 

--------------------------------------------
Estimated Ln Prob of Data   = -326.6
Mean value of ln likelihood = -228.1
Variance of ln likelihood   = 196.9
Mean value of alpha         = 0.0390

Mean value of Fst_1         = 0.3039
Mean value of Fst_2         = 0.5646
Mean value of Fst_3         = 0.7016
Mean value of Fst_4         = 0.6249
Mean value of Fst_5         = 0.0978
Mean value of Fst_6         = 0.4084


Inferred ancestry of individuals:
        Label (%Miss) :  Inferred clusters
  1 torg1245   (21)   :  0.162 0.017 0.016 0.437 0.053 0.316 
  2 oldj1239   (14)   :  0.146 0.424 0.050 0.059 0.202 0.118 
  3 crim1257    (0)   :  0.106 0.007 0.006 0.526 0.024 0.331 
  4 bash1264    (7)   :  0.104 0.007 0.006 0.524 0.023 0.335 
  5 anat1259    (0)   :  0.128 0.006 0.022 0.490 0.034 0.318 
  6 okin1246    (0)   :  0.009 0.008 0.952 0.009 0.012 0.009 
  7 yaku1245    (0)   :  0.262 0.038 0.012 0.365 0.105 0.217 
  8 daur1238    (0)   :  0.341 0.010 0.006 0.267 0.187 0.188 
  9 east2337   (14)   :  0.275 0.024 0.010 0.076 0.377 0.238 
 10 ikem1235    (7)   :  0.015 0.007 0.933 0.010 0.020 0.014 
 11 sibe1251    (0)   :  0.014 0.934 0.005 0.016 0.014 0.016 
 12 nort2697    (0)   :  0.129 0.006 0.023 0.486 0.034 0.322 
 13 bona1250    (0)   :  0.285 0.036 0.034 0.062 0.357 0.226 
 14 ulch1241   (14)   :  0.140 0.486 0.010 0.154 0.098 0.113 
 15 nort2935   (14)   :  0.023 0.019 0.900 0.014 0.026 0.017 
 16 gaga1249    (0)   :  0.152 0.010 0.045 0.429 0.046 0.318 
 17 tara1319    (0)   :  0.013 0.006 0.947 0.007 0.016 0.010 
 18 moma1245   (21)   :  0.037 0.847 0.013 0.025 0.047 0.032 
 19 manc1252    (0)   :  0.163 0.227 0.022 0.140 0.262 0.186 
 20 shor1247    (0)   :  0.156 0.010 0.009 0.475 0.043 0.307 
 21 kaza1248    (0)   :  0.107 0.007 0.006 0.525 0.021 0.334 
 22 midd1351   (14)   :  0.153 0.029 0.024 0.408 0.125 0.261 
 23 chag1247   (71)   :  0.235 0.040 0.086 0.185 0.246 0.208 
 24 huih1238   (14)   :  0.064 0.732 0.021 0.048 0.081 0.054 
 25 ordo1245    (0)   :  0.331 0.010 0.006 0.267 0.195 0.191 
 26 turk1303    (0)   :  0.154 0.011 0.009 0.460 0.041 0.325 
 27 negi1245    (0)   :  0.013 0.934 0.019 0.009 0.014 0.010 
 28 nana1257    (0)   :  0.019 0.918 0.011 0.014 0.021 0.016 
 29 nort2690    (7)   :  0.193 0.012 0.067 0.256 0.242 0.229 
 30 shur1243    (0)   :  0.015 0.013 0.937 0.010 0.014 0.010 
 31 minh1238    (0)   :  0.287 0.007 0.050 0.056 0.379 0.220 
 32 udih1248    (0)   :  0.027 0.879 0.016 0.025 0.029 0.024 
 33 oira1262   (14)   :  0.247 0.014 0.011 0.344 0.143 0.240 
 34 hate1238    (7)   :  0.049 0.032 0.761 0.045 0.060 0.053 
 35 tata1255    (0)   :  0.105 0.007 0.006 0.530 0.021 0.330 
 36 turk1304    (0)   :  0.154 0.010 0.009 0.477 0.040 0.310 
 37 oroc1248    (0)   :  0.023 0.886 0.015 0.021 0.028 0.027 
 38 chuv1255    (0)   :  0.261 0.012 0.023 0.277 0.219 0.209 
 39 noga1249   (14)   :  0.142 0.030 0.025 0.410 0.125 0.268 
 40 dong1285    (7)   :  0.282 0.016 0.012 0.074 0.393 0.223 
 41 halh1238   (14)   :  0.274 0.021 0.016 0.162 0.313 0.215 
 42 ogam1239    (0)   :  0.083 0.010 0.715 0.020 0.116 0.057 
 43 cent2126    (7)   :  0.012 0.011 0.941 0.011 0.012 0.013 
 44 yona1241   (14)   :  0.273 0.026 0.023 0.071 0.363 0.244 
 45 kore1280    (0)   :  0.282 0.009 0.025 0.077 0.372 0.234 
 46 tuvi1240    (0)   :  0.329 0.016 0.008 0.297 0.161 0.189 
 47 huzh1238    (7)   :  0.296 0.010 0.028 0.072 0.371 0.224 
 48 khak1248    (0)   :  0.147 0.011 0.009 0.476 0.036 0.320 
 49 oldu1238    (7)   :  0.149 0.013 0.009 0.472 0.037 0.319 
 50 nucl1643    (0)   :  0.009 0.008 0.955 0.009 0.010 0.009 
 51 orok1265   (14)   :  0.009 0.950 0.013 0.008 0.011 0.009 
 52 midd1372   (14)   :  0.297 0.015 0.013 0.064 0.384 0.227 
 53 mogh1245   (28)   :  0.167 0.094 0.043 0.280 0.193 0.223 
 54 uigh1240    (7)   :  0.104 0.007 0.007 0.523 0.023 0.336 
 55 kara1467   (14)   :  0.107 0.009 0.007 0.523 0.028 0.326 
 56 russ1264   (14)   :  0.153 0.016 0.011 0.460 0.048 0.312 
 57 sout2954    (0)   :  0.013 0.013 0.936 0.009 0.018 0.012 
 58 berj1234    (0)   :  0.014 0.935 0.009 0.011 0.017 0.013 
 59 kham1281    (0)   :  0.268 0.035 0.013 0.357 0.104 0.223 
 60 dolg1241    (0)   :  0.154 0.010 0.009 0.481 0.035 0.311 


Estimated Allele Frequencies in each cluster
First column gives estimated ancestral frequencies


Locus 1 : TE003 
2 alleles
3.3% missing data
   1   (0.375) 0.603 0.059 0.020 0.885 0.434 0.687 
   0   (0.625) 0.397 0.941 0.980 0.115 0.566 0.313 

Locus 2 : TE004 
2 alleles
3.3% missing data
   0   (0.807) 0.897 0.334 0.991 0.969 0.834 0.910 
   1   (0.193) 0.103 0.666 0.009 0.031 0.166 0.090 

Locus 3 : TE005 
2 alleles
18.3% missing data
   0   (0.769) 0.856 0.119 0.989 0.949 0.800 0.891 
   1   (0.231) 0.144 0.881 0.011 0.051 0.200 0.109 

Locus 4 : TE006 
2 alleles
26.7% missing data
   0   (0.578) 0.699 0.964 0.101 0.903 0.603 0.778 
   1   (0.422) 0.301 0.036 0.899 0.097 0.397 0.222 

Locus 5 : TE007 
2 alleles
6.7% missing data
   0   (0.696) 0.785 0.971 0.714 0.947 0.714 0.834 
   1   (0.304) 0.215 0.029 0.286 0.053 0.286 0.166 

Locus 6 : TE008 
2 alleles
1.7% missing data
   1   (0.634) 0.612 0.968 0.935 0.823 0.604 0.734 
   0   (0.366) 0.388 0.032 0.065 0.177 0.396 0.266 

Locus 7 : TE031 
2 alleles
1.7% missing data
   1   (0.729) 0.808 0.977 0.037 0.866 0.760 0.835 
   0   (0.271) 0.192 0.023 0.963 0.134 0.240 0.165 

Locus 8 : TE037 
2 alleles
1.7% missing data
   1   (0.482) 0.492 0.118 0.619 0.758 0.468 0.680 
   0   (0.518) 0.508 0.882 0.381 0.242 0.532 0.320 

Locus 9 : TE038 
2 alleles
1.7% missing data
   1   (0.696) 0.813 0.659 0.036 0.946 0.736 0.852 
   0   (0.304) 0.187 0.341 0.964 0.054 0.264 0.148 

Locus 10 : TE039 
2 alleles
5.0% missing data
   1   (0.594) 0.646 0.925 0.971 0.526 0.608 0.565 
   0   (0.406) 0.354 0.075 0.029 0.474 0.392 0.435 

Locus 11 : TE078 
2 alleles
3.3% missing data
   0   (0.791) 0.854 0.982 0.990 0.963 0.798 0.884 
   1   (0.209) 0.146 0.018 0.010 0.037 0.202 0.116 

Locus 12 : TS079 
2 alleles
10.0% missing data
   0   (0.868) 0.930 0.502 0.994 0.980 0.892 0.940 
   1   (0.132) 0.070 0.498 0.006 0.020 0.108 0.060 

Locus 13 : TS080 
2 alleles
10.0% missing data
   0   (0.733) 0.505 0.771 0.988 0.213 0.685 0.417 
   1   (0.267) 0.495 0.229 0.012 0.787 0.315 0.583 

Locus 14 : TS088 
2 alleles
1.7% missing data
   0   (0.555) 0.591 0.961 0.978 0.831 0.534 0.686 
   1   (0.445) 0.409 0.039 0.022 0.169 0.466 0.314 

Values of parameters used in structure:
DATAFILE=phonology_structure,	OUTFILE=outfile_phonology_structure_K6_run2,	NUMINDS=60,	NUMLOCI=14,	MISSING=-9,	LABEL=1,	POPDATA=0,	POPFLAG=0,	PHENOTYPE=0,	EXTRACOLS=0,	MAXPOPS=6,	BURNIN=10000,	NUMREPS=100000,	USEPOPINFO=0,	INFERALPHA=1,	INFERLAMBDA=0,	POPSPECIFICLAMBDA=0,	POPALPHAS=0,	COMPUTEPROB=1,	NOADMIX=0,	ADMBURNIN=500,	UPDATEFREQ=100,	PRINTLIKES=0,	INTERMEDSAVE=0,	PRINTKLD=0,	PRINTNET=1,	PRINTLAMBDA=1,	ANCESTDIST=0,	NUMBOXES=1000,	ANCESTPINT=0.90000,	GENSBACK=2,	MIGRPRIOR=0.01000,	PRINTQHAT=0,	PRINTQSUM=1,	ALPHA=1.0000,	FREQSCORR=1,	FPRIORMEAN=0.0100,	FPRIORSD=0.0500,	ONEFST=0,	LAMBDA=1.0000,	UNIFPRIORALPHA=1,	ALPHAMAX=10.0000,	ALPHAPRIORA=1.0000,	ALPHAPRIORB=2.0000,	ALPHAPROPSD=0.0250,	STARTATPOPINFO=0,	RANDOMIZE=1,	LINKAGE=0,	METROFREQ=10,	REPORTHITRATE=0,	MARKOVPHASE=0,	PHASED=0,	PLOIDY=1,	PHASEINFO=0	LOCPRIOR=0, 	LOCPRIORINIT=1.000000, 	LOCDATA=0, 	LOCISPOP=0, 	LOCPRIORSTEP=0.100000, 	MAXLOCPRIOR=20.000000, 	SEED=1641217456,	
[STRAT parameters]:    NUMSIMSTATS=1000,	PHENOTYPECOL=-9,	POOLFREQ=10,	LOCUSxONLY=0,	EMERROR=0.00100,	MISSINGPHENO=-9,	