

----------------------------------------------------
STRUCTURE by Pritchard, Stephens and Donnelly (2000)
     and Falush, Stephens and Pritchard (2003)
       Code by Pritchard, Falush and Hubisz
             Version 2.3.4 (Jul 2012)
----------------------------------------------------



Command line arguments:   ./structure -m mainparams -K 5 -i phonology_structure -L 14 -o outfile_phonology_structure_K5_run49 
Input File:    phonology_structure

Run parameters:
   60 individuals
   14 loci
   5 populations assumed
   10000 Burn-in period
   100000 Reps


--------------------------------------------
Overall proportion of membership of the
sample in each of the 5 clusters

Inferred Clusters
  1      2      3      4      5    
0.172  0.204  0.179  0.199  0.246  

--------------------------------------------

Allele-freq. divergence among pops (Net nucleotide distance),
computed using point estimates of P.

      1       2       3       4       5      
 1      -    0.1986  0.2658  0.1889  0.2477  
 2   0.1986     -    0.1561  0.0004  0.0159  
 3   0.2658  0.1561     -    0.1514  0.1933  
 4   0.1889  0.0004  0.1514     -    0.0207  
 5   0.2477  0.0159  0.1933  0.0207     -    

Average distances (expected heterozygosity) between individuals in same cluster:
cluster  1  : 0.1158 
cluster  2  : 0.3473 
cluster  3  : 0.2046 
cluster  4  : 0.3621 
cluster  5  : 0.2477 

--------------------------------------------
Estimated Ln Prob of Data   = -325.9
Mean value of ln likelihood = -226.3
Variance of ln likelihood   = 199.2
Mean value of alpha         = 0.0410

Mean value of Fst_1         = 0.6942
Mean value of Fst_2         = 0.3606
Mean value of Fst_3         = 0.5477
Mean value of Fst_4         = 0.3268
Mean value of Fst_5         = 0.5312


Inferred ancestry of individuals:
        Label (%Miss) :  Inferred clusters
  1 torg1245   (21)   :  0.016 0.267 0.018 0.242 0.457 
  2 oldj1239   (14)   :  0.061 0.145 0.551 0.145 0.097 
  3 crim1257    (0)   :  0.006 0.225 0.008 0.202 0.560 
  4 bash1264    (7)   :  0.007 0.220 0.008 0.197 0.569 
  5 anat1259    (0)   :  0.023 0.220 0.007 0.205 0.546 
  6 okin1246    (0)   :  0.965 0.010 0.008 0.009 0.009 
  7 yaku1245    (0)   :  0.013 0.342 0.043 0.308 0.294 
  8 daur1238    (0)   :  0.007 0.394 0.012 0.346 0.241 
  9 east2337   (14)   :  0.011 0.377 0.025 0.416 0.172 
 10 ikem1235    (7)   :  0.954 0.014 0.008 0.014 0.010 
 11 sibe1251    (0)   :  0.005 0.015 0.949 0.014 0.017 
 12 nort2697    (0)   :  0.023 0.219 0.007 0.202 0.549 
 13 bona1250    (0)   :  0.039 0.360 0.050 0.405 0.146 
 14 ulch1241   (14)   :  0.010 0.151 0.561 0.136 0.141 
 15 nort2935   (14)   :  0.938 0.015 0.017 0.015 0.015 
 16 gaga1249    (0)   :  0.044 0.234 0.011 0.226 0.485 
 17 tara1319    (0)   :  0.961 0.011 0.007 0.012 0.009 
 18 moma1245   (21)   :  0.013 0.025 0.908 0.029 0.024 
 19 manc1252    (0)   :  0.025 0.194 0.373 0.194 0.213 
 20 shor1247    (0)   :  0.010 0.268 0.011 0.244 0.468 
 21 kaza1248    (0)   :  0.006 0.223 0.007 0.202 0.562 
 22 midd1351   (14)   :  0.026 0.244 0.035 0.235 0.460 
 23 chag1247   (71)   :  0.101 0.292 0.051 0.295 0.261 
 24 huih1238   (14)   :  0.023 0.050 0.831 0.052 0.044 
 25 ordo1245    (0)   :  0.007 0.401 0.012 0.343 0.238 
 26 turk1303    (0)   :  0.009 0.269 0.011 0.240 0.471 
 27 negi1245    (0)   :  0.018 0.011 0.951 0.011 0.009 
 28 nana1257    (0)   :  0.012 0.016 0.938 0.017 0.017 
 29 nort2690    (7)   :  0.087 0.277 0.014 0.275 0.347 
 30 shur1243    (0)   :  0.957 0.011 0.012 0.011 0.009 
 31 minh1238    (0)   :  0.068 0.373 0.007 0.406 0.146 
 32 udih1248    (0)   :  0.017 0.023 0.909 0.026 0.025 
 33 oira1262   (14)   :  0.011 0.356 0.015 0.320 0.298 
 34 hate1238    (7)   :  0.811 0.050 0.038 0.047 0.054 
 35 tata1255    (0)   :  0.006 0.217 0.007 0.201 0.568 
 36 turk1304    (0)   :  0.009 0.267 0.011 0.242 0.470 
 37 oroc1248    (0)   :  0.017 0.020 0.913 0.024 0.026 
 38 chuv1255    (0)   :  0.031 0.348 0.015 0.295 0.312 
 39 noga1249   (14)   :  0.028 0.243 0.034 0.226 0.468 
 40 dong1285    (7)   :  0.015 0.382 0.021 0.422 0.161 
 41 halh1238   (14)   :  0.019 0.360 0.023 0.394 0.205 
 42 ogam1239    (0)   :  0.799 0.075 0.010 0.083 0.032 
 43 cent2126    (7)   :  0.954 0.013 0.010 0.011 0.012 
 44 yona1241   (14)   :  0.029 0.368 0.033 0.419 0.151 
 45 kore1280    (0)   :  0.026 0.377 0.010 0.427 0.160 
 46 tuvi1240    (0)   :  0.010 0.382 0.022 0.336 0.249 
 47 huzh1238    (7)   :  0.033 0.377 0.010 0.422 0.157 
 48 khak1248    (0)   :  0.010 0.273 0.012 0.244 0.461 
 49 oldu1238    (7)   :  0.009 0.268 0.015 0.241 0.466 
 50 nucl1643    (0)   :  0.964 0.010 0.008 0.010 0.009 
 51 orok1265   (14)   :  0.014 0.010 0.956 0.011 0.009 
 52 midd1372   (14)   :  0.014 0.378 0.019 0.422 0.167 
 53 mogh1245   (28)   :  0.054 0.223 0.151 0.223 0.349 
 54 uigh1240    (7)   :  0.007 0.226 0.008 0.201 0.558 
 55 kara1467   (14)   :  0.007 0.223 0.009 0.206 0.555 
 56 russ1264   (14)   :  0.012 0.267 0.018 0.242 0.461 
 57 sout2954    (0)   :  0.956 0.013 0.012 0.010 0.009 
 58 berj1234    (0)   :  0.010 0.011 0.956 0.013 0.011 
 59 kham1281    (0)   :  0.014 0.334 0.046 0.309 0.297 
 60 dolg1241    (0)   :  0.009 0.270 0.011 0.242 0.467 


Estimated Allele Frequencies in each cluster
First column gives estimated ancestral frequencies


Locus 1 : TE003 
2 alleles
3.3% missing data
   1   (0.439) 0.025 0.680 0.073 0.647 0.836 
   0   (0.561) 0.975 0.320 0.927 0.353 0.164 

Locus 2 : TE004 
2 alleles
3.3% missing data
   0   (0.812) 0.991 0.915 0.350 0.905 0.951 
   1   (0.188) 0.009 0.085 0.650 0.095 0.049 

Locus 3 : TE005 
2 alleles
18.3% missing data
   0   (0.752) 0.987 0.875 0.134 0.862 0.927 
   1   (0.248) 0.013 0.125 0.866 0.138 0.073 

Locus 4 : TE006 
2 alleles
26.7% missing data
   0   (0.596) 0.107 0.727 0.964 0.700 0.867 
   1   (0.404) 0.893 0.273 0.036 0.300 0.133 

Locus 5 : TE007 
2 alleles
6.7% missing data
   0   (0.701) 0.708 0.796 0.971 0.783 0.909 
   1   (0.299) 0.292 0.204 0.029 0.217 0.091 

Locus 6 : TE008 
2 alleles
1.7% missing data
   1   (0.606) 0.924 0.631 0.966 0.614 0.803 
   0   (0.394) 0.076 0.369 0.034 0.386 0.197 

Locus 7 : TE031 
2 alleles
1.7% missing data
   1   (0.741) 0.038 0.843 0.978 0.838 0.842 
   0   (0.259) 0.962 0.157 0.022 0.162 0.158 

Locus 8 : TE037 
2 alleles
1.7% missing data
   1   (0.509) 0.609 0.581 0.132 0.580 0.772 
   0   (0.491) 0.391 0.419 0.868 0.420 0.228 

Locus 9 : TE038 
2 alleles
1.7% missing data
   1   (0.656) 0.035 0.830 0.665 0.801 0.903 
   0   (0.344) 0.965 0.170 0.335 0.199 0.097 

Locus 10 : TE039 
2 alleles
5.0% missing data
   1   (0.607) 0.970 0.605 0.904 0.605 0.497 
   0   (0.393) 0.030 0.395 0.096 0.395 0.503 

Locus 11 : TE078 
2 alleles
3.3% missing data
   0   (0.796) 0.990 0.858 0.983 0.839 0.932 
   1   (0.204) 0.010 0.142 0.017 0.161 0.068 

Locus 12 : TS079 
2 alleles
10.0% missing data
   0   (0.833) 0.992 0.931 0.526 0.918 0.954 
   1   (0.167) 0.008 0.069 0.474 0.082 0.046 

Locus 13 : TS080 
2 alleles
10.0% missing data
   0   (0.715) 0.987 0.470 0.772 0.513 0.292 
   1   (0.285) 0.013 0.530 0.228 0.487 0.708 

Locus 14 : TS088 
2 alleles
1.7% missing data
   0   (0.535) 0.975 0.585 0.960 0.566 0.790 
   1   (0.465) 0.025 0.415 0.040 0.434 0.210 

Values of parameters used in structure:
DATAFILE=phonology_structure,	OUTFILE=outfile_phonology_structure_K5_run49,	NUMINDS=60,	NUMLOCI=14,	MISSING=-9,	LABEL=1,	POPDATA=0,	POPFLAG=0,	PHENOTYPE=0,	EXTRACOLS=0,	MAXPOPS=5,	BURNIN=10000,	NUMREPS=100000,	USEPOPINFO=0,	INFERALPHA=1,	INFERLAMBDA=0,	POPSPECIFICLAMBDA=0,	POPALPHAS=0,	COMPUTEPROB=1,	NOADMIX=0,	ADMBURNIN=500,	UPDATEFREQ=100,	PRINTLIKES=0,	INTERMEDSAVE=0,	PRINTKLD=0,	PRINTNET=1,	PRINTLAMBDA=1,	ANCESTDIST=0,	NUMBOXES=1000,	ANCESTPINT=0.90000,	GENSBACK=2,	MIGRPRIOR=0.01000,	PRINTQHAT=0,	PRINTQSUM=1,	ALPHA=1.0000,	FREQSCORR=1,	FPRIORMEAN=0.0100,	FPRIORSD=0.0500,	ONEFST=0,	LAMBDA=1.0000,	UNIFPRIORALPHA=1,	ALPHAMAX=10.0000,	ALPHAPRIORA=1.0000,	ALPHAPRIORB=2.0000,	ALPHAPROPSD=0.0250,	STARTATPOPINFO=0,	RANDOMIZE=1,	LINKAGE=0,	METROFREQ=10,	REPORTHITRATE=0,	MARKOVPHASE=0,	PHASED=0,	PLOIDY=1,	PHASEINFO=0	LOCPRIOR=0, 	LOCPRIORINIT=1.000000, 	LOCDATA=0, 	LOCISPOP=0, 	LOCPRIORSTEP=0.100000, 	MAXLOCPRIOR=20.000000, 	SEED=1641292579,	
[STRAT parameters]:    NUMSIMSTATS=1000,	PHENOTYPECOL=-9,	POOLFREQ=10,	LOCUSxONLY=0,	EMERROR=0.00100,	MISSINGPHENO=-9,	