

----------------------------------------------------
STRUCTURE by Pritchard, Stephens and Donnelly (2000)
     and Falush, Stephens and Pritchard (2003)
       Code by Pritchard, Falush and Hubisz
             Version 2.3.4 (Jul 2012)
----------------------------------------------------



Command line arguments:   ./structure -m mainparams -K 3 -i phonology_structure -L 14 -o outfile_phonology_structure_K3_run32 
Input File:    phonology_structure

Run parameters:
   60 individuals
   14 loci
   3 populations assumed
   10000 Burn-in period
   100000 Reps


--------------------------------------------
Overall proportion of membership of the
sample in each of the 3 clusters

Inferred Clusters
  1      2      3    
0.235  0.311  0.454  

--------------------------------------------

Allele-freq. divergence among pops (Net nucleotide distance),
computed using point estimates of P.

      1       2       3      
 1      -    0.1442  0.1962  
 2   0.1442     -    0.2110  
 3   0.1962  0.2110     -    

Average distances (expected heterozygosity) between individuals in same cluster:
cluster  1  : 0.2735 
cluster  2  : 0.3255 
cluster  3  : 0.1336 

--------------------------------------------
Estimated Ln Prob of Data   = -302.7
Mean value of ln likelihood = -273.2
Variance of ln likelihood   = 58.9
Mean value of alpha         = 0.0511

Mean value of Fst_1         = 0.3956
Mean value of Fst_2         = 0.2645
Mean value of Fst_3         = 0.6185


Inferred ancestry of individuals:
        Label (%Miss) :  Inferred clusters
  1 torg1245   (21)   :  0.025 0.024 0.951 
  2 oldj1239   (14)   :  0.666 0.308 0.026 
  3 crim1257    (0)   :  0.012 0.010 0.978 
  4 bash1264    (7)   :  0.012 0.010 0.978 
  5 anat1259    (0)   :  0.011 0.021 0.968 
  6 okin1246    (0)   :  0.018 0.966 0.016 
  7 yaku1245    (0)   :  0.039 0.016 0.945 
  8 daur1238    (0)   :  0.101 0.071 0.828 
  9 east2337   (14)   :  0.249 0.682 0.069 
 10 ikem1235    (7)   :  0.017 0.967 0.015 
 11 sibe1251    (0)   :  0.961 0.009 0.030 
 12 nort2697    (0)   :  0.010 0.022 0.968 
 13 bona1250    (0)   :  0.238 0.745 0.017 
 14 ulch1241   (14)   :  0.684 0.030 0.287 
 15 nort2935   (14)   :  0.065 0.914 0.021 
 16 gaga1249    (0)   :  0.013 0.026 0.962 
 17 tara1319    (0)   :  0.012 0.976 0.012 
 18 moma1245   (21)   :  0.946 0.024 0.030 
 19 manc1252    (0)   :  0.635 0.173 0.191 
 20 shor1247    (0)   :  0.016 0.011 0.974 
 21 kaza1248    (0)   :  0.011 0.010 0.979 
 22 midd1351   (14)   :  0.087 0.100 0.813 
 23 chag1247   (71)   :  0.161 0.431 0.407 
 24 huih1238   (14)   :  0.909 0.037 0.054 
 25 ordo1245    (0)   :  0.095 0.069 0.836 
 26 turk1303    (0)   :  0.014 0.011 0.975 
 27 negi1245    (0)   :  0.966 0.024 0.010 
 28 nana1257    (0)   :  0.969 0.015 0.015 
 29 nort2690    (7)   :  0.080 0.475 0.444 
 30 shur1243    (0)   :  0.030 0.956 0.014 
 31 minh1238    (0)   :  0.148 0.838 0.014 
 32 udih1248    (0)   :  0.944 0.021 0.035 
 33 oira1262   (14)   :  0.040 0.037 0.923 
 34 hate1238    (7)   :  0.070 0.870 0.060 
 35 tata1255    (0)   :  0.011 0.010 0.980 
 36 turk1304    (0)   :  0.014 0.011 0.975 
 37 oroc1248    (0)   :  0.959 0.017 0.023 
 38 chuv1255    (0)   :  0.039 0.060 0.902 
 39 noga1249   (14)   :  0.084 0.096 0.820 
 40 dong1285    (7)   :  0.218 0.746 0.036 
 41 halh1238   (14)   :  0.190 0.426 0.384 
 42 ogam1239    (0)   :  0.024 0.967 0.009 
 43 cent2126    (7)   :  0.034 0.942 0.024 
 44 yona1241   (14)   :  0.217 0.767 0.017 
 45 kore1280    (0)   :  0.181 0.793 0.026 
 46 tuvi1240    (0)   :  0.061 0.030 0.909 
 47 huzh1238    (7)   :  0.174 0.807 0.018 
 48 khak1248    (0)   :  0.015 0.011 0.975 
 49 oldu1238    (7)   :  0.019 0.011 0.969 
 50 nucl1643    (0)   :  0.017 0.966 0.017 
 51 orok1265   (14)   :  0.969 0.019 0.011 
 52 midd1372   (14)   :  0.212 0.779 0.010 
 53 mogh1245   (28)   :  0.331 0.249 0.420 
 54 uigh1240    (7)   :  0.011 0.011 0.978 
 55 kara1467   (14)   :  0.014 0.012 0.975 
 56 russ1264   (14)   :  0.024 0.016 0.960 
 57 sout2954    (0)   :  0.031 0.955 0.014 
 58 berj1234    (0)   :  0.972 0.014 0.014 
 59 kham1281    (0)   :  0.041 0.016 0.943 
 60 dolg1241    (0)   :  0.015 0.011 0.974 


Estimated Allele Frequencies in each cluster
First column gives estimated ancestral frequencies


Locus 1 : TE003 
2 alleles
3.3% missing data
   1   (0.337) 0.124 0.160 0.977 
   0   (0.663) 0.876 0.840 0.023 

Locus 2 : TE004 
2 alleles
3.3% missing data
   0   (0.770) 0.447 0.926 0.994 
   1   (0.230) 0.553 0.074 0.006 

Locus 3 : TE005 
2 alleles
18.3% missing data
   0   (0.703) 0.239 0.897 0.987 
   1   (0.297) 0.761 0.103 0.013 

Locus 4 : TE006 
2 alleles
26.7% missing data
   0   (0.577) 0.908 0.233 0.979 
   1   (0.423) 0.092 0.767 0.021 

Locus 5 : TE007 
2 alleles
6.7% missing data
   0   (0.738) 0.927 0.627 0.993 
   1   (0.262) 0.073 0.373 0.007 

Locus 6 : TE008 
2 alleles
1.7% missing data
   1   (0.682) 0.909 0.703 0.857 
   0   (0.318) 0.091 0.297 0.143 

Locus 7 : TE031 
2 alleles
1.7% missing data
   1   (0.642) 0.940 0.392 0.857 
   0   (0.358) 0.060 0.608 0.143 

Locus 8 : TE037 
2 alleles
1.7% missing data
   1   (0.486) 0.220 0.564 0.795 
   0   (0.514) 0.780 0.436 0.205 

Locus 9 : TE038 
2 alleles
1.7% missing data
   1   (0.565) 0.668 0.310 0.989 
   0   (0.435) 0.332 0.690 0.011 

Locus 10 : TE039 
2 alleles
5.0% missing data
   1   (0.641) 0.831 0.731 0.558 
   0   (0.359) 0.169 0.269 0.442 

Locus 11 : TE078 
2 alleles
3.3% missing data
   0   (0.816) 0.948 0.838 0.995 
   1   (0.184) 0.052 0.162 0.005 

Locus 12 : TS079 
2 alleles
10.0% missing data
   0   (0.804) 0.597 0.940 0.994 
   1   (0.196) 0.403 0.060 0.006 

Locus 13 : TS080 
2 alleles
10.0% missing data
   0   (0.762) 0.794 0.950 0.107 
   1   (0.238) 0.206 0.050 0.893 

Locus 14 : TS088 
2 alleles
1.7% missing data
   0   (0.646) 0.887 0.651 0.892 
   1   (0.354) 0.113 0.349 0.108 

Values of parameters used in structure:
DATAFILE=phonology_structure,	OUTFILE=outfile_phonology_structure_K3_run32,	NUMINDS=60,	NUMLOCI=14,	MISSING=-9,	LABEL=1,	POPDATA=0,	POPFLAG=0,	PHENOTYPE=0,	EXTRACOLS=0,	MAXPOPS=3,	BURNIN=10000,	NUMREPS=100000,	USEPOPINFO=0,	INFERALPHA=1,	INFERLAMBDA=0,	POPSPECIFICLAMBDA=0,	POPALPHAS=0,	COMPUTEPROB=1,	NOADMIX=0,	ADMBURNIN=500,	UPDATEFREQ=100,	PRINTLIKES=0,	INTERMEDSAVE=0,	PRINTKLD=0,	PRINTNET=1,	PRINTLAMBDA=1,	ANCESTDIST=0,	NUMBOXES=1000,	ANCESTPINT=0.90000,	GENSBACK=2,	MIGRPRIOR=0.01000,	PRINTQHAT=0,	PRINTQSUM=1,	ALPHA=1.0000,	FREQSCORR=1,	FPRIORMEAN=0.0100,	FPRIORSD=0.0500,	ONEFST=0,	LAMBDA=1.0000,	UNIFPRIORALPHA=1,	ALPHAMAX=10.0000,	ALPHAPRIORA=1.0000,	ALPHAPRIORB=2.0000,	ALPHAPROPSD=0.0250,	STARTATPOPINFO=0,	RANDOMIZE=1,	LINKAGE=0,	METROFREQ=10,	REPORTHITRATE=0,	MARKOVPHASE=0,	PHASED=0,	PLOIDY=1,	PHASEINFO=0	LOCPRIOR=0, 	LOCPRIORINIT=1.000000, 	LOCDATA=0, 	LOCISPOP=0, 	LOCPRIORSTEP=0.100000, 	MAXLOCPRIOR=20.000000, 	SEED=1641282636,	
[STRAT parameters]:    NUMSIMSTATS=1000,	PHENOTYPECOL=-9,	POOLFREQ=10,	LOCUSxONLY=0,	EMERROR=0.00100,	MISSINGPHENO=-9,	