

----------------------------------------------------
STRUCTURE by Pritchard, Stephens and Donnelly (2000)
     and Falush, Stephens and Pritchard (2003)
       Code by Pritchard, Falush and Hubisz
             Version 2.3.4 (Jul 2012)
----------------------------------------------------



Command line arguments:   ./structure -m mainparams -K 5 -i phonology_structure -L 14 -o outfile_phonology_structure_K5_run38 
Input File:    phonology_structure

Run parameters:
   60 individuals
   14 loci
   5 populations assumed
   10000 Burn-in period
   100000 Reps


--------------------------------------------
Overall proportion of membership of the
sample in each of the 5 clusters

Inferred Clusters
  1      2      3      4      5    
0.284  0.178  0.172  0.201  0.165  

--------------------------------------------

Allele-freq. divergence among pops (Net nucleotide distance),
computed using point estimates of P.

      1       2       3       4       5      
 1      -    0.2039  0.2571  0.0231  0.0375  
 2   0.2039     -    0.2665  0.1520  0.1498  
 3   0.2571  0.2665     -    0.1817  0.2024  
 4   0.0231  0.1520  0.1817     -    0.0079  
 5   0.0375  0.1498  0.2024  0.0079     -    

Average distances (expected heterozygosity) between individuals in same cluster:
cluster  1  : 0.2267 
cluster  2  : 0.2044 
cluster  3  : 0.1148 
cluster  4  : 0.3652 
cluster  5  : 0.3532 

--------------------------------------------
Estimated Ln Prob of Data   = -330.2
Mean value of ln likelihood = -228.0
Variance of ln likelihood   = 204.5
Mean value of alpha         = 0.0417

Mean value of Fst_1         = 0.5875
Mean value of Fst_2         = 0.5475
Mean value of Fst_3         = 0.6975
Mean value of Fst_4         = 0.3085
Mean value of Fst_5         = 0.2945


Inferred ancestry of individuals:
        Label (%Miss) :  Inferred clusters
  1 torg1245   (21)   :  0.589 0.018 0.016 0.234 0.144 
  2 oldj1239   (14)   :  0.080 0.541 0.062 0.179 0.139 
  3 crim1257    (0)   :  0.672 0.008 0.007 0.288 0.026 
  4 bash1264    (7)   :  0.674 0.008 0.007 0.284 0.028 
  5 anat1259    (0)   :  0.632 0.007 0.025 0.288 0.049 
  6 okin1246    (0)   :  0.009 0.008 0.961 0.012 0.010 
  7 yaku1245    (0)   :  0.397 0.050 0.015 0.153 0.385 
  8 daur1238    (0)   :  0.153 0.012 0.007 0.234 0.594 
  9 east2337   (14)   :  0.193 0.027 0.010 0.411 0.359 
 10 ikem1235    (7)   :  0.010 0.008 0.955 0.014 0.013 
 11 sibe1251    (0)   :  0.018 0.946 0.006 0.014 0.016 
 12 nort2697    (0)   :  0.632 0.007 0.023 0.286 0.052 
 13 bona1250    (0)   :  0.185 0.046 0.039 0.411 0.319 
 14 ulch1241   (14)   :  0.135 0.543 0.011 0.111 0.200 
 15 nort2935   (14)   :  0.011 0.019 0.936 0.019 0.015 
 16 gaga1249    (0)   :  0.561 0.010 0.042 0.251 0.135 
 17 tara1319    (0)   :  0.009 0.007 0.960 0.014 0.012 
 18 moma1245   (21)   :  0.022 0.900 0.013 0.029 0.036 
 19 manc1252    (0)   :  0.204 0.357 0.026 0.262 0.151 
 20 shor1247    (0)   :  0.617 0.011 0.010 0.229 0.133 
 21 kaza1248    (0)   :  0.679 0.007 0.007 0.281 0.027 
 22 midd1351   (14)   :  0.499 0.035 0.027 0.334 0.106 
 23 chag1247   (71)   :  0.231 0.051 0.102 0.311 0.304 
 24 huih1238   (14)   :  0.044 0.826 0.025 0.044 0.061 
 25 ordo1245    (0)   :  0.160 0.013 0.007 0.227 0.593 
 26 turk1303    (0)   :  0.601 0.012 0.009 0.233 0.144 
 27 negi1245    (0)   :  0.010 0.945 0.019 0.013 0.013 
 28 nana1257    (0)   :  0.014 0.938 0.012 0.018 0.019 
 29 nort2690    (7)   :  0.314 0.014 0.085 0.385 0.202 
 30 shur1243    (0)   :  0.010 0.014 0.954 0.011 0.011 
 31 minh1238    (0)   :  0.190 0.008 0.062 0.407 0.333 
 32 udih1248    (0)   :  0.024 0.906 0.016 0.025 0.029 
 33 oira1262   (14)   :  0.339 0.016 0.011 0.217 0.417 
 34 hate1238    (7)   :  0.051 0.038 0.809 0.058 0.045 
 35 tata1255    (0)   :  0.675 0.008 0.006 0.281 0.030 
 36 turk1304    (0)   :  0.607 0.011 0.010 0.232 0.140 
 37 oroc1248    (0)   :  0.025 0.912 0.015 0.025 0.022 
 38 chuv1255    (0)   :  0.294 0.014 0.030 0.265 0.397 
 39 noga1249   (14)   :  0.499 0.037 0.028 0.327 0.109 
 40 dong1285    (7)   :  0.201 0.022 0.014 0.410 0.353 
 41 halh1238   (14)   :  0.174 0.022 0.018 0.319 0.468 
 42 ogam1239    (0)   :  0.037 0.010 0.811 0.069 0.074 
 43 cent2126    (7)   :  0.012 0.010 0.952 0.015 0.012 
 44 yona1241   (14)   :  0.192 0.034 0.031 0.408 0.336 
 45 kore1280    (0)   :  0.195 0.010 0.026 0.398 0.371 
 46 tuvi1240    (0)   :  0.232 0.024 0.010 0.194 0.540 
 47 huzh1238    (7)   :  0.196 0.012 0.030 0.412 0.350 
 48 khak1248    (0)   :  0.599 0.011 0.010 0.231 0.149 
 49 oldu1238    (7)   :  0.607 0.015 0.010 0.227 0.141 
 50 nucl1643    (0)   :  0.009 0.008 0.963 0.011 0.009 
 51 orok1265   (14)   :  0.009 0.956 0.015 0.010 0.010 
 52 midd1372   (14)   :  0.195 0.019 0.014 0.429 0.344 
 53 mogh1245   (28)   :  0.362 0.147 0.053 0.298 0.140 
 54 uigh1240    (7)   :  0.671 0.008 0.007 0.283 0.030 
 55 kara1467   (14)   :  0.671 0.009 0.008 0.288 0.025 
 56 russ1264   (14)   :  0.590 0.016 0.012 0.228 0.154 
 57 sout2954    (0)   :  0.008 0.013 0.955 0.012 0.012 
 58 berj1234    (0)   :  0.011 0.953 0.010 0.013 0.014 
 59 kham1281    (0)   :  0.391 0.047 0.014 0.159 0.388 
 60 dolg1241    (0)   :  0.602 0.012 0.009 0.234 0.142 


Estimated Allele Frequencies in each cluster
First column gives estimated ancestral frequencies


Locus 1 : TE003 
2 alleles
3.3% missing data
   1   (0.438) 0.846 0.072 0.024 0.632 0.665 
   0   (0.562) 0.154 0.928 0.976 0.368 0.335 

Locus 2 : TE004 
2 alleles
3.3% missing data
   0   (0.817) 0.962 0.351 0.992 0.903 0.909 
   1   (0.183) 0.038 0.649 0.008 0.097 0.091 

Locus 3 : TE005 
2 alleles
18.3% missing data
   0   (0.736) 0.941 0.132 0.987 0.840 0.849 
   1   (0.264) 0.059 0.868 0.013 0.160 0.151 

Locus 4 : TE006 
2 alleles
26.7% missing data
   0   (0.593) 0.868 0.964 0.106 0.690 0.728 
   1   (0.407) 0.132 0.036 0.894 0.310 0.272 

Locus 5 : TE007 
2 alleles
6.7% missing data
   0   (0.695) 0.905 0.971 0.708 0.773 0.796 
   1   (0.305) 0.095 0.029 0.292 0.227 0.204 

Locus 6 : TE008 
2 alleles
1.7% missing data
   1   (0.611) 0.841 0.967 0.924 0.674 0.524 
   0   (0.389) 0.159 0.033 0.076 0.326 0.476 

Locus 7 : TE031 
2 alleles
1.7% missing data
   1   (0.731) 0.857 0.978 0.037 0.807 0.843 
   0   (0.269) 0.143 0.022 0.963 0.193 0.157 

Locus 8 : TE037 
2 alleles
1.7% missing data
   1   (0.519) 0.812 0.134 0.610 0.650 0.456 
   0   (0.481) 0.188 0.866 0.390 0.350 0.544 

Locus 9 : TE038 
2 alleles
1.7% missing data
   1   (0.662) 0.920 0.666 0.034 0.797 0.820 
   0   (0.338) 0.080 0.334 0.966 0.203 0.180 

Locus 10 : TE039 
2 alleles
5.0% missing data
   1   (0.617) 0.496 0.906 0.971 0.531 0.715 
   0   (0.383) 0.504 0.094 0.029 0.469 0.285 

Locus 11 : TE078 
2 alleles
3.3% missing data
   0   (0.796) 0.932 0.983 0.990 0.838 0.855 
   1   (0.204) 0.068 0.017 0.010 0.162 0.145 

Locus 12 : TS079 
2 alleles
10.0% missing data
   0   (0.838) 0.968 0.524 0.993 0.917 0.920 
   1   (0.162) 0.032 0.476 0.007 0.083 0.080 

Locus 13 : TS080 
2 alleles
10.0% missing data
   0   (0.719) 0.252 0.772 0.987 0.543 0.495 
   1   (0.281) 0.748 0.228 0.013 0.457 0.505 

Locus 14 : TS088 
2 alleles
1.7% missing data
   0   (0.539) 0.818 0.960 0.977 0.604 0.508 
   1   (0.461) 0.182 0.040 0.023 0.396 0.492 

Values of parameters used in structure:
DATAFILE=phonology_structure,	OUTFILE=outfile_phonology_structure_K5_run38,	NUMINDS=60,	NUMLOCI=14,	MISSING=-9,	LABEL=1,	POPDATA=0,	POPFLAG=0,	PHENOTYPE=0,	EXTRACOLS=0,	MAXPOPS=5,	BURNIN=10000,	NUMREPS=100000,	USEPOPINFO=0,	INFERALPHA=1,	INFERLAMBDA=0,	POPSPECIFICLAMBDA=0,	POPALPHAS=0,	COMPUTEPROB=1,	NOADMIX=0,	ADMBURNIN=500,	UPDATEFREQ=100,	PRINTLIKES=0,	INTERMEDSAVE=0,	PRINTKLD=0,	PRINTNET=1,	PRINTLAMBDA=1,	ANCESTDIST=0,	NUMBOXES=1000,	ANCESTPINT=0.90000,	GENSBACK=2,	MIGRPRIOR=0.01000,	PRINTQHAT=0,	PRINTQSUM=1,	ALPHA=1.0000,	FREQSCORR=1,	FPRIORMEAN=0.0100,	FPRIORSD=0.0500,	ONEFST=0,	LAMBDA=1.0000,	UNIFPRIORALPHA=1,	ALPHAMAX=10.0000,	ALPHAPRIORA=1.0000,	ALPHAPRIORB=2.0000,	ALPHAPROPSD=0.0250,	STARTATPOPINFO=0,	RANDOMIZE=1,	LINKAGE=0,	METROFREQ=10,	REPORTHITRATE=0,	MARKOVPHASE=0,	PHASED=0,	PLOIDY=1,	PHASEINFO=0	LOCPRIOR=0, 	LOCPRIORINIT=1.000000, 	LOCDATA=0, 	LOCISPOP=0, 	LOCPRIORSTEP=0.100000, 	MAXLOCPRIOR=20.000000, 	SEED=1641286031,	
[STRAT parameters]:    NUMSIMSTATS=1000,	PHENOTYPECOL=-9,	POOLFREQ=10,	LOCUSxONLY=0,	EMERROR=0.00100,	MISSINGPHENO=-9,	