

----------------------------------------------------
STRUCTURE by Pritchard, Stephens and Donnelly (2000)
     and Falush, Stephens and Pritchard (2003)
       Code by Pritchard, Falush and Hubisz
             Version 2.3.4 (Jul 2012)
----------------------------------------------------



Command line arguments:   ./structure -m mainparams -K 3 -i phonology_structure -L 14 -o outfile_phonology_structure_K3_run5 
Input File:    phonology_structure

Run parameters:
   60 individuals
   14 loci
   3 populations assumed
   10000 Burn-in period
   100000 Reps


--------------------------------------------
Overall proportion of membership of the
sample in each of the 3 clusters

Inferred Clusters
  1      2      3    
0.453  0.240  0.307  

--------------------------------------------

Allele-freq. divergence among pops (Net nucleotide distance),
computed using point estimates of P.

      1       2       3      
 1      -    0.1939  0.2103  
 2   0.1939     -    0.1390  
 3   0.2103  0.1390     -    

Average distances (expected heterozygosity) between individuals in same cluster:
cluster  1  : 0.1338 
cluster  2  : 0.2808 
cluster  3  : 0.3222 

--------------------------------------------
Estimated Ln Prob of Data   = -301.9
Mean value of ln likelihood = -273.6
Variance of ln likelihood   = 56.5
Mean value of alpha         = 0.0503

Mean value of Fst_1         = 0.6190
Mean value of Fst_2         = 0.3821
Mean value of Fst_3         = 0.2725


Inferred ancestry of individuals:
        Label (%Miss) :  Inferred clusters
  1 torg1245   (21)   :  0.950 0.025 0.025 
  2 oldj1239   (14)   :  0.027 0.675 0.298 
  3 crim1257    (0)   :  0.979 0.011 0.010 
  4 bash1264    (7)   :  0.978 0.011 0.010 
  5 anat1259    (0)   :  0.967 0.010 0.022 
  6 okin1246    (0)   :  0.017 0.017 0.966 
  7 yaku1245    (0)   :  0.942 0.041 0.017 
  8 daur1238    (0)   :  0.832 0.092 0.076 
  9 east2337   (14)   :  0.063 0.275 0.662 
 10 ikem1235    (7)   :  0.015 0.017 0.969 
 11 sibe1251    (0)   :  0.029 0.963 0.008 
 12 nort2697    (0)   :  0.968 0.010 0.022 
 13 bona1250    (0)   :  0.017 0.269 0.714 
 14 ulch1241   (14)   :  0.293 0.676 0.031 
 15 nort2935   (14)   :  0.021 0.065 0.914 
 16 gaga1249    (0)   :  0.958 0.013 0.029 
 17 tara1319    (0)   :  0.012 0.013 0.976 
 18 moma1245   (21)   :  0.034 0.942 0.025 
 19 manc1252    (0)   :  0.180 0.633 0.187 
 20 shor1247    (0)   :  0.974 0.015 0.011 
 21 kaza1248    (0)   :  0.979 0.011 0.010 
 22 midd1351   (14)   :  0.821 0.084 0.095 
 23 chag1247   (71)   :  0.404 0.167 0.429 
 24 huih1238   (14)   :  0.053 0.908 0.038 
 25 ordo1245    (0)   :  0.834 0.091 0.075 
 26 turk1303    (0)   :  0.974 0.015 0.011 
 27 negi1245    (0)   :  0.010 0.965 0.025 
 28 nana1257    (0)   :  0.016 0.968 0.016 
 29 nort2690    (7)   :  0.442 0.091 0.467 
 30 shur1243    (0)   :  0.013 0.030 0.956 
 31 minh1238    (0)   :  0.014 0.183 0.803 
 32 udih1248    (0)   :  0.034 0.945 0.021 
 33 oira1262   (14)   :  0.925 0.039 0.035 
 34 hate1238    (7)   :  0.057 0.069 0.873 
 35 tata1255    (0)   :  0.980 0.011 0.010 
 36 turk1304    (0)   :  0.974 0.015 0.011 
 37 oroc1248    (0)   :  0.023 0.957 0.019 
 38 chuv1255    (0)   :  0.901 0.038 0.061 
 39 noga1249   (14)   :  0.817 0.088 0.095 
 40 dong1285    (7)   :  0.033 0.243 0.724 
 41 halh1238   (14)   :  0.375 0.208 0.417 
 42 ogam1239    (0)   :  0.010 0.027 0.964 
 43 cent2126    (7)   :  0.025 0.034 0.941 
 44 yona1241   (14)   :  0.015 0.243 0.742 
 45 kore1280    (0)   :  0.024 0.212 0.764 
 46 tuvi1240    (0)   :  0.913 0.056 0.031 
 47 huzh1238    (7)   :  0.018 0.207 0.775 
 48 khak1248    (0)   :  0.975 0.014 0.011 
 49 oldu1238    (7)   :  0.970 0.018 0.011 
 50 nucl1643    (0)   :  0.016 0.018 0.966 
 51 orok1265   (14)   :  0.011 0.972 0.017 
 52 midd1372   (14)   :  0.009 0.242 0.749 
 53 mogh1245   (28)   :  0.424 0.325 0.251 
 54 uigh1240    (7)   :  0.977 0.011 0.012 
 55 kara1467   (14)   :  0.973 0.015 0.012 
 56 russ1264   (14)   :  0.963 0.022 0.015 
 57 sout2954    (0)   :  0.013 0.029 0.958 
 58 berj1234    (0)   :  0.014 0.972 0.014 
 59 kham1281    (0)   :  0.939 0.044 0.017 
 60 dolg1241    (0)   :  0.975 0.014 0.011 


Estimated Allele Frequencies in each cluster
First column gives estimated ancestral frequencies


Locus 1 : TE003 
2 alleles
3.3% missing data
   1   (0.324) 0.977 0.123 0.160 
   0   (0.676) 0.023 0.877 0.840 

Locus 2 : TE004 
2 alleles
3.3% missing data
   0   (0.767) 0.994 0.455 0.924 
   1   (0.233) 0.006 0.545 0.076 

Locus 3 : TE005 
2 alleles
18.3% missing data
   0   (0.695) 0.987 0.247 0.899 
   1   (0.305) 0.013 0.753 0.101 

Locus 4 : TE006 
2 alleles
26.7% missing data
   0   (0.573) 0.979 0.900 0.235 
   1   (0.427) 0.021 0.100 0.765 

Locus 5 : TE007 
2 alleles
6.7% missing data
   0   (0.729) 0.993 0.914 0.634 
   1   (0.271) 0.007 0.086 0.366 

Locus 6 : TE008 
2 alleles
1.7% missing data
   1   (0.681) 0.858 0.899 0.712 
   0   (0.319) 0.142 0.101 0.288 

Locus 7 : TE031 
2 alleles
1.7% missing data
   1   (0.653) 0.857 0.934 0.385 
   0   (0.347) 0.143 0.066 0.615 

Locus 8 : TE037 
2 alleles
1.7% missing data
   1   (0.483) 0.795 0.224 0.565 
   0   (0.517) 0.205 0.776 0.435 

Locus 9 : TE038 
2 alleles
1.7% missing data
   1   (0.563) 0.989 0.665 0.304 
   0   (0.437) 0.011 0.335 0.696 

Locus 10 : TE039 
2 alleles
5.0% missing data
   1   (0.641) 0.558 0.826 0.739 
   0   (0.359) 0.442 0.174 0.261 

Locus 11 : TE078 
2 alleles
3.3% missing data
   0   (0.820) 0.995 0.944 0.846 
   1   (0.180) 0.005 0.056 0.154 

Locus 12 : TS079 
2 alleles
10.0% missing data
   0   (0.810) 0.994 0.605 0.941 
   1   (0.190) 0.006 0.395 0.059 

Locus 13 : TS080 
2 alleles
10.0% missing data
   0   (0.777) 0.108 0.794 0.948 
   1   (0.223) 0.892 0.206 0.052 

Locus 14 : TS088 
2 alleles
1.7% missing data
   0   (0.643) 0.892 0.878 0.668 
   1   (0.357) 0.108 0.122 0.332 

Values of parameters used in structure:
DATAFILE=phonology_structure,	OUTFILE=outfile_phonology_structure_K3_run5,	NUMINDS=60,	NUMLOCI=14,	MISSING=-9,	LABEL=1,	POPDATA=0,	POPFLAG=0,	PHENOTYPE=0,	EXTRACOLS=0,	MAXPOPS=3,	BURNIN=10000,	NUMREPS=100000,	USEPOPINFO=0,	INFERALPHA=1,	INFERLAMBDA=0,	POPSPECIFICLAMBDA=0,	POPALPHAS=0,	COMPUTEPROB=1,	NOADMIX=0,	ADMBURNIN=500,	UPDATEFREQ=100,	PRINTLIKES=0,	INTERMEDSAVE=0,	PRINTKLD=0,	PRINTNET=1,	PRINTLAMBDA=1,	ANCESTDIST=0,	NUMBOXES=1000,	ANCESTPINT=0.90000,	GENSBACK=2,	MIGRPRIOR=0.01000,	PRINTQHAT=0,	PRINTQSUM=1,	ALPHA=1.0000,	FREQSCORR=1,	FPRIORMEAN=0.0100,	FPRIORSD=0.0500,	ONEFST=0,	LAMBDA=1.0000,	UNIFPRIORALPHA=1,	ALPHAMAX=10.0000,	ALPHAPRIORA=1.0000,	ALPHAPRIORB=2.0000,	ALPHAPROPSD=0.0250,	STARTATPOPINFO=0,	RANDOMIZE=1,	LINKAGE=0,	METROFREQ=10,	REPORTHITRATE=0,	MARKOVPHASE=0,	PHASED=0,	PLOIDY=1,	PHASEINFO=0	LOCPRIOR=0, 	LOCPRIORINIT=1.000000, 	LOCDATA=0, 	LOCISPOP=0, 	LOCPRIORSTEP=0.100000, 	MAXLOCPRIOR=20.000000, 	SEED=1641219000,	
[STRAT parameters]:    NUMSIMSTATS=1000,	PHENOTYPECOL=-9,	POOLFREQ=10,	LOCUSxONLY=0,	EMERROR=0.00100,	MISSINGPHENO=-9,	