

----------------------------------------------------
STRUCTURE by Pritchard, Stephens and Donnelly (2000)
     and Falush, Stephens and Pritchard (2003)
       Code by Pritchard, Falush and Hubisz
             Version 2.3.4 (Jul 2012)
----------------------------------------------------



Command line arguments:   ./structure -m mainparams -K 7 -i phonology_structure -L 14 -o outfile_phonology_structure_K7_run48 
Input File:    phonology_structure

Run parameters:
   60 individuals
   14 loci
   7 populations assumed
   10000 Burn-in period
   100000 Reps


--------------------------------------------
Overall proportion of membership of the
sample in each of the 7 clusters

Inferred Clusters
  1      2      3      4      5      6      7    
0.162  0.120  0.122  0.185  0.136  0.164  0.112  

--------------------------------------------

Allele-freq. divergence among pops (Net nucleotide distance),
computed using point estimates of P.

      1       2       3       4       5       6       7      
 1      -    0.0626  0.0623  0.0383  0.0671  0.2098  0.0612  
 2   0.0626     -    0.0005  0.0191  0.0005  0.1805  0.0027  
 3   0.0623  0.0005     -    0.0176  0.0002  0.1754  0.0024  
 4   0.0383  0.0191  0.0176     -    0.0183  0.2137  0.0286  
 5   0.0671  0.0005  0.0002  0.0183     -    0.1794  0.0032  
 6   0.2098  0.1805  0.1754  0.2137  0.1794     -    0.1602  
 7   0.0612  0.0027  0.0024  0.0286  0.0032  0.1602     -    

Average distances (expected heterozygosity) between individuals in same cluster:
cluster  1  : 0.3068 
cluster  2  : 0.3557 
cluster  3  : 0.3586 
cluster  4  : 0.2915 
cluster  5  : 0.3518 
cluster  6  : 0.1263 
cluster  7  : 0.3841 

--------------------------------------------
Estimated Ln Prob of Data   = -845.3
Mean value of ln likelihood = -235.3
Variance of ln likelihood   = 1219.9
Mean value of alpha         = 0.0911

Mean value of Fst_1         = 0.5315
Mean value of Fst_2         = 0.2774
Mean value of Fst_3         = 0.2676
Mean value of Fst_4         = 0.5927
Mean value of Fst_5         = 0.3058
Mean value of Fst_6         = 0.6972
Mean value of Fst_7         = 0.1968


Inferred ancestry of individuals:
        Label (%Miss) :  Inferred clusters
  1 torg1245   (21)   :  0.091 0.134 0.139 0.287 0.204 0.019 0.127 
  2 oldj1239   (14)   :  0.296 0.119 0.131 0.139 0.113 0.057 0.144 
  3 crim1257    (0)   :  0.117 0.114 0.151 0.359 0.178 0.010 0.070 
  4 bash1264    (7)   :  0.113 0.113 0.146 0.369 0.180 0.010 0.070 
  5 anat1259    (0)   :  0.111 0.126 0.145 0.352 0.174 0.025 0.066 
  6 okin1246    (0)   :  0.012 0.013 0.012 0.013 0.013 0.923 0.014 
  7 yaku1245    (0)   :  0.094 0.215 0.167 0.185 0.180 0.017 0.142 
  8 daur1238    (0)   :  0.088 0.263 0.191 0.084 0.198 0.010 0.166 
  9 east2337   (14)   :  0.064 0.199 0.205 0.065 0.216 0.014 0.237 
 10 ikem1235    (7)   :  0.012 0.016 0.017 0.013 0.017 0.907 0.017 
 11 sibe1251    (0)   :  0.626 0.020 0.021 0.285 0.020 0.009 0.018 
 12 nort2697    (0)   :  0.114 0.125 0.147 0.348 0.174 0.025 0.068 
 13 bona1250    (0)   :  0.069 0.182 0.186 0.059 0.207 0.041 0.255 
 14 ulch1241   (14)   :  0.342 0.126 0.115 0.198 0.106 0.014 0.101 
 15 nort2935   (14)   :  0.021 0.022 0.022 0.019 0.020 0.873 0.023 
 16 gaga1249    (0)   :  0.097 0.128 0.130 0.303 0.186 0.057 0.100 
 17 tara1319    (0)   :  0.011 0.013 0.013 0.012 0.014 0.921 0.016 
 18 moma1245   (21)   :  0.562 0.041 0.038 0.262 0.039 0.017 0.041 
 19 manc1252    (0)   :  0.184 0.173 0.175 0.150 0.140 0.022 0.156 
 20 shor1247    (0)   :  0.088 0.130 0.131 0.293 0.209 0.012 0.136 
 21 kaza1248    (0)   :  0.115 0.106 0.143 0.371 0.182 0.010 0.074 
 22 midd1351   (14)   :  0.107 0.147 0.183 0.246 0.166 0.025 0.127 
 23 chag1247   (71)   :  0.079 0.195 0.185 0.103 0.174 0.077 0.188 
 24 huih1238   (14)   :  0.510 0.061 0.059 0.235 0.053 0.025 0.056 
 25 ordo1245    (0)   :  0.082 0.262 0.194 0.082 0.197 0.011 0.173 
 26 turk1303    (0)   :  0.092 0.134 0.129 0.310 0.194 0.012 0.129 
 27 negi1245    (0)   :  0.623 0.019 0.021 0.277 0.016 0.023 0.021 
 28 nana1257    (0)   :  0.607 0.026 0.024 0.276 0.025 0.016 0.026 
 29 nort2690    (7)   :  0.078 0.165 0.207 0.144 0.175 0.058 0.173 
 30 shur1243    (0)   :  0.015 0.015 0.015 0.013 0.014 0.913 0.015 
 31 minh1238    (0)   :  0.050 0.193 0.193 0.052 0.214 0.060 0.238 
 32 udih1248    (0)   :  0.583 0.037 0.035 0.263 0.029 0.020 0.032 
 33 oira1262   (14)   :  0.082 0.191 0.172 0.173 0.206 0.015 0.162 
 34 hate1238    (7)   :  0.036 0.052 0.053 0.043 0.048 0.715 0.053 
 35 tata1255    (0)   :  0.117 0.107 0.144 0.370 0.178 0.010 0.073 
 36 turk1304    (0)   :  0.088 0.136 0.141 0.294 0.205 0.012 0.124 
 37 oroc1248    (0)   :  0.590 0.029 0.030 0.270 0.029 0.019 0.034 
 38 chuv1255    (0)   :  0.081 0.217 0.187 0.141 0.182 0.024 0.167 
 39 noga1249   (14)   :  0.107 0.152 0.180 0.242 0.168 0.025 0.126 
 40 dong1285    (7)   :  0.057 0.180 0.204 0.064 0.215 0.016 0.264 
 41 halh1238   (14)   :  0.070 0.216 0.202 0.073 0.197 0.020 0.223 
 42 ogam1239    (0)   :  0.023 0.062 0.060 0.022 0.058 0.706 0.070 
 43 cent2126    (7)   :  0.014 0.015 0.017 0.014 0.017 0.906 0.016 
 44 yona1241   (14)   :  0.061 0.195 0.195 0.061 0.203 0.029 0.256 
 45 kore1280    (0)   :  0.051 0.193 0.192 0.061 0.216 0.030 0.258 
 46 tuvi1240    (0)   :  0.090 0.252 0.186 0.109 0.194 0.014 0.156 
 47 huzh1238    (7)   :  0.052 0.187 0.193 0.056 0.213 0.037 0.264 
 48 khak1248    (0)   :  0.089 0.130 0.132 0.307 0.202 0.013 0.128 
 49 oldu1238    (7)   :  0.087 0.132 0.136 0.298 0.205 0.012 0.130 
 50 nucl1643    (0)   :  0.012 0.014 0.015 0.012 0.014 0.919 0.014 
 51 orok1265   (14)   :  0.635 0.015 0.014 0.286 0.015 0.018 0.017 
 52 midd1372   (14)   :  0.059 0.192 0.200 0.057 0.208 0.018 0.268 
 53 mogh1245   (28)   :  0.121 0.155 0.190 0.183 0.164 0.041 0.146 
 54 uigh1240    (7)   :  0.119 0.114 0.146 0.352 0.177 0.011 0.080 
 55 kara1467   (14)   :  0.120 0.117 0.152 0.354 0.177 0.011 0.070 
 56 russ1264   (14)   :  0.085 0.134 0.136 0.294 0.208 0.015 0.129 
 57 sout2954    (0)   :  0.015 0.015 0.014 0.014 0.016 0.908 0.017 
 58 berj1234    (0)   :  0.626 0.020 0.020 0.284 0.018 0.014 0.018 
 59 kham1281    (0)   :  0.093 0.208 0.174 0.196 0.177 0.017 0.135 
 60 dolg1241    (0)   :  0.087 0.130 0.140 0.299 0.206 0.013 0.126 


Estimated Allele Frequencies in each cluster
First column gives estimated ancestral frequencies


Locus 1 : TE003 
2 alleles
3.3% missing data
   1   (0.459) 0.290 0.639 0.623 0.627 0.645 0.038 0.554 
   0   (0.541) 0.710 0.361 0.377 0.373 0.355 0.962 0.446 

Locus 2 : TE004 
2 alleles
3.3% missing data
   0   (0.825) 0.521 0.886 0.883 0.768 0.903 0.988 0.869 
   1   (0.175) 0.479 0.114 0.117 0.232 0.097 0.012 0.131 

Locus 3 : TE005 
2 alleles
18.3% missing data
   0   (0.769) 0.369 0.847 0.841 0.698 0.855 0.982 0.812 
   1   (0.231) 0.631 0.153 0.159 0.302 0.145 0.018 0.188 

Locus 4 : TE006 
2 alleles
26.7% missing data
   0   (0.629) 0.913 0.745 0.731 0.922 0.733 0.116 0.668 
   1   (0.371) 0.087 0.255 0.269 0.078 0.267 0.884 0.332 

Locus 5 : TE007 
2 alleles
6.7% missing data
   0   (0.719) 0.939 0.812 0.798 0.943 0.801 0.715 0.752 
   1   (0.281) 0.061 0.188 0.202 0.057 0.199 0.285 0.248 

Locus 6 : TE008 
2 alleles
1.7% missing data
   1   (0.608) 0.892 0.636 0.680 0.908 0.677 0.933 0.627 
   0   (0.392) 0.108 0.364 0.320 0.092 0.323 0.067 0.373 

Locus 7 : TE031 
2 alleles
1.7% missing data
   1   (0.763) 0.933 0.820 0.822 0.885 0.823 0.057 0.816 
   0   (0.237) 0.067 0.180 0.178 0.115 0.177 0.943 0.184 

Locus 8 : TE037 
2 alleles
1.7% missing data
   1   (0.503) 0.293 0.549 0.591 0.617 0.609 0.614 0.559 
   0   (0.497) 0.707 0.451 0.409 0.383 0.391 0.386 0.441 

Locus 9 : TE038 
2 alleles
1.7% missing data
   1   (0.704) 0.730 0.815 0.802 0.850 0.812 0.054 0.760 
   0   (0.296) 0.270 0.185 0.198 0.150 0.188 0.946 0.240 

Locus 10 : TE039 
2 alleles
5.0% missing data
   1   (0.593) 0.795 0.619 0.571 0.621 0.593 0.964 0.606 
   0   (0.407) 0.205 0.381 0.429 0.379 0.407 0.036 0.394 

Locus 11 : TE078 
2 alleles
3.3% missing data
   0   (0.813) 0.962 0.872 0.867 0.963 0.863 0.989 0.828 
   1   (0.187) 0.038 0.128 0.133 0.037 0.137 0.011 0.172 

Locus 12 : TS079 
2 alleles
10.0% missing data
   0   (0.865) 0.644 0.915 0.914 0.829 0.923 0.991 0.900 
   1   (0.135) 0.356 0.085 0.086 0.171 0.077 0.009 0.100 

Locus 13 : TS080 
2 alleles
10.0% missing data
   0   (0.698) 0.643 0.503 0.517 0.386 0.492 0.974 0.605 
   1   (0.302) 0.357 0.497 0.483 0.614 0.508 0.026 0.395 

Locus 14 : TS088 
2 alleles
1.7% missing data
   0   (0.559) 0.886 0.631 0.649 0.896 0.635 0.972 0.574 
   1   (0.441) 0.114 0.369 0.351 0.104 0.365 0.028 0.426 

Values of parameters used in structure:
DATAFILE=phonology_structure,	OUTFILE=outfile_phonology_structure_K7_run48,	NUMINDS=60,	NUMLOCI=14,	MISSING=-9,	LABEL=1,	POPDATA=0,	POPFLAG=0,	PHENOTYPE=0,	EXTRACOLS=0,	MAXPOPS=7,	BURNIN=10000,	NUMREPS=100000,	USEPOPINFO=0,	INFERALPHA=1,	INFERLAMBDA=0,	POPSPECIFICLAMBDA=0,	POPALPHAS=0,	COMPUTEPROB=1,	NOADMIX=0,	ADMBURNIN=500,	UPDATEFREQ=100,	PRINTLIKES=0,	INTERMEDSAVE=0,	PRINTKLD=0,	PRINTNET=1,	PRINTLAMBDA=1,	ANCESTDIST=0,	NUMBOXES=1000,	ANCESTPINT=0.90000,	GENSBACK=2,	MIGRPRIOR=0.01000,	PRINTQHAT=0,	PRINTQSUM=1,	ALPHA=1.0000,	FREQSCORR=1,	FPRIORMEAN=0.0100,	FPRIORSD=0.0500,	ONEFST=0,	LAMBDA=1.0000,	UNIFPRIORALPHA=1,	ALPHAMAX=10.0000,	ALPHAPRIORA=1.0000,	ALPHAPRIORB=2.0000,	ALPHAPROPSD=0.0250,	STARTATPOPINFO=0,	RANDOMIZE=1,	LINKAGE=0,	METROFREQ=10,	REPORTHITRATE=0,	MARKOVPHASE=0,	PHASED=0,	PLOIDY=1,	PHASEINFO=0	LOCPRIOR=0, 	LOCPRIORINIT=1.000000, 	LOCDATA=0, 	LOCISPOP=0, 	LOCPRIORSTEP=0.100000, 	MAXLOCPRIOR=20.000000, 	SEED=1641292141,	
[STRAT parameters]:    NUMSIMSTATS=1000,	PHENOTYPECOL=-9,	POOLFREQ=10,	LOCUSxONLY=0,	EMERROR=0.00100,	MISSINGPHENO=-9,	