

----------------------------------------------------
STRUCTURE by Pritchard, Stephens and Donnelly (2000)
     and Falush, Stephens and Pritchard (2003)
       Code by Pritchard, Falush and Hubisz
             Version 2.3.4 (Jul 2012)
----------------------------------------------------



Command line arguments:   ./structure -m mainparams -K 6 -i phonology_structure -L 14 -o outfile_phonology_structure_K6_run17 
Input File:    phonology_structure

Run parameters:
   60 individuals
   14 loci
   6 populations assumed
   10000 Burn-in period
   100000 Reps


--------------------------------------------
Overall proportion of membership of the
sample in each of the 6 clusters

Inferred Clusters
  1      2      3      4      5      6    
0.131  0.204  0.193  0.168  0.135  0.168  

--------------------------------------------

Allele-freq. divergence among pops (Net nucleotide distance),
computed using point estimates of P.

      1       2       3       4       5       6      
 1      -    0.0312  0.0342  0.1410  0.0005  0.1714  
 2   0.0312     -    0.0019  0.1960  0.0308  0.2435  
 3   0.0342  0.0019     -    0.1980  0.0356  0.2588  
 4   0.1410  0.1960  0.1980     -    0.1431  0.2729  
 5   0.0005  0.0308  0.0356  0.1431     -    0.1657  
 6   0.1714  0.2435  0.2588  0.2729  0.1657     -    

Average distances (expected heterozygosity) between individuals in same cluster:
cluster  1  : 0.3858 
cluster  2  : 0.2573 
cluster  3  : 0.2384 
cluster  4  : 0.1970 
cluster  5  : 0.3904 
cluster  6  : 0.1120 

--------------------------------------------
Estimated Ln Prob of Data   = -320.7
Mean value of ln likelihood = -226.7
Variance of ln likelihood   = 188.2
Mean value of alpha         = 0.0400

Mean value of Fst_1         = 0.1935
Mean value of Fst_2         = 0.5359
Mean value of Fst_3         = 0.5559
Mean value of Fst_4         = 0.5691
Mean value of Fst_5         = 0.1899
Mean value of Fst_6         = 0.7095


Inferred ancestry of individuals:
        Label (%Miss) :  Inferred clusters
  1 torg1245   (21)   :  0.123 0.376 0.356 0.015 0.115 0.016 
  2 oldj1239   (14)   :  0.166 0.082 0.058 0.449 0.188 0.056 
  3 crim1257    (0)   :  0.053 0.487 0.358 0.008 0.087 0.006 
  4 bash1264    (7)   :  0.051 0.479 0.366 0.008 0.091 0.006 
  5 anat1259    (0)   :  0.054 0.460 0.359 0.006 0.098 0.023 
  6 okin1246    (0)   :  0.010 0.009 0.011 0.008 0.010 0.952 
  7 yaku1245    (0)   :  0.175 0.250 0.389 0.036 0.138 0.013 
  8 daur1238    (0)   :  0.262 0.179 0.359 0.012 0.182 0.007 
  9 east2337   (14)   :  0.336 0.152 0.108 0.025 0.369 0.010 
 10 ikem1235    (7)   :  0.016 0.010 0.011 0.008 0.017 0.938 
 11 sibe1251    (0)   :  0.015 0.016 0.019 0.932 0.014 0.006 
 12 nort2697    (0)   :  0.054 0.458 0.363 0.007 0.097 0.022 
 13 bona1250    (0)   :  0.348 0.139 0.094 0.040 0.339 0.039 
 14 ulch1241   (14)   :  0.122 0.116 0.156 0.492 0.103 0.010 
 15 nort2935   (14)   :  0.019 0.013 0.014 0.020 0.017 0.917 
 16 gaga1249    (0)   :  0.093 0.397 0.335 0.011 0.114 0.050 
 17 tara1319    (0)   :  0.012 0.010 0.008 0.006 0.015 0.948 
 18 moma1245   (21)   :  0.034 0.027 0.026 0.867 0.034 0.013 
 19 manc1252    (0)   :  0.201 0.160 0.130 0.252 0.235 0.022 
 20 shor1247    (0)   :  0.116 0.378 0.381 0.010 0.106 0.009 
 21 kaza1248    (0)   :  0.050 0.481 0.366 0.007 0.088 0.006 
 22 midd1351   (14)   :  0.127 0.366 0.297 0.029 0.157 0.023 
 23 chag1247   (71)   :  0.238 0.191 0.193 0.042 0.251 0.087 
 24 huih1238   (14)   :  0.063 0.046 0.048 0.766 0.055 0.021 
 25 ordo1245    (0)   :  0.257 0.183 0.355 0.011 0.187 0.006 
 26 turk1303    (0)   :  0.116 0.387 0.371 0.010 0.107 0.009 
 27 negi1245    (0)   :  0.015 0.009 0.010 0.934 0.014 0.018 
 28 nana1257    (0)   :  0.022 0.017 0.016 0.912 0.020 0.012 
 29 nort2690    (7)   :  0.224 0.245 0.212 0.012 0.243 0.065 
 30 shur1243    (0)   :  0.013 0.008 0.010 0.012 0.013 0.943 
 31 minh1238    (0)   :  0.332 0.148 0.082 0.007 0.373 0.058 
 32 udih1248    (0)   :  0.033 0.027 0.024 0.870 0.030 0.016 
 33 oira1262   (14)   :  0.214 0.243 0.349 0.014 0.169 0.010 
 34 hate1238    (7)   :  0.053 0.051 0.044 0.035 0.053 0.764 
 35 tata1255    (0)   :  0.050 0.478 0.365 0.007 0.092 0.007 
 36 turk1304    (0)   :  0.117 0.374 0.381 0.011 0.108 0.009 
 37 oroc1248    (0)   :  0.027 0.025 0.022 0.884 0.026 0.015 
 38 chuv1255    (0)   :  0.236 0.240 0.264 0.013 0.221 0.027 
 39 noga1249   (14)   :  0.133 0.353 0.296 0.030 0.163 0.024 
 40 dong1285    (7)   :  0.343 0.150 0.109 0.019 0.366 0.013 
 41 halh1238   (14)   :  0.308 0.166 0.188 0.022 0.300 0.017 
 42 ogam1239    (0)   :  0.071 0.037 0.028 0.009 0.089 0.764 
 43 cent2126    (7)   :  0.014 0.012 0.011 0.010 0.013 0.941 
 44 yona1241   (14)   :  0.337 0.145 0.099 0.029 0.363 0.027 
 45 kore1280    (0)   :  0.327 0.149 0.108 0.010 0.378 0.028 
 46 tuvi1240    (0)   :  0.226 0.195 0.386 0.019 0.165 0.009 
 47 huzh1238    (7)   :  0.356 0.159 0.100 0.010 0.342 0.033 
 48 khak1248    (0)   :  0.116 0.379 0.381 0.010 0.105 0.009 
 49 oldu1238    (7)   :  0.113 0.376 0.386 0.013 0.102 0.009 
 50 nucl1643    (0)   :  0.010 0.010 0.009 0.008 0.010 0.952 
 51 orok1265   (14)   :  0.011 0.009 0.010 0.945 0.012 0.014 
 52 midd1372   (14)   :  0.348 0.159 0.092 0.018 0.370 0.013 
 53 mogh1245   (28)   :  0.176 0.262 0.212 0.108 0.198 0.044 
 54 uigh1240    (7)   :  0.051 0.478 0.365 0.008 0.091 0.007 
 55 kara1467   (14)   :  0.052 0.476 0.358 0.009 0.097 0.007 
 56 russ1264   (14)   :  0.118 0.370 0.370 0.015 0.114 0.012 
 57 sout2954    (0)   :  0.012 0.010 0.008 0.012 0.012 0.945 
 58 berj1234    (0)   :  0.014 0.012 0.012 0.940 0.013 0.009 
 59 kham1281    (0)   :  0.174 0.257 0.389 0.036 0.129 0.014 
 60 dolg1241    (0)   :  0.116 0.383 0.375 0.010 0.107 0.009 


Estimated Allele Frequencies in each cluster
First column gives estimated ancestral frequencies


Locus 1 : TE003 
2 alleles
3.3% missing data
   1   (0.439) 0.547 0.810 0.858 0.066 0.533 0.023 
   0   (0.561) 0.453 0.190 0.142 0.934 0.467 0.977 

Locus 2 : TE004 
2 alleles
3.3% missing data
   0   (0.821) 0.870 0.950 0.959 0.332 0.865 0.992 
   1   (0.179) 0.130 0.050 0.041 0.668 0.135 0.008 

Locus 3 : TE005 
2 alleles
18.3% missing data
   0   (0.764) 0.818 0.923 0.939 0.120 0.817 0.988 
   1   (0.236) 0.182 0.077 0.061 0.880 0.183 0.012 

Locus 4 : TE006 
2 alleles
26.7% missing data
   0   (0.599) 0.654 0.851 0.887 0.966 0.637 0.099 
   1   (0.401) 0.346 0.149 0.113 0.034 0.363 0.901 

Locus 5 : TE007 
2 alleles
6.7% missing data
   0   (0.704) 0.747 0.894 0.923 0.972 0.731 0.710 
   1   (0.296) 0.253 0.106 0.077 0.028 0.269 0.290 

Locus 6 : TE008 
2 alleles
1.7% missing data
   1   (0.613) 0.594 0.798 0.755 0.967 0.621 0.931 
   0   (0.387) 0.406 0.202 0.245 0.033 0.379 0.069 

Locus 7 : TE031 
2 alleles
1.7% missing data
   1   (0.764) 0.823 0.849 0.869 0.980 0.808 0.037 
   0   (0.236) 0.177 0.151 0.131 0.020 0.192 0.963 

Locus 8 : TE037 
2 alleles
1.7% missing data
   1   (0.519) 0.524 0.755 0.679 0.121 0.565 0.612 
   0   (0.481) 0.476 0.245 0.321 0.879 0.435 0.388 

Locus 9 : TE038 
2 alleles
1.7% missing data
   1   (0.686) 0.761 0.900 0.924 0.661 0.752 0.034 
   0   (0.314) 0.239 0.100 0.076 0.339 0.248 0.966 

Locus 10 : TE039 
2 alleles
5.0% missing data
   1   (0.587) 0.621 0.503 0.599 0.922 0.569 0.972 
   0   (0.413) 0.379 0.497 0.401 0.078 0.431 0.028 

Locus 11 : TE078 
2 alleles
3.3% missing data
   0   (0.805) 0.824 0.924 0.943 0.984 0.819 0.991 
   1   (0.195) 0.176 0.076 0.057 0.016 0.181 0.009 

Locus 12 : TS079 
2 alleles
10.0% missing data
   0   (0.856) 0.901 0.958 0.968 0.509 0.900 0.994 
   1   (0.144) 0.099 0.042 0.032 0.491 0.100 0.006 

Locus 13 : TS080 
2 alleles
10.0% missing data
   0   (0.710) 0.601 0.301 0.246 0.775 0.621 0.987 
   1   (0.290) 0.399 0.699 0.754 0.225 0.379 0.013 

Locus 14 : TS088 
2 alleles
1.7% missing data
   0   (0.542) 0.537 0.778 0.765 0.961 0.553 0.978 
   1   (0.458) 0.463 0.222 0.235 0.039 0.447 0.022 

Values of parameters used in structure:
DATAFILE=phonology_structure,	OUTFILE=outfile_phonology_structure_K6_run17,	NUMINDS=60,	NUMLOCI=14,	MISSING=-9,	LABEL=1,	POPDATA=0,	POPFLAG=0,	PHENOTYPE=0,	EXTRACOLS=0,	MAXPOPS=6,	BURNIN=10000,	NUMREPS=100000,	USEPOPINFO=0,	INFERALPHA=1,	INFERLAMBDA=0,	POPSPECIFICLAMBDA=0,	POPALPHAS=0,	COMPUTEPROB=1,	NOADMIX=0,	ADMBURNIN=500,	UPDATEFREQ=100,	PRINTLIKES=0,	INTERMEDSAVE=0,	PRINTKLD=0,	PRINTNET=1,	PRINTLAMBDA=1,	ANCESTDIST=0,	NUMBOXES=1000,	ANCESTPINT=0.90000,	GENSBACK=2,	MIGRPRIOR=0.01000,	PRINTQHAT=0,	PRINTQSUM=1,	ALPHA=1.0000,	FREQSCORR=1,	FPRIORMEAN=0.0100,	FPRIORSD=0.0500,	ONEFST=0,	LAMBDA=1.0000,	UNIFPRIORALPHA=1,	ALPHAMAX=10.0000,	ALPHAPRIORA=1.0000,	ALPHAPRIORB=2.0000,	ALPHAPROPSD=0.0250,	STARTATPOPINFO=0,	RANDOMIZE=1,	LINKAGE=0,	METROFREQ=10,	REPORTHITRATE=0,	MARKOVPHASE=0,	PHASED=0,	PLOIDY=1,	PHASEINFO=0	LOCPRIOR=0, 	LOCPRIORINIT=1.000000, 	LOCDATA=0, 	LOCISPOP=0, 	LOCPRIORSTEP=0.100000, 	MAXLOCPRIOR=20.000000, 	SEED=1641243364,	
[STRAT parameters]:    NUMSIMSTATS=1000,	PHENOTYPECOL=-9,	POOLFREQ=10,	LOCUSxONLY=0,	EMERROR=0.00100,	MISSINGPHENO=-9,	