

----------------------------------------------------
STRUCTURE by Pritchard, Stephens and Donnelly (2000)
     and Falush, Stephens and Pritchard (2003)
       Code by Pritchard, Falush and Hubisz
             Version 2.3.4 (Jul 2012)
----------------------------------------------------



Command line arguments:   ./structure -m mainparams -K 5 -i phonology_structure -L 14 -o outfile_phonology_structure_K5_run28 
Input File:    phonology_structure

Run parameters:
   60 individuals
   14 loci
   5 populations assumed
   10000 Burn-in period
   100000 Reps


--------------------------------------------
Overall proportion of membership of the
sample in each of the 5 clusters

Inferred Clusters
  1      2      3      4      5    
0.180  0.248  0.173  0.221  0.179  

--------------------------------------------

Allele-freq. divergence among pops (Net nucleotide distance),
computed using point estimates of P.

      1       2       3       4       5      
 1      -    0.1812  0.2648  0.1662  0.1483  
 2   0.1812     -    0.2265  0.0020  0.0188  
 3   0.2648  0.2265     -    0.2195  0.1885  
 4   0.1662  0.0020  0.2195     -    0.0111  
 5   0.1483  0.0188  0.1885  0.0111     -    

Average distances (expected heterozygosity) between individuals in same cluster:
cluster  1  : 0.2052 
cluster  2  : 0.2852 
cluster  3  : 0.1160 
cluster  4  : 0.3026 
cluster  5  : 0.3689 

--------------------------------------------
Estimated Ln Prob of Data   = -330.6
Mean value of ln likelihood = -227.2
Variance of ln likelihood   = 206.7
Mean value of alpha         = 0.0412

Mean value of Fst_1         = 0.5460
Mean value of Fst_2         = 0.4867
Mean value of Fst_3         = 0.6942
Mean value of Fst_4         = 0.4269
Mean value of Fst_5         = 0.2857


Inferred ancestry of individuals:
        Label (%Miss) :  Inferred clusters
  1 torg1245   (21)   :  0.017 0.430 0.018 0.366 0.169 
  2 oldj1239   (14)   :  0.566 0.094 0.065 0.117 0.159 
  3 crim1257    (0)   :  0.007 0.530 0.006 0.340 0.116 
  4 bash1264    (7)   :  0.007 0.522 0.007 0.348 0.117 
  5 anat1259    (0)   :  0.006 0.511 0.023 0.333 0.126 
  6 okin1246    (0)   :  0.009 0.010 0.961 0.010 0.009 
  7 yaku1245    (0)   :  0.043 0.302 0.014 0.362 0.280 
  8 daur1238    (0)   :  0.012 0.198 0.007 0.358 0.424 
  9 east2337   (14)   :  0.029 0.278 0.011 0.271 0.411 
 10 ikem1235    (7)   :  0.008 0.012 0.953 0.013 0.015 
 11 sibe1251    (0)   :  0.947 0.016 0.006 0.017 0.013 
 12 nort2697    (0)   :  0.007 0.509 0.023 0.338 0.123 
 13 bona1250    (0)   :  0.047 0.250 0.041 0.250 0.412 
 14 ulch1241   (14)   :  0.553 0.128 0.011 0.162 0.147 
 15 nort2935   (14)   :  0.019 0.013 0.938 0.015 0.016 
 16 gaga1249    (0)   :  0.010 0.454 0.045 0.343 0.148 
 17 tara1319    (0)   :  0.007 0.009 0.962 0.009 0.012 
 18 moma1245   (21)   :  0.901 0.027 0.013 0.027 0.033 
 19 manc1252    (0)   :  0.363 0.207 0.026 0.195 0.209 
 20 shor1247    (0)   :  0.011 0.441 0.010 0.376 0.162 
 21 kaza1248    (0)   :  0.007 0.529 0.006 0.343 0.114 
 22 midd1351   (14)   :  0.036 0.444 0.030 0.315 0.175 
 23 chag1247   (71)   :  0.051 0.272 0.101 0.262 0.315 
 24 huih1238   (14)   :  0.827 0.044 0.022 0.053 0.055 
 25 ordo1245    (0)   :  0.012 0.193 0.007 0.356 0.433 
 26 turk1303    (0)   :  0.011 0.431 0.010 0.384 0.164 
 27 negi1245    (0)   :  0.949 0.009 0.019 0.010 0.012 
 28 nana1257    (0)   :  0.943 0.013 0.012 0.015 0.017 
 29 nort2690    (7)   :  0.014 0.349 0.085 0.278 0.274 
 30 shur1243    (0)   :  0.013 0.010 0.955 0.010 0.011 
 31 minh1238    (0)   :  0.008 0.258 0.061 0.250 0.423 
 32 udih1248    (0)   :  0.912 0.022 0.017 0.025 0.024 
 33 oira1262   (14)   :  0.017 0.300 0.011 0.364 0.308 
 34 hate1238    (7)   :  0.037 0.046 0.824 0.051 0.043 
 35 tata1255    (0)   :  0.008 0.523 0.006 0.349 0.114 
 36 turk1304    (0)   :  0.011 0.432 0.009 0.385 0.163 
 37 oroc1248    (0)   :  0.916 0.024 0.016 0.023 0.021 
 38 chuv1255    (0)   :  0.014 0.297 0.030 0.334 0.325 
 39 noga1249   (14)   :  0.036 0.437 0.029 0.319 0.179 
 40 dong1285    (7)   :  0.020 0.278 0.013 0.253 0.436 
 41 halh1238   (14)   :  0.024 0.243 0.019 0.295 0.418 
 42 ogam1239    (0)   :  0.011 0.050 0.802 0.056 0.082 
 43 cent2126    (7)   :  0.010 0.011 0.955 0.011 0.012 
 44 yona1241   (14)   :  0.033 0.261 0.029 0.251 0.426 
 45 kore1280    (0)   :  0.010 0.266 0.027 0.256 0.441 
 46 tuvi1240    (0)   :  0.022 0.229 0.009 0.355 0.384 
 47 huzh1238    (7)   :  0.011 0.266 0.030 0.251 0.442 
 48 khak1248    (0)   :  0.011 0.438 0.009 0.384 0.157 
 49 oldu1238    (7)   :  0.016 0.434 0.009 0.386 0.155 
 50 nucl1643    (0)   :  0.008 0.008 0.965 0.009 0.009 
 51 orok1265   (14)   :  0.959 0.009 0.013 0.009 0.010 
 52 midd1372   (14)   :  0.019 0.271 0.014 0.269 0.428 
 53 mogh1245   (28)   :  0.160 0.326 0.053 0.265 0.197 
 54 uigh1240    (7)   :  0.008 0.527 0.008 0.343 0.114 
 55 kara1467   (14)   :  0.010 0.516 0.008 0.349 0.118 
 56 russ1264   (14)   :  0.017 0.419 0.013 0.380 0.172 
 57 sout2954    (0)   :  0.012 0.010 0.957 0.010 0.011 
 58 berj1234    (0)   :  0.954 0.011 0.010 0.012 0.013 
 59 kham1281    (0)   :  0.050 0.297 0.015 0.360 0.278 
 60 dolg1241    (0)   :  0.011 0.435 0.009 0.391 0.154 


Estimated Allele Frequencies in each cluster
First column gives estimated ancestral frequencies


Locus 1 : TE003 
2 alleles
3.3% missing data
   1   (0.433) 0.072 0.774 0.024 0.750 0.617 
   0   (0.567) 0.928 0.226 0.976 0.250 0.383 

Locus 2 : TE004 
2 alleles
3.3% missing data
   0   (0.808) 0.355 0.940 0.991 0.927 0.896 
   1   (0.192) 0.645 0.060 0.009 0.073 0.104 

Locus 3 : TE005 
2 alleles
18.3% missing data
   0   (0.768) 0.137 0.914 0.988 0.911 0.860 
   1   (0.232) 0.863 0.086 0.012 0.089 0.140 

Locus 4 : TE006 
2 alleles
26.7% missing data
   0   (0.607) 0.965 0.805 0.111 0.812 0.690 
   1   (0.393) 0.035 0.195 0.889 0.188 0.310 

Locus 5 : TE007 
2 alleles
6.7% missing data
   0   (0.700) 0.971 0.861 0.710 0.856 0.763 
   1   (0.300) 0.029 0.139 0.290 0.144 0.237 

Locus 6 : TE008 
2 alleles
1.7% missing data
   1   (0.603) 0.966 0.772 0.925 0.709 0.564 
   0   (0.397) 0.034 0.228 0.075 0.291 0.436 

Locus 7 : TE031 
2 alleles
1.7% missing data
   1   (0.751) 0.979 0.843 0.038 0.852 0.844 
   0   (0.249) 0.021 0.157 0.962 0.148 0.156 

Locus 8 : TE037 
2 alleles
1.7% missing data
   1   (0.505) 0.134 0.750 0.610 0.647 0.512 
   0   (0.495) 0.866 0.250 0.390 0.353 0.488 

Locus 9 : TE038 
2 alleles
1.7% missing data
   1   (0.666) 0.664 0.882 0.035 0.867 0.795 
   0   (0.334) 0.336 0.118 0.965 0.133 0.205 

Locus 10 : TE039 
2 alleles
5.0% missing data
   1   (0.602) 0.902 0.495 0.969 0.592 0.625 
   0   (0.398) 0.098 0.505 0.031 0.408 0.375 

Locus 11 : TE078 
2 alleles
3.3% missing data
   0   (0.802) 0.983 0.901 0.991 0.901 0.834 
   1   (0.198) 0.017 0.099 0.009 0.099 0.166 

Locus 12 : TS079 
2 alleles
10.0% missing data
   0   (0.840) 0.525 0.950 0.992 0.943 0.917 
   1   (0.160) 0.475 0.050 0.008 0.057 0.083 

Locus 13 : TS080 
2 alleles
10.0% missing data
   0   (0.704) 0.771 0.355 0.986 0.364 0.540 
   1   (0.296) 0.229 0.645 0.014 0.636 0.460 

Locus 14 : TS088 
2 alleles
1.7% missing data
   0   (0.542) 0.960 0.737 0.977 0.688 0.517 
   1   (0.458) 0.040 0.263 0.023 0.312 0.483 

Values of parameters used in structure:
DATAFILE=phonology_structure,	OUTFILE=outfile_phonology_structure_K5_run28,	NUMINDS=60,	NUMLOCI=14,	MISSING=-9,	LABEL=1,	POPDATA=0,	POPFLAG=0,	PHENOTYPE=0,	EXTRACOLS=0,	MAXPOPS=5,	BURNIN=10000,	NUMREPS=100000,	USEPOPINFO=0,	INFERALPHA=1,	INFERLAMBDA=0,	POPSPECIFICLAMBDA=0,	POPALPHAS=0,	COMPUTEPROB=1,	NOADMIX=0,	ADMBURNIN=500,	UPDATEFREQ=100,	PRINTLIKES=0,	INTERMEDSAVE=0,	PRINTKLD=0,	PRINTNET=1,	PRINTLAMBDA=1,	ANCESTDIST=0,	NUMBOXES=1000,	ANCESTPINT=0.90000,	GENSBACK=2,	MIGRPRIOR=0.01000,	PRINTQHAT=0,	PRINTQSUM=1,	ALPHA=1.0000,	FREQSCORR=1,	FPRIORMEAN=0.0100,	FPRIORSD=0.0500,	ONEFST=0,	LAMBDA=1.0000,	UNIFPRIORALPHA=1,	ALPHAMAX=10.0000,	ALPHAPRIORA=1.0000,	ALPHAPRIORB=2.0000,	ALPHAPROPSD=0.0250,	STARTATPOPINFO=0,	RANDOMIZE=1,	LINKAGE=0,	METROFREQ=10,	REPORTHITRATE=0,	MARKOVPHASE=0,	PHASED=0,	PLOIDY=1,	PHASEINFO=0	LOCPRIOR=0, 	LOCPRIORINIT=1.000000, 	LOCDATA=0, 	LOCISPOP=0, 	LOCPRIORSTEP=0.100000, 	MAXLOCPRIOR=20.000000, 	SEED=1641274911,	
[STRAT parameters]:    NUMSIMSTATS=1000,	PHENOTYPECOL=-9,	POOLFREQ=10,	LOCUSxONLY=0,	EMERROR=0.00100,	MISSINGPHENO=-9,	