

----------------------------------------------------
STRUCTURE by Pritchard, Stephens and Donnelly (2000)
     and Falush, Stephens and Pritchard (2003)
       Code by Pritchard, Falush and Hubisz
             Version 2.3.4 (Jul 2012)
----------------------------------------------------



Command line arguments:   ./structure -m mainparams -K 3 -i phonology_structure -L 14 -o outfile_phonology_structure_K3_run14 
Input File:    phonology_structure

Run parameters:
   60 individuals
   14 loci
   3 populations assumed
   10000 Burn-in period
   100000 Reps


--------------------------------------------
Overall proportion of membership of the
sample in each of the 3 clusters

Inferred Clusters
  1      2      3    
0.307  0.248  0.445  

--------------------------------------------

Allele-freq. divergence among pops (Net nucleotide distance),
computed using point estimates of P.

      1       2       3      
 1      -    0.1340  0.1629  
 2   0.1340     -    0.2534  
 3   0.1629  0.2534     -    

Average distances (expected heterozygosity) between individuals in same cluster:
cluster  1  : 0.3526 
cluster  2  : 0.2408 
cluster  3  : 0.1276 

--------------------------------------------
Estimated Ln Prob of Data   = -302.0
Mean value of ln likelihood = -274.9
Variance of ln likelihood   = 54.3
Mean value of alpha         = 0.0523

Mean value of Fst_1         = 0.2066
Mean value of Fst_2         = 0.4798
Mean value of Fst_3         = 0.6336


Inferred ancestry of individuals:
        Label (%Miss) :  Inferred clusters
  1 torg1245   (21)   :  0.026 0.025 0.948 
  2 oldj1239   (14)   :  0.798 0.179 0.023 
  3 crim1257    (0)   :  0.011 0.009 0.980 
  4 bash1264    (7)   :  0.013 0.009 0.978 
  5 anat1259    (0)   :  0.013 0.025 0.962 
  6 okin1246    (0)   :  0.014 0.971 0.015 
  7 yaku1245    (0)   :  0.047 0.017 0.935 
  8 daur1238    (0)   :  0.256 0.042 0.702 
  9 east2337   (14)   :  0.611 0.339 0.050 
 10 ikem1235    (7)   :  0.017 0.971 0.013 
 11 sibe1251    (0)   :  0.957 0.009 0.034 
 12 nort2697    (0)   :  0.013 0.026 0.961 
 13 bona1250    (0)   :  0.587 0.397 0.017 
 14 ulch1241   (14)   :  0.675 0.023 0.302 
 15 nort2935   (14)   :  0.042 0.941 0.017 
 16 gaga1249    (0)   :  0.015 0.036 0.949 
 17 tara1319    (0)   :  0.013 0.977 0.011 
 18 moma1245   (21)   :  0.936 0.022 0.042 
 19 manc1252    (0)   :  0.751 0.097 0.153 
 20 shor1247    (0)   :  0.013 0.012 0.975 
 21 kaza1248    (0)   :  0.011 0.009 0.980 
 22 midd1351   (14)   :  0.113 0.067 0.819 
 23 chag1247   (71)   :  0.288 0.297 0.415 
 24 huih1238   (14)   :  0.914 0.031 0.055 
 25 ordo1245    (0)   :  0.260 0.045 0.694 
 26 turk1303    (0)   :  0.014 0.011 0.975 
 27 negi1245    (0)   :  0.958 0.030 0.011 
 28 nana1257    (0)   :  0.964 0.017 0.018 
 29 nort2690    (7)   :  0.182 0.325 0.493 
 30 shur1243    (0)   :  0.023 0.966 0.012 
 31 minh1238    (0)   :  0.476 0.506 0.018 
 32 udih1248    (0)   :  0.943 0.022 0.036 
 33 oira1262   (14)   :  0.096 0.027 0.877 
 34 hate1238    (7)   :  0.072 0.861 0.066 
 35 tata1255    (0)   :  0.011 0.009 0.980 
 36 turk1304    (0)   :  0.015 0.011 0.973 
 37 oroc1248    (0)   :  0.961 0.017 0.023 
 38 chuv1255    (0)   :  0.095 0.052 0.853 
 39 noga1249   (14)   :  0.114 0.065 0.821 
 40 dong1285    (7)   :  0.592 0.377 0.031 
 41 halh1238   (14)   :  0.495 0.223 0.282 
 42 ogam1239    (0)   :  0.059 0.930 0.011 
 43 cent2126    (7)   :  0.026 0.954 0.021 
 44 yona1241   (14)   :  0.594 0.390 0.016 
 45 kore1280    (0)   :  0.564 0.412 0.024 
 46 tuvi1240    (0)   :  0.128 0.025 0.846 
 47 huzh1238    (7)   :  0.544 0.437 0.019 
 48 khak1248    (0)   :  0.014 0.011 0.974 
 49 oldu1238    (7)   :  0.018 0.010 0.972 
 50 nucl1643    (0)   :  0.015 0.970 0.015 
 51 orok1265   (14)   :  0.961 0.026 0.014 
 52 midd1372   (14)   :  0.601 0.390 0.010 
 53 mogh1245   (28)   :  0.387 0.163 0.450 
 54 uigh1240    (7)   :  0.012 0.011 0.977 
 55 kara1467   (14)   :  0.016 0.011 0.973 
 56 russ1264   (14)   :  0.025 0.017 0.958 
 57 sout2954    (0)   :  0.023 0.965 0.012 
 58 berj1234    (0)   :  0.968 0.015 0.017 
 59 kham1281    (0)   :  0.048 0.017 0.934 
 60 dolg1241    (0)   :  0.016 0.011 0.973 


Estimated Allele Frequencies in each cluster
First column gives estimated ancestral frequencies


Locus 1 : TE003 
2 alleles
3.3% missing data
   1   (0.313) 0.197 0.090 0.977 
   0   (0.687) 0.803 0.910 0.023 

Locus 2 : TE004 
2 alleles
3.3% missing data
   0   (0.725) 0.556 0.955 0.993 
   1   (0.275) 0.444 0.045 0.007 

Locus 3 : TE005 
2 alleles
18.3% missing data
   0   (0.605) 0.356 0.937 0.983 
   1   (0.395) 0.644 0.063 0.017 

Locus 4 : TE006 
2 alleles
26.7% missing data
   0   (0.645) 0.818 0.179 0.983 
   1   (0.355) 0.182 0.821 0.017 

Locus 5 : TE007 
2 alleles
6.7% missing data
   0   (0.737) 0.835 0.662 0.994 
   1   (0.263) 0.165 0.338 0.006 

Locus 6 : TE008 
2 alleles
1.7% missing data
   1   (0.672) 0.785 0.803 0.877 
   0   (0.328) 0.215 0.197 0.123 

Locus 7 : TE031 
2 alleles
1.7% missing data
   1   (0.739) 0.907 0.217 0.865 
   0   (0.261) 0.093 0.783 0.135 

Locus 8 : TE037 
2 alleles
1.7% missing data
   1   (0.440) 0.298 0.576 0.808 
   0   (0.560) 0.702 0.424 0.192 

Locus 9 : TE038 
2 alleles
1.7% missing data
   1   (0.616) 0.671 0.175 0.991 
   0   (0.384) 0.329 0.825 0.009 

Locus 10 : TE039 
2 alleles
5.0% missing data
   1   (0.660) 0.755 0.853 0.548 
   0   (0.340) 0.245 0.147 0.452 

Locus 11 : TE078 
2 alleles
3.3% missing data
   0   (0.820) 0.884 0.917 0.996 
   1   (0.180) 0.116 0.083 0.004 

Locus 12 : TS079 
2 alleles
10.0% missing data
   0   (0.785) 0.680 0.965 0.994 
   1   (0.215) 0.320 0.035 0.006 

Locus 13 : TS080 
2 alleles
10.0% missing data
   0   (0.772) 0.797 0.970 0.105 
   1   (0.228) 0.203 0.030 0.895 

Locus 14 : TS088 
2 alleles
1.7% missing data
   0   (0.622) 0.731 0.815 0.908 
   1   (0.378) 0.269 0.185 0.092 

Values of parameters used in structure:
DATAFILE=phonology_structure,	OUTFILE=outfile_phonology_structure_K3_run14,	NUMINDS=60,	NUMLOCI=14,	MISSING=-9,	LABEL=1,	POPDATA=0,	POPFLAG=0,	PHENOTYPE=0,	EXTRACOLS=0,	MAXPOPS=3,	BURNIN=10000,	NUMREPS=100000,	USEPOPINFO=0,	INFERALPHA=1,	INFERLAMBDA=0,	POPSPECIFICLAMBDA=0,	POPALPHAS=0,	COMPUTEPROB=1,	NOADMIX=0,	ADMBURNIN=500,	UPDATEFREQ=100,	PRINTLIKES=0,	INTERMEDSAVE=0,	PRINTKLD=0,	PRINTNET=1,	PRINTLAMBDA=1,	ANCESTDIST=0,	NUMBOXES=1000,	ANCESTPINT=0.90000,	GENSBACK=2,	MIGRPRIOR=0.01000,	PRINTQHAT=0,	PRINTQSUM=1,	ALPHA=1.0000,	FREQSCORR=1,	FPRIORMEAN=0.0100,	FPRIORSD=0.0500,	ONEFST=0,	LAMBDA=1.0000,	UNIFPRIORALPHA=1,	ALPHAMAX=10.0000,	ALPHAPRIORA=1.0000,	ALPHAPRIORB=2.0000,	ALPHAPROPSD=0.0250,	STARTATPOPINFO=0,	RANDOMIZE=1,	LINKAGE=0,	METROFREQ=10,	REPORTHITRATE=0,	MARKOVPHASE=0,	PHASED=0,	PLOIDY=1,	PHASEINFO=0	LOCPRIOR=0, 	LOCPRIORINIT=1.000000, 	LOCDATA=0, 	LOCISPOP=0, 	LOCPRIORSTEP=0.100000, 	MAXLOCPRIOR=20.000000, 	SEED=1641238648,	
[STRAT parameters]:    NUMSIMSTATS=1000,	PHENOTYPECOL=-9,	POOLFREQ=10,	LOCUSxONLY=0,	EMERROR=0.00100,	MISSINGPHENO=-9,	