

----------------------------------------------------
STRUCTURE by Pritchard, Stephens and Donnelly (2000)
     and Falush, Stephens and Pritchard (2003)
       Code by Pritchard, Falush and Hubisz
             Version 2.3.4 (Jul 2012)
----------------------------------------------------



Command line arguments:   ./structure -m mainparams -K 4 -i phonology_structure -L 14 -o outfile_phonology_structure_K4_run11 
Input File:    phonology_structure

Run parameters:
   60 individuals
   14 loci
   4 populations assumed
   10000 Burn-in period
   100000 Reps


--------------------------------------------
Overall proportion of membership of the
sample in each of the 4 clusters

Inferred Clusters
  1      2      3      4    
0.404  0.177  0.191  0.229  

--------------------------------------------

Allele-freq. divergence among pops (Net nucleotide distance),
computed using point estimates of P.

      1       2       3       4      
 1      -    0.3176  0.2388  0.1464  
 2   0.3176     -    0.2584  0.1594  
 3   0.2388  0.2584     -    0.1409  
 4   0.1464  0.1594  0.1409     -    

Average distances (expected heterozygosity) between individuals in same cluster:
cluster  1  : 0.1029 
cluster  2  : 0.1203 
cluster  3  : 0.2153 
cluster  4  : 0.4079 

--------------------------------------------
Estimated Ln Prob of Data   = -274.1
Mean value of ln likelihood = -238.4
Variance of ln likelihood   = 71.4
Mean value of alpha         = 0.0448

Mean value of Fst_1         = 0.6829
Mean value of Fst_2         = 0.6874
Mean value of Fst_3         = 0.5311
Mean value of Fst_4         = 0.0548


Inferred ancestry of individuals:
        Label (%Miss) :  Inferred clusters
  1 torg1245   (21)   :  0.933 0.017 0.019 0.031 
  2 oldj1239   (14)   :  0.032 0.066 0.646 0.256 
  3 crim1257    (0)   :  0.973 0.007 0.008 0.012 
  4 bash1264    (7)   :  0.973 0.007 0.009 0.011 
  5 anat1259    (0)   :  0.950 0.024 0.008 0.018 
  6 okin1246    (0)   :  0.010 0.970 0.009 0.011 
  7 yaku1245    (0)   :  0.862 0.018 0.066 0.054 
  8 daur1238    (0)   :  0.297 0.009 0.022 0.672 
  9 east2337   (14)   :  0.019 0.011 0.025 0.946 
 10 ikem1235    (7)   :  0.010 0.965 0.008 0.017 
 11 sibe1251    (0)   :  0.021 0.006 0.960 0.012 
 12 nort2697    (0)   :  0.951 0.024 0.008 0.017 
 13 bona1250    (0)   :  0.014 0.053 0.057 0.876 
 14 ulch1241   (14)   :  0.231 0.012 0.662 0.095 
 15 nort2935   (14)   :  0.012 0.948 0.020 0.020 
 16 gaga1249    (0)   :  0.934 0.038 0.011 0.017 
 17 tara1319    (0)   :  0.008 0.969 0.007 0.016 
 18 moma1245   (21)   :  0.022 0.015 0.930 0.033 
 19 manc1252    (0)   :  0.203 0.029 0.433 0.335 
 20 shor1247    (0)   :  0.964 0.010 0.013 0.013 
 21 kaza1248    (0)   :  0.973 0.007 0.009 0.011 
 22 midd1351   (14)   :  0.760 0.033 0.051 0.156 
 23 chag1247   (71)   :  0.266 0.126 0.073 0.536 
 24 huih1238   (14)   :  0.053 0.025 0.861 0.060 
 25 ordo1245    (0)   :  0.292 0.009 0.023 0.676 
 26 turk1303    (0)   :  0.966 0.009 0.011 0.013 
 27 negi1245    (0)   :  0.008 0.022 0.954 0.016 
 28 nana1257    (0)   :  0.013 0.012 0.955 0.020 
 29 nort2690    (7)   :  0.421 0.106 0.020 0.452 
 30 shur1243    (0)   :  0.008 0.964 0.013 0.015 
 31 minh1238    (0)   :  0.010 0.070 0.009 0.912 
 32 udih1248    (0)   :  0.026 0.017 0.926 0.031 
 33 oira1262   (14)   :  0.699 0.013 0.022 0.266 
 34 hate1238    (7)   :  0.058 0.846 0.043 0.052 
 35 tata1255    (0)   :  0.972 0.008 0.009 0.012 
 36 turk1304    (0)   :  0.965 0.010 0.012 0.013 
 37 oroc1248    (0)   :  0.028 0.018 0.928 0.027 
 38 chuv1255    (0)   :  0.601 0.032 0.018 0.349 
 39 noga1249   (14)   :  0.764 0.033 0.055 0.148 
 40 dong1285    (7)   :  0.019 0.017 0.026 0.938 
 41 halh1238   (14)   :  0.083 0.018 0.028 0.871 
 42 ogam1239    (0)   :  0.008 0.831 0.011 0.150 
 43 cent2126    (7)   :  0.014 0.961 0.012 0.014 
 44 yona1241   (14)   :  0.012 0.031 0.041 0.915 
 45 kore1280    (0)   :  0.011 0.025 0.011 0.953 
 46 tuvi1240    (0)   :  0.608 0.016 0.047 0.329 
 47 huzh1238    (7)   :  0.011 0.038 0.014 0.937 
 48 khak1248    (0)   :  0.966 0.009 0.012 0.013 
 49 oldu1238    (7)   :  0.961 0.009 0.016 0.013 
 50 nucl1643    (0)   :  0.011 0.970 0.009 0.011 
 51 orok1265   (14)   :  0.008 0.016 0.964 0.012 
 52 midd1372   (14)   :  0.007 0.016 0.020 0.956 
 53 mogh1245   (28)   :  0.478 0.062 0.216 0.244 
 54 uigh1240    (7)   :  0.969 0.009 0.009 0.014 
 55 kara1467   (14)   :  0.966 0.008 0.011 0.015 
 56 russ1264   (14)   :  0.946 0.012 0.019 0.023 
 57 sout2954    (0)   :  0.008 0.965 0.014 0.013 
 58 berj1234    (0)   :  0.011 0.011 0.964 0.014 
 59 kham1281    (0)   :  0.858 0.018 0.067 0.058 
 60 dolg1241    (0)   :  0.964 0.010 0.012 0.014 


Estimated Allele Frequencies in each cluster
First column gives estimated ancestral frequencies


Locus 1 : TE003 
2 alleles
3.3% missing data
   1   (0.422) 0.982 0.026 0.088 0.431 
   0   (0.578) 0.018 0.974 0.912 0.569 

Locus 2 : TE004 
2 alleles
3.3% missing data
   0   (0.809) 0.996 0.991 0.383 0.840 
   1   (0.191) 0.004 0.009 0.617 0.160 

Locus 3 : TE005 
2 alleles
18.3% missing data
   0   (0.760) 0.992 0.987 0.150 0.787 
   1   (0.240) 0.008 0.013 0.850 0.213 

Locus 4 : TE006 
2 alleles
26.7% missing data
   0   (0.576) 0.983 0.115 0.961 0.534 
   1   (0.424) 0.017 0.885 0.039 0.466 

Locus 5 : TE007 
2 alleles
6.7% missing data
   0   (0.681) 0.993 0.705 0.969 0.649 
   1   (0.319) 0.007 0.295 0.031 0.351 

Locus 6 : TE008 
2 alleles
1.7% missing data
   1   (0.560) 0.937 0.910 0.959 0.487 
   0   (0.440) 0.063 0.090 0.041 0.513 

Locus 7 : TE031 
2 alleles
1.7% missing data
   1   (0.747) 0.867 0.041 0.979 0.794 
   0   (0.253) 0.133 0.959 0.021 0.206 

Locus 8 : TE037 
2 alleles
1.7% missing data
   1   (0.474) 0.876 0.605 0.141 0.474 
   0   (0.526) 0.124 0.395 0.859 0.526 

Locus 9 : TE038 
2 alleles
1.7% missing data
   1   (0.654) 0.993 0.037 0.674 0.685 
   0   (0.346) 0.007 0.963 0.326 0.315 

Locus 10 : TE039 
2 alleles
5.0% missing data
   1   (0.605) 0.516 0.967 0.882 0.584 
   0   (0.395) 0.484 0.033 0.118 0.416 

Locus 11 : TE078 
2 alleles
3.3% missing data
   0   (0.795) 0.996 0.990 0.982 0.762 
   1   (0.205) 0.004 0.010 0.018 0.238 

Locus 12 : TS079 
2 alleles
10.0% missing data
   0   (0.832) 0.996 0.992 0.548 0.863 
   1   (0.168) 0.004 0.008 0.452 0.137 

Locus 13 : TS080 
2 alleles
10.0% missing data
   0   (0.723) 0.082 0.987 0.767 0.764 
   1   (0.277) 0.918 0.013 0.233 0.236 

Locus 14 : TS088 
2 alleles
1.7% missing data
   0   (0.471) 0.953 0.971 0.951 0.359 
   1   (0.529) 0.047 0.029 0.049 0.641 

Values of parameters used in structure:
DATAFILE=phonology_structure,	OUTFILE=outfile_phonology_structure_K4_run11,	NUMINDS=60,	NUMLOCI=14,	MISSING=-9,	LABEL=1,	POPDATA=0,	POPFLAG=0,	PHENOTYPE=0,	EXTRACOLS=0,	MAXPOPS=4,	BURNIN=10000,	NUMREPS=100000,	USEPOPINFO=0,	INFERALPHA=1,	INFERLAMBDA=0,	POPSPECIFICLAMBDA=0,	POPALPHAS=0,	COMPUTEPROB=1,	NOADMIX=0,	ADMBURNIN=500,	UPDATEFREQ=100,	PRINTLIKES=0,	INTERMEDSAVE=0,	PRINTKLD=0,	PRINTNET=1,	PRINTLAMBDA=1,	ANCESTDIST=0,	NUMBOXES=1000,	ANCESTPINT=0.90000,	GENSBACK=2,	MIGRPRIOR=0.01000,	PRINTQHAT=0,	PRINTQSUM=1,	ALPHA=1.0000,	FREQSCORR=1,	FPRIORMEAN=0.0100,	FPRIORSD=0.0500,	ONEFST=0,	LAMBDA=1.0000,	UNIFPRIORALPHA=1,	ALPHAMAX=10.0000,	ALPHAPRIORA=1.0000,	ALPHAPRIORB=2.0000,	ALPHAPROPSD=0.0250,	STARTATPOPINFO=0,	RANDOMIZE=1,	LINKAGE=0,	METROFREQ=10,	REPORTHITRATE=0,	MARKOVPHASE=0,	PHASED=0,	PLOIDY=1,	PHASEINFO=0	LOCPRIOR=0, 	LOCPRIORINIT=1.000000, 	LOCDATA=0, 	LOCISPOP=0, 	LOCPRIORSTEP=0.100000, 	MAXLOCPRIOR=20.000000, 	SEED=1641228893,	
[STRAT parameters]:    NUMSIMSTATS=1000,	PHENOTYPECOL=-9,	POOLFREQ=10,	LOCUSxONLY=0,	EMERROR=0.00100,	MISSINGPHENO=-9,	