

----------------------------------------------------
STRUCTURE by Pritchard, Stephens and Donnelly (2000)
     and Falush, Stephens and Pritchard (2003)
       Code by Pritchard, Falush and Hubisz
             Version 2.3.4 (Jul 2012)
----------------------------------------------------



Command line arguments:   ./structure -m mainparams -K 4 -i phonology_structure -L 14 -o outfile_phonology_structure_K4_run29 
Input File:    phonology_structure

Run parameters:
   60 individuals
   14 loci
   4 populations assumed
   10000 Burn-in period
   100000 Reps


--------------------------------------------
Overall proportion of membership of the
sample in each of the 4 clusters

Inferred Clusters
  1      2      3      4    
0.193  0.405  0.225  0.177  

--------------------------------------------

Allele-freq. divergence among pops (Net nucleotide distance),
computed using point estimates of P.

      1       2       3       4      
 1      -    0.2365  0.1458  0.2574  
 2   0.2365     -    0.1494  0.3176  
 3   0.1458  0.1494     -    0.1656  
 4   0.2574  0.3176  0.1656     -    

Average distances (expected heterozygosity) between individuals in same cluster:
cluster  1  : 0.2171 
cluster  2  : 0.1039 
cluster  3  : 0.4050 
cluster  4  : 0.1192 

--------------------------------------------
Estimated Ln Prob of Data   = -272.0
Mean value of ln likelihood = -237.4
Variance of ln likelihood   = 69.2
Mean value of alpha         = 0.0445

Mean value of Fst_1         = 0.5249
Mean value of Fst_2         = 0.6774
Mean value of Fst_3         = 0.0763
Mean value of Fst_4         = 0.6900


Inferred ancestry of individuals:
        Label (%Miss) :  Inferred clusters
  1 torg1245   (21)   :  0.019 0.937 0.028 0.016 
  2 oldj1239   (14)   :  0.664 0.031 0.240 0.065 
  3 crim1257    (0)   :  0.009 0.972 0.012 0.007 
  4 bash1264    (7)   :  0.009 0.970 0.014 0.007 
  5 anat1259    (0)   :  0.008 0.952 0.017 0.023 
  6 okin1246    (0)   :  0.009 0.010 0.011 0.971 
  7 yaku1245    (0)   :  0.067 0.863 0.052 0.019 
  8 daur1238    (0)   :  0.022 0.318 0.651 0.009 
  9 east2337   (14)   :  0.027 0.019 0.943 0.011 
 10 ikem1235    (7)   :  0.009 0.010 0.016 0.966 
 11 sibe1251    (0)   :  0.961 0.021 0.013 0.006 
 12 nort2697    (0)   :  0.008 0.951 0.018 0.023 
 13 bona1250    (0)   :  0.067 0.015 0.864 0.055 
 14 ulch1241   (14)   :  0.674 0.219 0.096 0.012 
 15 nort2935   (14)   :  0.020 0.011 0.017 0.952 
 16 gaga1249    (0)   :  0.009 0.935 0.018 0.037 
 17 tara1319    (0)   :  0.007 0.008 0.014 0.972 
 18 moma1245   (21)   :  0.933 0.022 0.031 0.014 
 19 manc1252    (0)   :  0.472 0.199 0.297 0.032 
 20 shor1247    (0)   :  0.013 0.966 0.012 0.009 
 21 kaza1248    (0)   :  0.009 0.973 0.011 0.007 
 22 midd1351   (14)   :  0.051 0.774 0.142 0.033 
 23 chag1247   (71)   :  0.071 0.260 0.549 0.120 
 24 huih1238   (14)   :  0.868 0.049 0.057 0.025 
 25 ordo1245    (0)   :  0.024 0.310 0.657 0.009 
 26 turk1303    (0)   :  0.012 0.967 0.012 0.009 
 27 negi1245    (0)   :  0.957 0.008 0.014 0.021 
 28 nana1257    (0)   :  0.958 0.013 0.017 0.012 
 29 nort2690    (7)   :  0.021 0.418 0.452 0.109 
 30 shur1243    (0)   :  0.013 0.008 0.012 0.967 
 31 minh1238    (0)   :  0.009 0.009 0.908 0.074 
 32 udih1248    (0)   :  0.936 0.025 0.022 0.017 
 33 oira1262   (14)   :  0.023 0.705 0.260 0.012 
 34 hate1238    (7)   :  0.043 0.063 0.046 0.848 
 35 tata1255    (0)   :  0.009 0.973 0.011 0.007 
 36 turk1304    (0)   :  0.012 0.965 0.013 0.010 
 37 oroc1248    (0)   :  0.930 0.027 0.025 0.018 
 38 chuv1255    (0)   :  0.018 0.614 0.335 0.032 
 39 noga1249   (14)   :  0.053 0.767 0.148 0.033 
 40 dong1285    (7)   :  0.028 0.020 0.937 0.016 
 41 halh1238   (14)   :  0.028 0.085 0.872 0.016 
 42 ogam1239    (0)   :  0.012 0.008 0.146 0.834 
 43 cent2126    (7)   :  0.011 0.013 0.013 0.963 
 44 yona1241   (14)   :  0.050 0.012 0.904 0.034 
 45 kore1280    (0)   :  0.010 0.011 0.954 0.025 
 46 tuvi1240    (0)   :  0.045 0.618 0.321 0.016 
 47 huzh1238    (7)   :  0.012 0.011 0.943 0.034 
 48 khak1248    (0)   :  0.012 0.966 0.012 0.010 
 49 oldu1238    (7)   :  0.016 0.961 0.013 0.010 
 50 nucl1643    (0)   :  0.009 0.010 0.010 0.970 
 51 orok1265   (14)   :  0.964 0.009 0.012 0.015 
 52 midd1372   (14)   :  0.024 0.007 0.953 0.016 
 53 mogh1245   (28)   :  0.234 0.476 0.230 0.061 
 54 uigh1240    (7)   :  0.008 0.971 0.013 0.008 
 55 kara1467   (14)   :  0.011 0.965 0.016 0.008 
 56 russ1264   (14)   :  0.020 0.945 0.023 0.012 
 57 sout2954    (0)   :  0.013 0.008 0.013 0.966 
 58 berj1234    (0)   :  0.966 0.011 0.013 0.010 
 59 kham1281    (0)   :  0.066 0.862 0.054 0.018 
 60 dolg1241    (0)   :  0.011 0.966 0.013 0.010 


Estimated Allele Frequencies in each cluster
First column gives estimated ancestral frequencies


Locus 1 : TE003 
2 alleles
3.3% missing data
   1   (0.429) 0.090 0.982 0.439 0.025 
   0   (0.571) 0.910 0.018 0.561 0.975 

Locus 2 : TE004 
2 alleles
3.3% missing data
   0   (0.809) 0.387 0.996 0.850 0.991 
   1   (0.191) 0.613 0.004 0.150 0.009 

Locus 3 : TE005 
2 alleles
18.3% missing data
   0   (0.750) 0.153 0.992 0.787 0.987 
   1   (0.250) 0.847 0.008 0.213 0.013 

Locus 4 : TE006 
2 alleles
26.7% missing data
   0   (0.591) 0.962 0.983 0.532 0.114 
   1   (0.409) 0.038 0.017 0.468 0.886 

Locus 5 : TE007 
2 alleles
6.7% missing data
   0   (0.683) 0.969 0.993 0.636 0.707 
   1   (0.317) 0.031 0.007 0.364 0.293 

Locus 6 : TE008 
2 alleles
1.7% missing data
   1   (0.567) 0.959 0.935 0.464 0.912 
   0   (0.433) 0.041 0.065 0.536 0.088 

Locus 7 : TE031 
2 alleles
1.7% missing data
   1   (0.743) 0.978 0.866 0.809 0.040 
   0   (0.257) 0.022 0.134 0.191 0.960 

Locus 8 : TE037 
2 alleles
1.7% missing data
   1   (0.481) 0.145 0.873 0.481 0.604 
   0   (0.519) 0.855 0.127 0.519 0.396 

Locus 9 : TE038 
2 alleles
1.7% missing data
   1   (0.647) 0.673 0.992 0.690 0.036 
   0   (0.353) 0.327 0.008 0.310 0.964 

Locus 10 : TE039 
2 alleles
5.0% missing data
   1   (0.609) 0.876 0.517 0.581 0.968 
   0   (0.391) 0.124 0.483 0.419 0.032 

Locus 11 : TE078 
2 alleles
3.3% missing data
   0   (0.789) 0.981 0.995 0.741 0.990 
   1   (0.211) 0.019 0.005 0.259 0.010 

Locus 12 : TS079 
2 alleles
10.0% missing data
   0   (0.831) 0.552 0.996 0.874 0.992 
   1   (0.169) 0.448 0.004 0.126 0.008 

Locus 13 : TS080 
2 alleles
10.0% missing data
   0   (0.713) 0.768 0.082 0.772 0.987 
   1   (0.287) 0.232 0.918 0.228 0.013 

Locus 14 : TS088 
2 alleles
1.7% missing data
   0   (0.496) 0.952 0.953 0.342 0.973 
   1   (0.504) 0.048 0.047 0.658 0.027 

Values of parameters used in structure:
DATAFILE=phonology_structure,	OUTFILE=outfile_phonology_structure_K4_run29,	NUMINDS=60,	NUMLOCI=14,	MISSING=-9,	LABEL=1,	POPDATA=0,	POPFLAG=0,	PHENOTYPE=0,	EXTRACOLS=0,	MAXPOPS=4,	BURNIN=10000,	NUMREPS=100000,	USEPOPINFO=0,	INFERALPHA=1,	INFERLAMBDA=0,	POPSPECIFICLAMBDA=0,	POPALPHAS=0,	COMPUTEPROB=1,	NOADMIX=0,	ADMBURNIN=500,	UPDATEFREQ=100,	PRINTLIKES=0,	INTERMEDSAVE=0,	PRINTKLD=0,	PRINTNET=1,	PRINTLAMBDA=1,	ANCESTDIST=0,	NUMBOXES=1000,	ANCESTPINT=0.90000,	GENSBACK=2,	MIGRPRIOR=0.01000,	PRINTQHAT=0,	PRINTQSUM=1,	ALPHA=1.0000,	FREQSCORR=1,	FPRIORMEAN=0.0100,	FPRIORSD=0.0500,	ONEFST=0,	LAMBDA=1.0000,	UNIFPRIORALPHA=1,	ALPHAMAX=10.0000,	ALPHAPRIORA=1.0000,	ALPHAPRIORB=2.0000,	ALPHAPROPSD=0.0250,	STARTATPOPINFO=0,	RANDOMIZE=1,	LINKAGE=0,	METROFREQ=10,	REPORTHITRATE=0,	MARKOVPHASE=0,	PHASED=0,	PLOIDY=1,	PHASEINFO=0	LOCPRIOR=0, 	LOCPRIORINIT=1.000000, 	LOCDATA=0, 	LOCISPOP=0, 	LOCPRIORSTEP=0.100000, 	MAXLOCPRIOR=20.000000, 	SEED=1641275453,	
[STRAT parameters]:    NUMSIMSTATS=1000,	PHENOTYPECOL=-9,	POOLFREQ=10,	LOCUSxONLY=0,	EMERROR=0.00100,	MISSINGPHENO=-9,	