

----------------------------------------------------
STRUCTURE by Pritchard, Stephens and Donnelly (2000)
     and Falush, Stephens and Pritchard (2003)
       Code by Pritchard, Falush and Hubisz
             Version 2.3.4 (Jul 2012)
----------------------------------------------------



Command line arguments:   ./structure -m mainparams -K 5 -i phonology_structure -L 14 -o outfile_phonology_structure_K5_run44 
Input File:    phonology_structure

Run parameters:
   60 individuals
   14 loci
   5 populations assumed
   10000 Burn-in period
   100000 Reps


--------------------------------------------
Overall proportion of membership of the
sample in each of the 5 clusters

Inferred Clusters
  1      2      3      4      5    
0.249  0.176  0.160  0.170  0.245  

--------------------------------------------

Allele-freq. divergence among pops (Net nucleotide distance),
computed using point estimates of P.

      1       2       3       4       5      
 1      -    0.1821  0.0418  0.2247  0.0035  
 2   0.1821     -    0.1398  0.2686  0.1842  
 3   0.0418  0.1398     -    0.1467  0.0485  
 4   0.2247  0.2686  0.1467     -    0.2371  
 5   0.0035  0.1842  0.0485  0.2371     -    

Average distances (expected heterozygosity) between individuals in same cluster:
cluster  1  : 0.2878 
cluster  2  : 0.2018 
cluster  3  : 0.3968 
cluster  4  : 0.1159 
cluster  5  : 0.2589 

--------------------------------------------
Estimated Ln Prob of Data   = -304.5
Mean value of ln likelihood = -236.9
Variance of ln likelihood   = 135.1
Mean value of alpha         = 0.0410

Mean value of Fst_1         = 0.4032
Mean value of Fst_2         = 0.5687
Mean value of Fst_3         = 0.0204
Mean value of Fst_4         = 0.6896
Mean value of Fst_5         = 0.5082


Inferred ancestry of individuals:
        Label (%Miss) :  Inferred clusters
  1 torg1245   (21)   :  0.411 0.016 0.045 0.015 0.512 
  2 oldj1239   (14)   :  0.108 0.473 0.285 0.054 0.081 
  3 crim1257    (0)   :  0.517 0.007 0.014 0.007 0.455 
  4 bash1264    (7)   :  0.521 0.008 0.014 0.006 0.451 
  5 anat1259    (0)   :  0.507 0.007 0.028 0.024 0.433 
  6 okin1246    (0)   :  0.009 0.008 0.011 0.962 0.009 
  7 yaku1245    (0)   :  0.322 0.059 0.095 0.017 0.508 
  8 daur1238    (0)   :  0.276 0.016 0.321 0.007 0.379 
  9 east2337   (14)   :  0.232 0.032 0.552 0.011 0.173 
 10 ikem1235    (7)   :  0.011 0.008 0.021 0.948 0.012 
 11 sibe1251    (0)   :  0.018 0.947 0.011 0.006 0.019 
 12 nort2697    (0)   :  0.506 0.007 0.031 0.024 0.432 
 13 bona1250    (0)   :  0.223 0.046 0.549 0.038 0.143 
 14 ulch1241   (14)   :  0.133 0.585 0.109 0.011 0.163 
 15 nort2935   (14)   :  0.014 0.020 0.035 0.918 0.014 
 16 gaga1249    (0)   :  0.446 0.010 0.036 0.040 0.468 
 17 tara1319    (0)   :  0.010 0.007 0.017 0.956 0.010 
 18 moma1245   (21)   :  0.027 0.894 0.039 0.013 0.028 
 19 manc1252    (0)   :  0.250 0.300 0.295 0.022 0.133 
 20 shor1247    (0)   :  0.419 0.011 0.030 0.009 0.532 
 21 kaza1248    (0)   :  0.520 0.008 0.014 0.007 0.452 
 22 midd1351   (14)   :  0.465 0.036 0.167 0.029 0.304 
 23 chag1247   (71)   :  0.275 0.044 0.365 0.095 0.221 
 24 huih1238   (14)   :  0.050 0.811 0.069 0.024 0.047 
 25 ordo1245    (0)   :  0.247 0.015 0.345 0.007 0.387 
 26 turk1303    (0)   :  0.428 0.011 0.026 0.009 0.526 
 27 negi1245    (0)   :  0.010 0.941 0.019 0.020 0.010 
 28 nana1257    (0)   :  0.014 0.944 0.017 0.011 0.014 
 29 nort2690    (7)   :  0.358 0.013 0.347 0.071 0.212 
 30 shur1243    (0)   :  0.009 0.014 0.017 0.951 0.009 
 31 minh1238    (0)   :  0.223 0.007 0.572 0.050 0.147 
 32 udih1248    (0)   :  0.028 0.907 0.023 0.017 0.025 
 33 oira1262   (14)   :  0.343 0.017 0.193 0.012 0.435 
 34 hate1238    (7)   :  0.047 0.033 0.066 0.803 0.051 
 35 tata1255    (0)   :  0.519 0.007 0.014 0.006 0.454 
 36 turk1304    (0)   :  0.423 0.011 0.030 0.009 0.528 
 37 oroc1248    (0)   :  0.026 0.912 0.020 0.018 0.024 
 38 chuv1255    (0)   :  0.363 0.013 0.315 0.024 0.285 
 39 noga1249   (14)   :  0.470 0.035 0.154 0.028 0.314 
 40 dong1285    (7)   :  0.239 0.019 0.574 0.013 0.155 
 41 halh1238   (14)   :  0.241 0.021 0.439 0.016 0.284 
 42 ogam1239    (0)   :  0.041 0.009 0.137 0.765 0.047 
 43 cent2126    (7)   :  0.012 0.010 0.014 0.951 0.012 
 44 yona1241   (14)   :  0.223 0.029 0.594 0.024 0.130 
 45 kore1280    (0)   :  0.226 0.009 0.569 0.024 0.172 
 46 tuvi1240    (0)   :  0.279 0.028 0.258 0.012 0.422 
 47 huzh1238    (7)   :  0.221 0.012 0.572 0.034 0.162 
 48 khak1248    (0)   :  0.420 0.012 0.026 0.009 0.533 
 49 oldu1238    (7)   :  0.424 0.015 0.031 0.008 0.522 
 50 nucl1643    (0)   :  0.010 0.009 0.012 0.960 0.010 
 51 orok1265   (14)   :  0.010 0.955 0.012 0.015 0.009 
 52 midd1372   (14)   :  0.221 0.017 0.604 0.013 0.145 
 53 mogh1245   (28)   :  0.361 0.130 0.218 0.052 0.238 
 54 uigh1240    (7)   :  0.519 0.008 0.017 0.008 0.449 
 55 kara1467   (14)   :  0.519 0.010 0.018 0.007 0.446 
 56 russ1264   (14)   :  0.424 0.016 0.039 0.012 0.510 
 57 sout2954    (0)   :  0.009 0.013 0.015 0.953 0.010 
 58 berj1234    (0)   :  0.012 0.953 0.015 0.010 0.011 
 59 kham1281    (0)   :  0.317 0.060 0.099 0.016 0.508 
 60 dolg1241    (0)   :  0.420 0.011 0.029 0.009 0.531 


Estimated Allele Frequencies in each cluster
First column gives estimated ancestral frequencies


Locus 1 : TE003 
2 alleles
3.3% missing data
   1   (0.459) 0.769 0.078 0.475 0.026 0.818 
   0   (0.541) 0.231 0.922 0.525 0.974 0.182 

Locus 2 : TE004 
2 alleles
3.3% missing data
   0   (0.853) 0.931 0.354 0.860 0.993 0.965 
   1   (0.147) 0.069 0.646 0.140 0.007 0.035 

Locus 3 : TE005 
2 alleles
18.3% missing data
   0   (0.826) 0.917 0.133 0.833 0.991 0.944 
   1   (0.174) 0.083 0.867 0.167 0.009 0.056 

Locus 4 : TE006 
2 alleles
26.7% missing data
   0   (0.601) 0.814 0.967 0.613 0.112 0.861 
   1   (0.399) 0.186 0.033 0.387 0.888 0.139 

Locus 5 : TE007 
2 alleles
6.7% missing data
   0   (0.659) 0.851 0.969 0.664 0.711 0.888 
   1   (0.341) 0.149 0.031 0.336 0.289 0.112 

Locus 6 : TE008 
2 alleles
1.7% missing data
   1   (0.581) 0.780 0.965 0.576 0.923 0.737 
   0   (0.419) 0.220 0.035 0.424 0.077 0.263 

Locus 7 : TE031 
2 alleles
1.7% missing data
   1   (0.776) 0.829 0.982 0.783 0.042 0.872 
   0   (0.224) 0.171 0.018 0.217 0.958 0.128 

Locus 8 : TE037 
2 alleles
1.7% missing data
   1   (0.452) 0.727 0.118 0.451 0.612 0.674 
   0   (0.548) 0.273 0.882 0.549 0.388 0.326 

Locus 9 : TE038 
2 alleles
1.7% missing data
   1   (0.632) 0.877 0.671 0.642 0.034 0.881 
   0   (0.368) 0.123 0.329 0.358 0.966 0.119 

Locus 10 : TE039 
2 alleles
5.0% missing data
   1   (0.566) 0.463 0.916 0.571 0.967 0.633 
   0   (0.434) 0.537 0.084 0.429 0.033 0.367 

Locus 11 : TE078 
2 alleles
3.3% missing data
   0   (0.804) 0.906 0.985 0.808 0.990 0.935 
   1   (0.196) 0.094 0.015 0.192 0.010 0.065 

Locus 12 : TS079 
2 alleles
10.0% missing data
   0   (0.910) 0.955 0.518 0.915 0.996 0.971 
   1   (0.090) 0.045 0.482 0.085 0.004 0.029 

Locus 13 : TS080 
2 alleles
10.0% missing data
   0   (0.763) 0.363 0.770 0.747 0.989 0.297 
   1   (0.237) 0.637 0.230 0.253 0.011 0.703 

Locus 14 : TS088 
2 alleles
1.7% missing data
   0   (0.485) 0.742 0.958 0.485 0.972 0.729 
   1   (0.515) 0.258 0.042 0.515 0.028 0.271 

Values of parameters used in structure:
DATAFILE=phonology_structure,	OUTFILE=outfile_phonology_structure_K5_run44,	NUMINDS=60,	NUMLOCI=14,	MISSING=-9,	LABEL=1,	POPDATA=0,	POPFLAG=0,	PHENOTYPE=0,	EXTRACOLS=0,	MAXPOPS=5,	BURNIN=10000,	NUMREPS=100000,	USEPOPINFO=0,	INFERALPHA=1,	INFERLAMBDA=0,	POPSPECIFICLAMBDA=0,	POPALPHAS=0,	COMPUTEPROB=1,	NOADMIX=0,	ADMBURNIN=500,	UPDATEFREQ=100,	PRINTLIKES=0,	INTERMEDSAVE=0,	PRINTKLD=0,	PRINTNET=1,	PRINTLAMBDA=1,	ANCESTDIST=0,	NUMBOXES=1000,	ANCESTPINT=0.90000,	GENSBACK=2,	MIGRPRIOR=0.01000,	PRINTQHAT=0,	PRINTQSUM=1,	ALPHA=1.0000,	FREQSCORR=1,	FPRIORMEAN=0.0100,	FPRIORSD=0.0500,	ONEFST=0,	LAMBDA=1.0000,	UNIFPRIORALPHA=1,	ALPHAMAX=10.0000,	ALPHAPRIORA=1.0000,	ALPHAPRIORB=2.0000,	ALPHAPROPSD=0.0250,	STARTATPOPINFO=0,	RANDOMIZE=1,	LINKAGE=0,	METROFREQ=10,	REPORTHITRATE=0,	MARKOVPHASE=0,	PHASED=0,	PLOIDY=1,	PHASEINFO=0	LOCPRIOR=0, 	LOCPRIORINIT=1.000000, 	LOCDATA=0, 	LOCISPOP=0, 	LOCPRIORSTEP=0.100000, 	MAXLOCPRIOR=20.000000, 	SEED=1641289417,	
[STRAT parameters]:    NUMSIMSTATS=1000,	PHENOTYPECOL=-9,	POOLFREQ=10,	LOCUSxONLY=0,	EMERROR=0.00100,	MISSINGPHENO=-9,	