

----------------------------------------------------
STRUCTURE by Pritchard, Stephens and Donnelly (2000)
     and Falush, Stephens and Pritchard (2003)
       Code by Pritchard, Falush and Hubisz
             Version 2.3.4 (Jul 2012)
----------------------------------------------------



Command line arguments:   ./structure -m mainparams -K 4 -i phonology_structure -L 14 -o outfile_phonology_structure_K4_run9 
Input File:    phonology_structure

Run parameters:
   60 individuals
   14 loci
   4 populations assumed
   10000 Burn-in period
   100000 Reps


--------------------------------------------
Overall proportion of membership of the
sample in each of the 4 clusters

Inferred Clusters
  1      2      3      4    
0.229  0.402  0.192  0.177  

--------------------------------------------

Allele-freq. divergence among pops (Net nucleotide distance),
computed using point estimates of P.

      1       2       3       4      
 1      -    0.1459  0.1400  0.1648  
 2   0.1459     -    0.2383  0.3198  
 3   0.1400  0.2383     -    0.2592  
 4   0.1648  0.3198  0.2592     -    

Average distances (expected heterozygosity) between individuals in same cluster:
cluster  1  : 0.4087 
cluster  2  : 0.1015 
cluster  3  : 0.2164 
cluster  4  : 0.1185 

--------------------------------------------
Estimated Ln Prob of Data   = -272.6
Mean value of ln likelihood = -238.1
Variance of ln likelihood   = 69.0
Mean value of alpha         = 0.0447

Mean value of Fst_1         = 0.0508
Mean value of Fst_2         = 0.6873
Mean value of Fst_3         = 0.5287
Mean value of Fst_4         = 0.6992


Inferred ancestry of individuals:
        Label (%Miss) :  Inferred clusters
  1 torg1245   (21)   :  0.031 0.935 0.018 0.016 
  2 oldj1239   (14)   :  0.244 0.033 0.660 0.063 
  3 crim1257    (0)   :  0.012 0.972 0.009 0.007 
  4 bash1264    (7)   :  0.013 0.972 0.009 0.007 
  5 anat1259    (0)   :  0.019 0.950 0.007 0.023 
  6 okin1246    (0)   :  0.010 0.010 0.009 0.971 
  7 yaku1245    (0)   :  0.060 0.848 0.074 0.018 
  8 daur1238    (0)   :  0.694 0.274 0.023 0.009 
  9 east2337   (14)   :  0.945 0.020 0.024 0.011 
 10 ikem1235    (7)   :  0.015 0.009 0.009 0.967 
 11 sibe1251    (0)   :  0.012 0.020 0.962 0.006 
 12 nort2697    (0)   :  0.019 0.950 0.007 0.024 
 13 bona1250    (0)   :  0.886 0.013 0.053 0.048 
 14 ulch1241   (14)   :  0.096 0.214 0.678 0.011 
 15 nort2935   (14)   :  0.021 0.011 0.022 0.946 
 16 gaga1249    (0)   :  0.020 0.933 0.010 0.037 
 17 tara1319    (0)   :  0.012 0.008 0.007 0.973 
 18 moma1245   (21)   :  0.037 0.021 0.929 0.013 
 19 manc1252    (0)   :  0.314 0.207 0.449 0.030 
 20 shor1247    (0)   :  0.013 0.966 0.012 0.010 
 21 kaza1248    (0)   :  0.011 0.974 0.009 0.007 
 22 midd1351   (14)   :  0.143 0.772 0.051 0.034 
 23 chag1247   (71)   :  0.544 0.259 0.073 0.124 
 24 huih1238   (14)   :  0.058 0.050 0.866 0.026 
 25 ordo1245    (0)   :  0.686 0.283 0.022 0.009 
 26 turk1303    (0)   :  0.012 0.966 0.012 0.010 
 27 negi1245    (0)   :  0.015 0.008 0.957 0.020 
 28 nana1257    (0)   :  0.017 0.014 0.957 0.012 
 29 nort2690    (7)   :  0.435 0.436 0.019 0.109 
 30 shur1243    (0)   :  0.013 0.008 0.014 0.965 
 31 minh1238    (0)   :  0.913 0.010 0.009 0.068 
 32 udih1248    (0)   :  0.029 0.025 0.929 0.017 
 33 oira1262   (14)   :  0.276 0.690 0.022 0.012 
 34 hate1238    (7)   :  0.050 0.059 0.047 0.844 
 35 tata1255    (0)   :  0.010 0.974 0.009 0.007 
 36 turk1304    (0)   :  0.011 0.967 0.012 0.010 
 37 oroc1248    (0)   :  0.025 0.028 0.930 0.017 
 38 chuv1255    (0)   :  0.374 0.578 0.017 0.031 
 39 noga1249   (14)   :  0.143 0.773 0.050 0.034 
 40 dong1285    (7)   :  0.936 0.020 0.028 0.016 
 41 halh1238   (14)   :  0.878 0.077 0.029 0.016 
 42 ogam1239    (0)   :  0.132 0.008 0.011 0.849 
 43 cent2126    (7)   :  0.012 0.013 0.011 0.964 
 44 yona1241   (14)   :  0.911 0.012 0.044 0.033 
 45 kore1280    (0)   :  0.951 0.010 0.011 0.028 
 46 tuvi1240    (0)   :  0.354 0.580 0.049 0.017 
 47 huzh1238    (7)   :  0.937 0.012 0.013 0.038 
 48 khak1248    (0)   :  0.013 0.966 0.012 0.010 
 49 oldu1238    (7)   :  0.015 0.959 0.016 0.010 
 50 nucl1643    (0)   :  0.010 0.010 0.009 0.971 
 51 orok1265   (14)   :  0.013 0.009 0.963 0.016 
 52 midd1372   (14)   :  0.954 0.007 0.023 0.016 
 53 mogh1245   (28)   :  0.234 0.472 0.231 0.062 
 54 uigh1240    (7)   :  0.013 0.970 0.009 0.008 
 55 kara1467   (14)   :  0.013 0.969 0.010 0.008 
 56 russ1264   (14)   :  0.020 0.949 0.019 0.012 
 57 sout2954    (0)   :  0.013 0.008 0.014 0.965 
 58 berj1234    (0)   :  0.016 0.011 0.962 0.010 
 59 kham1281    (0)   :  0.056 0.853 0.072 0.019 
 60 dolg1241    (0)   :  0.015 0.964 0.012 0.010 


Estimated Allele Frequencies in each cluster
First column gives estimated ancestral frequencies


Locus 1 : TE003 
2 alleles
3.3% missing data
   1   (0.426) 0.435 0.982 0.090 0.024 
   0   (0.574) 0.565 0.018 0.910 0.976 

Locus 2 : TE004 
2 alleles
3.3% missing data
   0   (0.816) 0.845 0.996 0.386 0.992 
   1   (0.184) 0.155 0.004 0.614 0.008 

Locus 3 : TE005 
2 alleles
18.3% missing data
   0   (0.750) 0.775 0.992 0.153 0.988 
   1   (0.250) 0.225 0.008 0.847 0.012 

Locus 4 : TE006 
2 alleles
26.7% missing data
   0   (0.590) 0.550 0.983 0.962 0.111 
   1   (0.410) 0.450 0.017 0.038 0.889 

Locus 5 : TE007 
2 alleles
6.7% missing data
   0   (0.687) 0.655 0.994 0.970 0.704 
   1   (0.313) 0.345 0.006 0.030 0.296 

Locus 6 : TE008 
2 alleles
1.7% missing data
   1   (0.536) 0.469 0.941 0.957 0.908 
   0   (0.464) 0.531 0.059 0.043 0.092 

Locus 7 : TE031 
2 alleles
1.7% missing data
   1   (0.748) 0.793 0.868 0.979 0.038 
   0   (0.252) 0.207 0.132 0.021 0.962 

Locus 8 : TE037 
2 alleles
1.7% missing data
   1   (0.471) 0.472 0.880 0.142 0.603 
   0   (0.529) 0.528 0.120 0.858 0.397 

Locus 9 : TE038 
2 alleles
1.7% missing data
   1   (0.669) 0.698 0.993 0.675 0.035 
   0   (0.331) 0.302 0.007 0.325 0.965 

Locus 10 : TE039 
2 alleles
5.0% missing data
   1   (0.607) 0.587 0.513 0.880 0.970 
   0   (0.393) 0.413 0.487 0.120 0.030 

Locus 11 : TE078 
2 alleles
3.3% missing data
   0   (0.781) 0.749 0.995 0.981 0.990 
   1   (0.219) 0.251 0.005 0.019 0.010 

Locus 12 : TS079 
2 alleles
10.0% missing data
   0   (0.834) 0.864 0.996 0.551 0.993 
   1   (0.166) 0.136 0.004 0.449 0.007 

Locus 13 : TS080 
2 alleles
10.0% missing data
   0   (0.712) 0.751 0.082 0.766 0.987 
   1   (0.288) 0.249 0.918 0.234 0.013 

Locus 14 : TS088 
2 alleles
1.7% missing data
   0   (0.460) 0.356 0.955 0.951 0.972 
   1   (0.540) 0.644 0.045 0.049 0.028 

Values of parameters used in structure:
DATAFILE=phonology_structure,	OUTFILE=outfile_phonology_structure_K4_run9,	NUMINDS=60,	NUMLOCI=14,	MISSING=-9,	LABEL=1,	POPDATA=0,	POPFLAG=0,	PHENOTYPE=0,	EXTRACOLS=0,	MAXPOPS=4,	BURNIN=10000,	NUMREPS=100000,	USEPOPINFO=0,	INFERALPHA=1,	INFERLAMBDA=0,	POPSPECIFICLAMBDA=0,	POPALPHAS=0,	COMPUTEPROB=1,	NOADMIX=0,	ADMBURNIN=500,	UPDATEFREQ=100,	PRINTLIKES=0,	INTERMEDSAVE=0,	PRINTKLD=0,	PRINTNET=1,	PRINTLAMBDA=1,	ANCESTDIST=0,	NUMBOXES=1000,	ANCESTPINT=0.90000,	GENSBACK=2,	MIGRPRIOR=0.01000,	PRINTQHAT=0,	PRINTQSUM=1,	ALPHA=1.0000,	FREQSCORR=1,	FPRIORMEAN=0.0100,	FPRIORSD=0.0500,	ONEFST=0,	LAMBDA=1.0000,	UNIFPRIORALPHA=1,	ALPHAMAX=10.0000,	ALPHAPRIORA=1.0000,	ALPHAPRIORB=2.0000,	ALPHAPROPSD=0.0250,	STARTATPOPINFO=0,	RANDOMIZE=1,	LINKAGE=0,	METROFREQ=10,	REPORTHITRATE=0,	MARKOVPHASE=0,	PHASED=0,	PLOIDY=1,	PHASEINFO=0	LOCPRIOR=0, 	LOCPRIORINIT=1.000000, 	LOCDATA=0, 	LOCISPOP=0, 	LOCPRIORSTEP=0.100000, 	MAXLOCPRIOR=20.000000, 	SEED=1641225974,	
[STRAT parameters]:    NUMSIMSTATS=1000,	PHENOTYPECOL=-9,	POOLFREQ=10,	LOCUSxONLY=0,	EMERROR=0.00100,	MISSINGPHENO=-9,	