

----------------------------------------------------
STRUCTURE by Pritchard, Stephens and Donnelly (2000)
     and Falush, Stephens and Pritchard (2003)
       Code by Pritchard, Falush and Hubisz
             Version 2.3.4 (Jul 2012)
----------------------------------------------------



Command line arguments:   ./structure -m mainparams -K 4 -i phonology_structure -L 14 -o outfile_phonology_structure_K4_run38 
Input File:    phonology_structure

Run parameters:
   60 individuals
   14 loci
   4 populations assumed
   10000 Burn-in period
   100000 Reps


--------------------------------------------
Overall proportion of membership of the
sample in each of the 4 clusters

Inferred Clusters
  1      2      3      4    
0.225  0.178  0.404  0.194  

--------------------------------------------

Allele-freq. divergence among pops (Net nucleotide distance),
computed using point estimates of P.

      1       2       3       4      
 1      -    0.1663  0.1507  0.1421  
 2   0.1663     -    0.3180  0.2556  
 3   0.1507  0.3180     -    0.2353  
 4   0.1421  0.2556  0.2353     -    

Average distances (expected heterozygosity) between individuals in same cluster:
cluster  1  : 0.4034 
cluster  2  : 0.1205 
cluster  3  : 0.1022 
cluster  4  : 0.2203 

--------------------------------------------
Estimated Ln Prob of Data   = -277.6
Mean value of ln likelihood = -237.6
Variance of ln likelihood   = 79.9
Mean value of alpha         = 0.0448

Mean value of Fst_1         = 0.0663
Mean value of Fst_2         = 0.6888
Mean value of Fst_3         = 0.6881
Mean value of Fst_4         = 0.5158


Inferred ancestry of individuals:
        Label (%Miss) :  Inferred clusters
  1 torg1245   (21)   :  0.031 0.017 0.934 0.019 
  2 oldj1239   (14)   :  0.236 0.065 0.032 0.666 
  3 crim1257    (0)   :  0.011 0.007 0.972 0.009 
  4 bash1264    (7)   :  0.013 0.007 0.971 0.009 
  5 anat1259    (0)   :  0.015 0.024 0.953 0.008 
  6 okin1246    (0)   :  0.012 0.968 0.011 0.009 
  7 yaku1245    (0)   :  0.050 0.018 0.863 0.069 
  8 daur1238    (0)   :  0.681 0.009 0.283 0.026 
  9 east2337   (14)   :  0.942 0.011 0.019 0.028 
 10 ikem1235    (7)   :  0.016 0.967 0.009 0.008 
 11 sibe1251    (0)   :  0.014 0.006 0.021 0.959 
 12 nort2697    (0)   :  0.017 0.024 0.951 0.008 
 13 bona1250    (0)   :  0.865 0.055 0.013 0.067 
 14 ulch1241   (14)   :  0.098 0.012 0.222 0.668 
 15 nort2935   (14)   :  0.020 0.950 0.012 0.019 
 16 gaga1249    (0)   :  0.019 0.036 0.936 0.009 
 17 tara1319    (0)   :  0.013 0.972 0.008 0.007 
 18 moma1245   (21)   :  0.037 0.014 0.021 0.928 
 19 manc1252    (0)   :  0.277 0.032 0.208 0.483 
 20 shor1247    (0)   :  0.012 0.009 0.966 0.012 
 21 kaza1248    (0)   :  0.011 0.007 0.973 0.009 
 22 midd1351   (14)   :  0.152 0.035 0.760 0.053 
 23 chag1247   (71)   :  0.551 0.120 0.258 0.071 
 24 huih1238   (14)   :  0.053 0.024 0.048 0.875 
 25 ordo1245    (0)   :  0.673 0.009 0.294 0.024 
 26 turk1303    (0)   :  0.012 0.010 0.966 0.012 
 27 negi1245    (0)   :  0.017 0.021 0.008 0.953 
 28 nana1257    (0)   :  0.020 0.012 0.013 0.956 
 29 nort2690    (7)   :  0.434 0.115 0.428 0.023 
 30 shur1243    (0)   :  0.014 0.963 0.008 0.015 
 31 minh1238    (0)   :  0.910 0.071 0.009 0.010 
 32 udih1248    (0)   :  0.026 0.018 0.024 0.932 
 33 oira1262   (14)   :  0.263 0.013 0.697 0.026 
 34 hate1238    (7)   :  0.046 0.849 0.061 0.044 
 35 tata1255    (0)   :  0.011 0.007 0.974 0.009 
 36 turk1304    (0)   :  0.013 0.010 0.966 0.012 
 37 oroc1248    (0)   :  0.027 0.017 0.026 0.930 
 38 chuv1255    (0)   :  0.335 0.034 0.612 0.019 
 39 noga1249   (14)   :  0.146 0.035 0.764 0.055 
 40 dong1285    (7)   :  0.933 0.017 0.019 0.030 
 41 halh1238   (14)   :  0.873 0.018 0.078 0.031 
 42 ogam1239    (0)   :  0.132 0.849 0.008 0.011 
 43 cent2126    (7)   :  0.014 0.961 0.014 0.011 
 44 yona1241   (14)   :  0.901 0.034 0.013 0.053 
 45 kore1280    (0)   :  0.948 0.028 0.011 0.013 
 46 tuvi1240    (0)   :  0.327 0.016 0.607 0.049 
 47 huzh1238    (7)   :  0.933 0.040 0.013 0.015 
 48 khak1248    (0)   :  0.013 0.010 0.966 0.012 
 49 oldu1238    (7)   :  0.014 0.010 0.960 0.017 
 50 nucl1643    (0)   :  0.010 0.971 0.010 0.009 
 51 orok1265   (14)   :  0.015 0.015 0.009 0.961 
 52 midd1372   (14)   :  0.949 0.018 0.007 0.025 
 53 mogh1245   (28)   :  0.216 0.060 0.479 0.244 
 54 uigh1240    (7)   :  0.013 0.008 0.970 0.009 
 55 kara1467   (14)   :  0.015 0.008 0.966 0.011 
 56 russ1264   (14)   :  0.022 0.014 0.945 0.019 
 57 sout2954    (0)   :  0.013 0.965 0.008 0.013 
 58 berj1234    (0)   :  0.015 0.010 0.011 0.964 
 59 kham1281    (0)   :  0.056 0.018 0.859 0.066 
 60 dolg1241    (0)   :  0.013 0.009 0.964 0.013 


Estimated Allele Frequencies in each cluster
First column gives estimated ancestral frequencies


Locus 1 : TE003 
2 alleles
3.3% missing data
   1   (0.426) 0.438 0.026 0.983 0.091 
   0   (0.574) 0.562 0.974 0.017 0.909 

Locus 2 : TE004 
2 alleles
3.3% missing data
   0   (0.817) 0.854 0.991 0.996 0.390 
   1   (0.183) 0.146 0.009 0.004 0.610 

Locus 3 : TE005 
2 alleles
18.3% missing data
   0   (0.754) 0.787 0.987 0.992 0.160 
   1   (0.246) 0.213 0.013 0.008 0.840 

Locus 4 : TE006 
2 alleles
26.7% missing data
   0   (0.604) 0.551 0.115 0.984 0.961 
   1   (0.396) 0.449 0.885 0.016 0.039 

Locus 5 : TE007 
2 alleles
6.7% missing data
   0   (0.689) 0.648 0.705 0.994 0.967 
   1   (0.311) 0.352 0.295 0.006 0.033 

Locus 6 : TE008 
2 alleles
1.7% missing data
   1   (0.547) 0.456 0.908 0.938 0.955 
   0   (0.453) 0.544 0.092 0.062 0.045 

Locus 7 : TE031 
2 alleles
1.7% missing data
   1   (0.749) 0.807 0.041 0.866 0.977 
   0   (0.251) 0.193 0.959 0.134 0.023 

Locus 8 : TE037 
2 alleles
1.7% missing data
   1   (0.474) 0.475 0.605 0.876 0.149 
   0   (0.526) 0.525 0.395 0.124 0.851 

Locus 9 : TE038 
2 alleles
1.7% missing data
   1   (0.658) 0.695 0.037 0.993 0.676 
   0   (0.342) 0.305 0.963 0.007 0.324 

Locus 10 : TE039 
2 alleles
5.0% missing data
   1   (0.615) 0.589 0.968 0.515 0.872 
   0   (0.385) 0.411 0.032 0.485 0.128 

Locus 11 : TE078 
2 alleles
3.3% missing data
   0   (0.782) 0.741 0.989 0.995 0.979 
   1   (0.218) 0.259 0.011 0.005 0.021 

Locus 12 : TS079 
2 alleles
10.0% missing data
   0   (0.829) 0.867 0.992 0.996 0.554 
   1   (0.171) 0.133 0.008 0.004 0.446 

Locus 13 : TS080 
2 alleles
10.0% missing data
   0   (0.730) 0.780 0.987 0.081 0.769 
   1   (0.270) 0.220 0.013 0.919 0.231 

Locus 14 : TS088 
2 alleles
1.7% missing data
   0   (0.474) 0.338 0.971 0.956 0.947 
   1   (0.526) 0.662 0.029 0.044 0.053 

Values of parameters used in structure:
DATAFILE=phonology_structure,	OUTFILE=outfile_phonology_structure_K4_run38,	NUMINDS=60,	NUMLOCI=14,	MISSING=-9,	LABEL=1,	POPDATA=0,	POPFLAG=0,	PHENOTYPE=0,	EXTRACOLS=0,	MAXPOPS=4,	BURNIN=10000,	NUMREPS=100000,	USEPOPINFO=0,	INFERALPHA=1,	INFERLAMBDA=0,	POPSPECIFICLAMBDA=0,	POPALPHAS=0,	COMPUTEPROB=1,	NOADMIX=0,	ADMBURNIN=500,	UPDATEFREQ=100,	PRINTLIKES=0,	INTERMEDSAVE=0,	PRINTKLD=0,	PRINTNET=1,	PRINTLAMBDA=1,	ANCESTDIST=0,	NUMBOXES=1000,	ANCESTPINT=0.90000,	GENSBACK=2,	MIGRPRIOR=0.01000,	PRINTQHAT=0,	PRINTQSUM=1,	ALPHA=1.0000,	FREQSCORR=1,	FPRIORMEAN=0.0100,	FPRIORSD=0.0500,	ONEFST=0,	LAMBDA=1.0000,	UNIFPRIORALPHA=1,	ALPHAMAX=10.0000,	ALPHAPRIORA=1.0000,	ALPHAPRIORB=2.0000,	ALPHAPROPSD=0.0250,	STARTATPOPINFO=0,	RANDOMIZE=1,	LINKAGE=0,	METROFREQ=10,	REPORTHITRATE=0,	MARKOVPHASE=0,	PHASED=0,	PLOIDY=1,	PHASEINFO=0	LOCPRIOR=0, 	LOCPRIORINIT=1.000000, 	LOCDATA=0, 	LOCISPOP=0, 	LOCPRIORSTEP=0.100000, 	MAXLOCPRIOR=20.000000, 	SEED=1641285975,	
[STRAT parameters]:    NUMSIMSTATS=1000,	PHENOTYPECOL=-9,	POOLFREQ=10,	LOCUSxONLY=0,	EMERROR=0.00100,	MISSINGPHENO=-9,	