

----------------------------------------------------
STRUCTURE by Pritchard, Stephens and Donnelly (2000)
     and Falush, Stephens and Pritchard (2003)
       Code by Pritchard, Falush and Hubisz
             Version 2.3.4 (Jul 2012)
----------------------------------------------------



Command line arguments:   ./structure -m mainparams -K 3 -i phonology_structure -L 14 -o outfile_phonology_structure_K3_run9 
Input File:    phonology_structure

Run parameters:
   60 individuals
   14 loci
   3 populations assumed
   10000 Burn-in period
   100000 Reps


--------------------------------------------
Overall proportion of membership of the
sample in each of the 3 clusters

Inferred Clusters
  1      2      3    
0.253  0.447  0.300  

--------------------------------------------

Allele-freq. divergence among pops (Net nucleotide distance),
computed using point estimates of P.

      1       2       3      
 1      -    0.2483  0.1330  
 2   0.2483     -    0.1638  
 3   0.1330  0.1638     -    

Average distances (expected heterozygosity) between individuals in same cluster:
cluster  1  : 0.2496 
cluster  2  : 0.1294 
cluster  3  : 0.3481 

--------------------------------------------
Estimated Ln Prob of Data   = -303.0
Mean value of ln likelihood = -274.9
Variance of ln likelihood   = 56.1
Mean value of alpha         = 0.0514

Mean value of Fst_1         = 0.4593
Mean value of Fst_2         = 0.6290
Mean value of Fst_3         = 0.2204


Inferred ancestry of individuals:
        Label (%Miss) :  Inferred clusters
  1 torg1245   (21)   :  0.021 0.952 0.027 
  2 oldj1239   (14)   :  0.198 0.024 0.778 
  3 crim1257    (0)   :  0.009 0.979 0.012 
  4 bash1264    (7)   :  0.009 0.978 0.013 
  5 anat1259    (0)   :  0.025 0.962 0.013 
  6 okin1246    (0)   :  0.971 0.014 0.015 
  7 yaku1245    (0)   :  0.018 0.935 0.048 
  8 daur1238    (0)   :  0.040 0.734 0.226 
  9 east2337   (14)   :  0.372 0.049 0.579 
 10 ikem1235    (7)   :  0.972 0.013 0.015 
 11 sibe1251    (0)   :  0.009 0.031 0.959 
 12 nort2697    (0)   :  0.025 0.964 0.011 
 13 bona1250    (0)   :  0.425 0.016 0.558 
 14 ulch1241   (14)   :  0.024 0.306 0.670 
 15 nort2935   (14)   :  0.942 0.017 0.041 
 16 gaga1249    (0)   :  0.035 0.950 0.014 
 17 tara1319    (0)   :  0.977 0.010 0.013 
 18 moma1245   (21)   :  0.023 0.039 0.938 
 19 manc1252    (0)   :  0.119 0.147 0.734 
 20 shor1247    (0)   :  0.011 0.974 0.014 
 21 kaza1248    (0)   :  0.009 0.979 0.012 
 22 midd1351   (14)   :  0.070 0.823 0.106 
 23 chag1247   (71)   :  0.309 0.412 0.278 
 24 huih1238   (14)   :  0.032 0.057 0.912 
 25 ordo1245    (0)   :  0.037 0.725 0.238 
 26 turk1303    (0)   :  0.011 0.975 0.013 
 27 negi1245    (0)   :  0.030 0.011 0.959 
 28 nana1257    (0)   :  0.018 0.019 0.963 
 29 nort2690    (7)   :  0.332 0.495 0.173 
 30 shur1243    (0)   :  0.965 0.012 0.023 
 31 minh1238    (0)   :  0.537 0.018 0.445 
 32 udih1248    (0)   :  0.024 0.035 0.941 
 33 oira1262   (14)   :  0.025 0.879 0.096 
 34 hate1238    (7)   :  0.860 0.066 0.074 
 35 tata1255    (0)   :  0.009 0.979 0.012 
 36 turk1304    (0)   :  0.011 0.975 0.014 
 37 oroc1248    (0)   :  0.018 0.024 0.958 
 38 chuv1255    (0)   :  0.048 0.867 0.086 
 39 noga1249   (14)   :  0.069 0.820 0.111 
 40 dong1285    (7)   :  0.409 0.030 0.562 
 41 halh1238   (14)   :  0.239 0.295 0.466 
 42 ogam1239    (0)   :  0.936 0.011 0.053 
 43 cent2126    (7)   :  0.959 0.020 0.021 
 44 yona1241   (14)   :  0.423 0.015 0.563 
 45 kore1280    (0)   :  0.446 0.023 0.531 
 46 tuvi1240    (0)   :  0.022 0.864 0.114 
 47 huzh1238    (7)   :  0.468 0.019 0.513 
 48 khak1248    (0)   :  0.011 0.973 0.016 
 49 oldu1238    (7)   :  0.011 0.970 0.019 
 50 nucl1643    (0)   :  0.971 0.014 0.014 
 51 orok1265   (14)   :  0.025 0.013 0.962 
 52 midd1372   (14)   :  0.422 0.010 0.568 
 53 mogh1245   (28)   :  0.162 0.438 0.400 
 54 uigh1240    (7)   :  0.012 0.976 0.012 
 55 kara1467   (14)   :  0.011 0.973 0.016 
 56 russ1264   (14)   :  0.017 0.959 0.025 
 57 sout2954    (0)   :  0.966 0.012 0.022 
 58 berj1234    (0)   :  0.016 0.016 0.968 
 59 kham1281    (0)   :  0.017 0.933 0.050 
 60 dolg1241    (0)   :  0.011 0.973 0.016 


Estimated Allele Frequencies in each cluster
First column gives estimated ancestral frequencies


Locus 1 : TE003 
2 alleles
3.3% missing data
   1   (0.308) 0.095 0.977 0.187 
   0   (0.692) 0.905 0.023 0.813 

Locus 2 : TE004 
2 alleles
3.3% missing data
   0   (0.723) 0.950 0.993 0.544 
   1   (0.277) 0.050 0.007 0.456 

Locus 3 : TE005 
2 alleles
18.3% missing data
   0   (0.609) 0.931 0.983 0.346 
   1   (0.391) 0.069 0.017 0.654 

Locus 4 : TE006 
2 alleles
26.7% missing data
   0   (0.638) 0.184 0.982 0.827 
   1   (0.362) 0.816 0.018 0.173 

Locus 5 : TE007 
2 alleles
6.7% missing data
   0   (0.734) 0.661 0.993 0.839 
   1   (0.266) 0.339 0.007 0.161 

Locus 6 : TE008 
2 alleles
1.7% missing data
   1   (0.676) 0.797 0.873 0.797 
   0   (0.324) 0.203 0.127 0.203 

Locus 7 : TE031 
2 alleles
1.7% missing data
   1   (0.734) 0.232 0.864 0.908 
   0   (0.266) 0.768 0.136 0.092 

Locus 8 : TE037 
2 alleles
1.7% missing data
   1   (0.447) 0.576 0.803 0.293 
   0   (0.553) 0.424 0.197 0.707 

Locus 9 : TE038 
2 alleles
1.7% missing data
   1   (0.613) 0.187 0.991 0.676 
   0   (0.387) 0.813 0.009 0.324 

Locus 10 : TE039 
2 alleles
5.0% missing data
   1   (0.651) 0.842 0.550 0.754 
   0   (0.349) 0.158 0.450 0.246 

Locus 11 : TE078 
2 alleles
3.3% missing data
   0   (0.817) 0.912 0.995 0.886 
   1   (0.183) 0.088 0.005 0.114 

Locus 12 : TS079 
2 alleles
10.0% missing data
   0   (0.794) 0.963 0.994 0.677 
   1   (0.206) 0.037 0.006 0.323 

Locus 13 : TS080 
2 alleles
10.0% missing data
   0   (0.772) 0.967 0.106 0.791 
   1   (0.228) 0.033 0.894 0.209 

Locus 14 : TS088 
2 alleles
1.7% missing data
   0   (0.621) 0.803 0.904 0.745 
   1   (0.379) 0.197 0.096 0.255 

Values of parameters used in structure:
DATAFILE=phonology_structure,	OUTFILE=outfile_phonology_structure_K3_run9,	NUMINDS=60,	NUMLOCI=14,	MISSING=-9,	LABEL=1,	POPDATA=0,	POPFLAG=0,	PHENOTYPE=0,	EXTRACOLS=0,	MAXPOPS=3,	BURNIN=10000,	NUMREPS=100000,	USEPOPINFO=0,	INFERALPHA=1,	INFERLAMBDA=0,	POPSPECIFICLAMBDA=0,	POPALPHAS=0,	COMPUTEPROB=1,	NOADMIX=0,	ADMBURNIN=500,	UPDATEFREQ=100,	PRINTLIKES=0,	INTERMEDSAVE=0,	PRINTKLD=0,	PRINTNET=1,	PRINTLAMBDA=1,	ANCESTDIST=0,	NUMBOXES=1000,	ANCESTPINT=0.90000,	GENSBACK=2,	MIGRPRIOR=0.01000,	PRINTQHAT=0,	PRINTQSUM=1,	ALPHA=1.0000,	FREQSCORR=1,	FPRIORMEAN=0.0100,	FPRIORSD=0.0500,	ONEFST=0,	LAMBDA=1.0000,	UNIFPRIORALPHA=1,	ALPHAMAX=10.0000,	ALPHAPRIORA=1.0000,	ALPHAPRIORB=2.0000,	ALPHAPROPSD=0.0250,	STARTATPOPINFO=0,	RANDOMIZE=1,	LINKAGE=0,	METROFREQ=10,	REPORTHITRATE=0,	MARKOVPHASE=0,	PHASED=0,	PLOIDY=1,	PHASEINFO=0	LOCPRIOR=0, 	LOCPRIORINIT=1.000000, 	LOCDATA=0, 	LOCISPOP=0, 	LOCPRIORSTEP=0.100000, 	MAXLOCPRIOR=20.000000, 	SEED=1641225936,	
[STRAT parameters]:    NUMSIMSTATS=1000,	PHENOTYPECOL=-9,	POOLFREQ=10,	LOCUSxONLY=0,	EMERROR=0.00100,	MISSINGPHENO=-9,	