

----------------------------------------------------
STRUCTURE by Pritchard, Stephens and Donnelly (2000)
     and Falush, Stephens and Pritchard (2003)
       Code by Pritchard, Falush and Hubisz
             Version 2.3.4 (Jul 2012)
----------------------------------------------------



Command line arguments:   ./structure -m mainparams -K 4 -i phonology_structure -L 14 -o outfile_phonology_structure_K4_run26 
Input File:    phonology_structure

Run parameters:
   60 individuals
   14 loci
   4 populations assumed
   10000 Burn-in period
   100000 Reps


--------------------------------------------
Overall proportion of membership of the
sample in each of the 4 clusters

Inferred Clusters
  1      2      3      4    
0.404  0.177  0.193  0.226  

--------------------------------------------

Allele-freq. divergence among pops (Net nucleotide distance),
computed using point estimates of P.

      1       2       3       4      
 1      -    0.3182  0.2362  0.1493  
 2   0.3182     -    0.2576  0.1649  
 3   0.2362  0.2576     -    0.1453  
 4   0.1493  0.1649  0.1453     -    

Average distances (expected heterozygosity) between individuals in same cluster:
cluster  1  : 0.1036 
cluster  2  : 0.1186 
cluster  3  : 0.2176 
cluster  4  : 0.4051 

--------------------------------------------
Estimated Ln Prob of Data   = -272.0
Mean value of ln likelihood = -237.5
Variance of ln likelihood   = 68.8
Mean value of alpha         = 0.0449

Mean value of Fst_1         = 0.6784
Mean value of Fst_2         = 0.6921
Mean value of Fst_3         = 0.5213
Mean value of Fst_4         = 0.0735


Inferred ancestry of individuals:
        Label (%Miss) :  Inferred clusters
  1 torg1245   (21)   :  0.939 0.017 0.019 0.026 
  2 oldj1239   (14)   :  0.032 0.066 0.650 0.252 
  3 crim1257    (0)   :  0.973 0.007 0.009 0.011 
  4 bash1264    (7)   :  0.971 0.007 0.009 0.013 
  5 anat1259    (0)   :  0.948 0.023 0.008 0.021 
  6 okin1246    (0)   :  0.010 0.970 0.008 0.011 
  7 yaku1245    (0)   :  0.866 0.018 0.068 0.048 
  8 daur1238    (0)   :  0.309 0.010 0.025 0.657 
  9 east2337   (14)   :  0.020 0.011 0.025 0.944 
 10 ikem1235    (7)   :  0.010 0.965 0.008 0.017 
 11 sibe1251    (0)   :  0.021 0.006 0.962 0.011 
 12 nort2697    (0)   :  0.948 0.024 0.007 0.021 
 13 bona1250    (0)   :  0.014 0.052 0.063 0.872 
 14 ulch1241   (14)   :  0.236 0.012 0.664 0.088 
 15 nort2935   (14)   :  0.011 0.950 0.021 0.018 
 16 gaga1249    (0)   :  0.936 0.036 0.010 0.018 
 17 tara1319    (0)   :  0.008 0.971 0.007 0.014 
 18 moma1245   (21)   :  0.023 0.014 0.930 0.033 
 19 manc1252    (0)   :  0.204 0.027 0.477 0.292 
 20 shor1247    (0)   :  0.966 0.010 0.011 0.013 
 21 kaza1248    (0)   :  0.972 0.007 0.009 0.012 
 22 midd1351   (14)   :  0.756 0.033 0.058 0.153 
 23 chag1247   (71)   :  0.256 0.121 0.067 0.555 
 24 huih1238   (14)   :  0.046 0.024 0.876 0.053 
 25 ordo1245    (0)   :  0.303 0.009 0.021 0.667 
 26 turk1303    (0)   :  0.964 0.010 0.013 0.013 
 27 negi1245    (0)   :  0.008 0.021 0.955 0.015 
 28 nana1257    (0)   :  0.013 0.012 0.958 0.017 
 29 nort2690    (7)   :  0.416 0.104 0.020 0.460 
 30 shur1243    (0)   :  0.008 0.965 0.014 0.013 
 31 minh1238    (0)   :  0.009 0.068 0.009 0.913 
 32 udih1248    (0)   :  0.026 0.018 0.932 0.024 
 33 oira1262   (14)   :  0.702 0.013 0.023 0.263 
 34 hate1238    (7)   :  0.063 0.840 0.045 0.052 
 35 tata1255    (0)   :  0.973 0.007 0.009 0.011 
 36 turk1304    (0)   :  0.964 0.009 0.013 0.014 
 37 oroc1248    (0)   :  0.028 0.017 0.932 0.023 
 38 chuv1255    (0)   :  0.605 0.033 0.018 0.345 
 39 noga1249   (14)   :  0.764 0.033 0.057 0.146 
 40 dong1285    (7)   :  0.019 0.017 0.030 0.934 
 41 halh1238   (14)   :  0.086 0.016 0.028 0.870 
 42 ogam1239    (0)   :  0.008 0.832 0.012 0.149 
 43 cent2126    (7)   :  0.013 0.961 0.012 0.014 
 44 yona1241   (14)   :  0.013 0.034 0.049 0.904 
 45 kore1280    (0)   :  0.011 0.030 0.010 0.949 
 46 tuvi1240    (0)   :  0.618 0.015 0.047 0.319 
 47 huzh1238    (7)   :  0.012 0.036 0.012 0.940 
 48 khak1248    (0)   :  0.966 0.010 0.012 0.012 
 49 oldu1238    (7)   :  0.958 0.010 0.017 0.015 
 50 nucl1643    (0)   :  0.010 0.968 0.009 0.013 
 51 orok1265   (14)   :  0.008 0.015 0.963 0.013 
 52 midd1372   (14)   :  0.007 0.016 0.023 0.954 
 53 mogh1245   (28)   :  0.477 0.059 0.231 0.233 
 54 uigh1240    (7)   :  0.969 0.008 0.009 0.014 
 55 kara1467   (14)   :  0.967 0.009 0.010 0.015 
 56 russ1264   (14)   :  0.945 0.013 0.019 0.023 
 57 sout2954    (0)   :  0.008 0.966 0.013 0.012 
 58 berj1234    (0)   :  0.011 0.010 0.964 0.014 
 59 kham1281    (0)   :  0.862 0.018 0.066 0.054 
 60 dolg1241    (0)   :  0.967 0.010 0.012 0.011 


Estimated Allele Frequencies in each cluster
First column gives estimated ancestral frequencies


Locus 1 : TE003 
2 alleles
3.3% missing data
   1   (0.426) 0.982 0.025 0.089 0.437 
   0   (0.574) 0.018 0.975 0.911 0.563 

Locus 2 : TE004 
2 alleles
3.3% missing data
   0   (0.809) 0.996 0.991 0.385 0.850 
   1   (0.191) 0.004 0.009 0.615 0.150 

Locus 3 : TE005 
2 alleles
18.3% missing data
   0   (0.750) 0.992 0.987 0.156 0.787 
   1   (0.250) 0.008 0.013 0.844 0.213 

Locus 4 : TE006 
2 alleles
26.7% missing data
   0   (0.592) 0.984 0.113 0.962 0.533 
   1   (0.408) 0.016 0.887 0.038 0.467 

Locus 5 : TE007 
2 alleles
6.7% missing data
   0   (0.684) 0.993 0.708 0.968 0.637 
   1   (0.316) 0.007 0.292 0.032 0.363 

Locus 6 : TE008 
2 alleles
1.7% missing data
   1   (0.561) 0.935 0.912 0.958 0.463 
   0   (0.439) 0.065 0.088 0.042 0.537 

Locus 7 : TE031 
2 alleles
1.7% missing data
   1   (0.738) 0.866 0.039 0.977 0.802 
   0   (0.262) 0.134 0.961 0.023 0.198 

Locus 8 : TE037 
2 alleles
1.7% missing data
   1   (0.483) 0.873 0.603 0.148 0.484 
   0   (0.517) 0.127 0.397 0.852 0.516 

Locus 9 : TE038 
2 alleles
1.7% missing data
   1   (0.652) 0.993 0.035 0.677 0.693 
   0   (0.348) 0.007 0.965 0.323 0.307 

Locus 10 : TE039 
2 alleles
5.0% missing data
   1   (0.608) 0.518 0.969 0.876 0.580 
   0   (0.392) 0.482 0.031 0.124 0.420 

Locus 11 : TE078 
2 alleles
3.3% missing data
   0   (0.792) 0.995 0.990 0.981 0.746 
   1   (0.208) 0.005 0.010 0.019 0.254 

Locus 12 : TS079 
2 alleles
10.0% missing data
   0   (0.833) 0.996 0.992 0.551 0.874 
   1   (0.167) 0.004 0.008 0.449 0.126 

Locus 13 : TS080 
2 alleles
10.0% missing data
   0   (0.715) 0.081 0.987 0.768 0.774 
   1   (0.285) 0.919 0.013 0.232 0.226 

Locus 14 : TS088 
2 alleles
1.7% missing data
   0   (0.494) 0.953 0.973 0.951 0.344 
   1   (0.506) 0.047 0.027 0.049 0.656 

Values of parameters used in structure:
DATAFILE=phonology_structure,	OUTFILE=outfile_phonology_structure_K4_run26,	NUMINDS=60,	NUMLOCI=14,	MISSING=-9,	LABEL=1,	POPDATA=0,	POPFLAG=0,	PHENOTYPE=0,	EXTRACOLS=0,	MAXPOPS=4,	BURNIN=10000,	NUMREPS=100000,	USEPOPINFO=0,	INFERALPHA=1,	INFERLAMBDA=0,	POPSPECIFICLAMBDA=0,	POPALPHAS=0,	COMPUTEPROB=1,	NOADMIX=0,	ADMBURNIN=500,	UPDATEFREQ=100,	PRINTLIKES=0,	INTERMEDSAVE=0,	PRINTKLD=0,	PRINTNET=1,	PRINTLAMBDA=1,	ANCESTDIST=0,	NUMBOXES=1000,	ANCESTPINT=0.90000,	GENSBACK=2,	MIGRPRIOR=0.01000,	PRINTQHAT=0,	PRINTQSUM=1,	ALPHA=1.0000,	FREQSCORR=1,	FPRIORMEAN=0.0100,	FPRIORSD=0.0500,	ONEFST=0,	LAMBDA=1.0000,	UNIFPRIORALPHA=1,	ALPHAMAX=10.0000,	ALPHAPRIORA=1.0000,	ALPHAPRIORB=2.0000,	ALPHAPROPSD=0.0250,	STARTATPOPINFO=0,	RANDOMIZE=1,	LINKAGE=0,	METROFREQ=10,	REPORTHITRATE=0,	MARKOVPHASE=0,	PHASED=0,	PLOIDY=1,	PHASEINFO=0	LOCPRIOR=0, 	LOCPRIORINIT=1.000000, 	LOCDATA=0, 	LOCISPOP=0, 	LOCPRIORSTEP=0.100000, 	MAXLOCPRIOR=20.000000, 	SEED=1641266398,	
[STRAT parameters]:    NUMSIMSTATS=1000,	PHENOTYPECOL=-9,	POOLFREQ=10,	LOCUSxONLY=0,	EMERROR=0.00100,	MISSINGPHENO=-9,	