

----------------------------------------------------
STRUCTURE by Pritchard, Stephens and Donnelly (2000)
     and Falush, Stephens and Pritchard (2003)
       Code by Pritchard, Falush and Hubisz
             Version 2.3.4 (Jul 2012)
----------------------------------------------------



Command line arguments:   ./structure -m mainparams -K 3 -i phonology_structure -L 14 -o outfile_phonology_structure_K3_run8 
Input File:    phonology_structure

Run parameters:
   60 individuals
   14 loci
   3 populations assumed
   10000 Burn-in period
   100000 Reps


--------------------------------------------
Overall proportion of membership of the
sample in each of the 3 clusters

Inferred Clusters
  1      2      3    
0.191  0.370  0.439  

--------------------------------------------

Allele-freq. divergence among pops (Net nucleotide distance),
computed using point estimates of P.

      1       2       3      
 1      -    0.1568  0.3050  
 2   0.1568     -    0.1475  
 3   0.3050  0.1475     -    

Average distances (expected heterozygosity) between individuals in same cluster:
cluster  1  : 0.1383 
cluster  2  : 0.3985 
cluster  3  : 0.1235 

--------------------------------------------
Estimated Ln Prob of Data   = -302.0
Mean value of ln likelihood = -277.1
Variance of ln likelihood   = 49.7
Mean value of alpha         = 0.0533

Mean value of Fst_1         = 0.6643
Mean value of Fst_2         = 0.0288
Mean value of Fst_3         = 0.6458


Inferred ancestry of individuals:
        Label (%Miss) :  Inferred clusters
  1 torg1245   (21)   :  0.020 0.033 0.947 
  2 oldj1239   (14)   :  0.080 0.898 0.022 
  3 crim1257    (0)   :  0.009 0.014 0.977 
  4 bash1264    (7)   :  0.009 0.013 0.978 
  5 anat1259    (0)   :  0.028 0.014 0.957 
  6 okin1246    (0)   :  0.974 0.013 0.013 
  7 yaku1245    (0)   :  0.017 0.053 0.929 
  8 daur1238    (0)   :  0.014 0.388 0.598 
  9 east2337   (14)   :  0.036 0.925 0.039 
 10 ikem1235    (7)   :  0.974 0.015 0.011 
 11 sibe1251    (0)   :  0.011 0.955 0.035 
 12 nort2697    (0)   :  0.029 0.015 0.957 
 13 bona1250    (0)   :  0.088 0.895 0.017 
 14 ulch1241   (14)   :  0.019 0.662 0.320 
 15 nort2935   (14)   :  0.958 0.028 0.014 
 16 gaga1249    (0)   :  0.042 0.018 0.941 
 17 tara1319    (0)   :  0.978 0.013 0.009 
 18 moma1245   (21)   :  0.025 0.918 0.057 
 19 manc1252    (0)   :  0.034 0.849 0.116 
 20 shor1247    (0)   :  0.012 0.015 0.974 
 21 kaza1248    (0)   :  0.009 0.013 0.978 
 22 midd1351   (14)   :  0.039 0.145 0.815 
 23 chag1247   (71)   :  0.175 0.396 0.429 
 24 huih1238   (14)   :  0.031 0.908 0.061 
 25 ordo1245    (0)   :  0.013 0.387 0.599 
 26 turk1303    (0)   :  0.012 0.015 0.973 
 27 negi1245    (0)   :  0.039 0.947 0.014 
 28 nana1257    (0)   :  0.020 0.958 0.022 
 29 nort2690    (7)   :  0.161 0.292 0.547 
 30 shur1243    (0)   :  0.974 0.016 0.010 
 31 minh1238    (0)   :  0.204 0.773 0.023 
 32 udih1248    (0)   :  0.025 0.940 0.035 
 33 oira1262   (14)   :  0.015 0.143 0.842 
 34 hate1238    (7)   :  0.869 0.067 0.065 
 35 tata1255    (0)   :  0.009 0.013 0.978 
 36 turk1304    (0)   :  0.012 0.015 0.973 
 37 oroc1248    (0)   :  0.016 0.962 0.022 
 38 chuv1255    (0)   :  0.042 0.136 0.822 
 39 noga1249   (14)   :  0.038 0.142 0.819 
 40 dong1285    (7)   :  0.042 0.928 0.030 
 41 halh1238   (14)   :  0.039 0.762 0.199 
 42 ogam1239    (0)   :  0.902 0.087 0.011 
 43 cent2126    (7)   :  0.968 0.016 0.016 
 44 yona1241   (14)   :  0.056 0.930 0.015 
 45 kore1280    (0)   :  0.077 0.901 0.023 
 46 tuvi1240    (0)   :  0.018 0.172 0.810 
 47 huzh1238    (7)   :  0.102 0.878 0.020 
 48 khak1248    (0)   :  0.011 0.017 0.972 
 49 oldu1238    (7)   :  0.012 0.019 0.969 
 50 nucl1643    (0)   :  0.975 0.013 0.012 
 51 orok1265   (14)   :  0.032 0.952 0.016 
 52 midd1372   (14)   :  0.047 0.943 0.010 
 53 mogh1245   (28)   :  0.076 0.457 0.467 
 54 uigh1240    (7)   :  0.010 0.015 0.975 
 55 kara1467   (14)   :  0.010 0.018 0.972 
 56 russ1264   (14)   :  0.015 0.025 0.960 
 57 sout2954    (0)   :  0.971 0.019 0.010 
 58 berj1234    (0)   :  0.018 0.962 0.020 
 59 kham1281    (0)   :  0.018 0.056 0.926 
 60 dolg1241    (0)   :  0.011 0.016 0.973 


Estimated Allele Frequencies in each cluster
First column gives estimated ancestral frequencies


Locus 1 : TE003 
2 alleles
3.3% missing data
   1   (0.278) 0.024 0.256 0.976 
   0   (0.722) 0.976 0.744 0.024 

Locus 2 : TE004 
2 alleles
3.3% missing data
   0   (0.682) 0.981 0.659 0.992 
   1   (0.318) 0.019 0.341 0.008 

Locus 3 : TE005 
2 alleles
18.3% missing data
   0   (0.507) 0.969 0.468 0.978 
   1   (0.493) 0.031 0.532 0.022 

Locus 4 : TE006 
2 alleles
26.7% missing data
   0   (0.705) 0.135 0.725 0.984 
   1   (0.295) 0.865 0.275 0.016 

Locus 5 : TE007 
2 alleles
6.7% missing data
   0   (0.745) 0.692 0.755 0.994 
   1   (0.255) 0.308 0.245 0.006 

Locus 6 : TE008 
2 alleles
1.7% missing data
   1   (0.657) 0.891 0.667 0.892 
   0   (0.343) 0.109 0.333 0.108 

Locus 7 : TE031 
2 alleles
1.7% missing data
   1   (0.831) 0.063 0.867 0.872 
   0   (0.169) 0.937 0.133 0.128 

Locus 8 : TE037 
2 alleles
1.7% missing data
   1   (0.392) 0.584 0.370 0.815 
   0   (0.608) 0.416 0.630 0.185 

Locus 9 : TE038 
2 alleles
1.7% missing data
   1   (0.648) 0.053 0.658 0.992 
   0   (0.352) 0.947 0.342 0.008 

Locus 10 : TE039 
2 alleles
5.0% missing data
   1   (0.667) 0.960 0.676 0.541 
   0   (0.333) 0.040 0.324 0.459 

Locus 11 : TE078 
2 alleles
3.3% missing data
   0   (0.829) 0.985 0.832 0.996 
   1   (0.171) 0.015 0.168 0.004 

Locus 12 : TS079 
2 alleles
10.0% missing data
   0   (0.766) 0.987 0.755 0.994 
   1   (0.234) 0.013 0.245 0.006 

Locus 13 : TS080 
2 alleles
10.0% missing data
   0   (0.781) 0.988 0.798 0.103 
   1   (0.219) 0.012 0.202 0.897 

Locus 14 : TS088 
2 alleles
1.7% missing data
   0   (0.600) 0.959 0.597 0.921 
   1   (0.400) 0.041 0.403 0.079 

Values of parameters used in structure:
DATAFILE=phonology_structure,	OUTFILE=outfile_phonology_structure_K3_run8,	NUMINDS=60,	NUMLOCI=14,	MISSING=-9,	LABEL=1,	POPDATA=0,	POPFLAG=0,	PHENOTYPE=0,	EXTRACOLS=0,	MAXPOPS=3,	BURNIN=10000,	NUMREPS=100000,	USEPOPINFO=0,	INFERALPHA=1,	INFERLAMBDA=0,	POPSPECIFICLAMBDA=0,	POPALPHAS=0,	COMPUTEPROB=1,	NOADMIX=0,	ADMBURNIN=500,	UPDATEFREQ=100,	PRINTLIKES=0,	INTERMEDSAVE=0,	PRINTKLD=0,	PRINTNET=1,	PRINTLAMBDA=1,	ANCESTDIST=0,	NUMBOXES=1000,	ANCESTPINT=0.90000,	GENSBACK=2,	MIGRPRIOR=0.01000,	PRINTQHAT=0,	PRINTQSUM=1,	ALPHA=1.0000,	FREQSCORR=1,	FPRIORMEAN=0.0100,	FPRIORSD=0.0500,	ONEFST=0,	LAMBDA=1.0000,	UNIFPRIORALPHA=1,	ALPHAMAX=10.0000,	ALPHAPRIORA=1.0000,	ALPHAPRIORB=2.0000,	ALPHAPROPSD=0.0250,	STARTATPOPINFO=0,	RANDOMIZE=1,	LINKAGE=0,	METROFREQ=10,	REPORTHITRATE=0,	MARKOVPHASE=0,	PHASED=0,	PLOIDY=1,	PHASEINFO=0	LOCPRIOR=0, 	LOCPRIORINIT=1.000000, 	LOCDATA=0, 	LOCISPOP=0, 	LOCPRIORSTEP=0.100000, 	MAXLOCPRIOR=20.000000, 	SEED=1641223156,	
[STRAT parameters]:    NUMSIMSTATS=1000,	PHENOTYPECOL=-9,	POOLFREQ=10,	LOCUSxONLY=0,	EMERROR=0.00100,	MISSINGPHENO=-9,	