

----------------------------------------------------
STRUCTURE by Pritchard, Stephens and Donnelly (2000)
     and Falush, Stephens and Pritchard (2003)
       Code by Pritchard, Falush and Hubisz
             Version 2.3.4 (Jul 2012)
----------------------------------------------------



Command line arguments:   ./structure -m mainparams -K 5 -i phonology_structure -L 14 -o outfile_phonology_structure_K5_run50 
Input File:    phonology_structure

Run parameters:
   60 individuals
   14 loci
   5 populations assumed
   10000 Burn-in period
   100000 Reps


--------------------------------------------
Overall proportion of membership of the
sample in each of the 5 clusters

Inferred Clusters
  1      2      3      4      5    
0.198  0.161  0.308  0.172  0.161  

--------------------------------------------

Allele-freq. divergence among pops (Net nucleotide distance),
computed using point estimates of P.

      1       2       3       4       5      
 1      -    0.0611  0.1574  0.2382  0.1017  
 2   0.0611     -    0.0738  0.1891  0.0113  
 3   0.1574  0.0738     -    0.2909  0.0975  
 4   0.2382  0.1891  0.2909     -    0.1637  
 5   0.1017  0.0113  0.0975  0.1637     -    

Average distances (expected heterozygosity) between individuals in same cluster:
cluster  1  : 0.2651 
cluster  2  : 0.3786 
cluster  3  : 0.1599 
cluster  4  : 0.1137 
cluster  5  : 0.4072 

--------------------------------------------
Estimated Ln Prob of Data   = -331.6
Mean value of ln likelihood = -231.1
Variance of ln likelihood   = 201.1
Mean value of alpha         = 0.0417

Mean value of Fst_1         = 0.5779
Mean value of Fst_2         = 0.3029
Mean value of Fst_3         = 0.6642
Mean value of Fst_4         = 0.7076
Mean value of Fst_5         = 0.1016


Inferred ancestry of individuals:
        Label (%Miss) :  Inferred clusters
  1 torg1245   (21)   :  0.131 0.122 0.669 0.016 0.062 
  2 oldj1239   (14)   :  0.472 0.205 0.055 0.058 0.209 
  3 crim1257    (0)   :  0.131 0.019 0.810 0.006 0.034 
  4 bash1264    (7)   :  0.128 0.023 0.804 0.007 0.038 
  5 anat1259    (0)   :  0.127 0.032 0.773 0.023 0.044 
  6 okin1246    (0)   :  0.009 0.008 0.010 0.963 0.010 
  7 yaku1245    (0)   :  0.123 0.286 0.461 0.016 0.114 
  8 daur1238    (0)   :  0.057 0.489 0.135 0.007 0.311 
  9 east2337   (14)   :  0.038 0.293 0.091 0.011 0.566 
 10 ikem1235    (7)   :  0.009 0.012 0.011 0.951 0.017 
 11 sibe1251    (0)   :  0.778 0.186 0.018 0.006 0.012 
 12 nort2697    (0)   :  0.127 0.034 0.775 0.023 0.042 
 13 bona1250    (0)   :  0.053 0.256 0.086 0.042 0.563 
 14 ulch1241   (14)   :  0.497 0.242 0.148 0.011 0.103 
 15 nort2935   (14)   :  0.019 0.017 0.011 0.934 0.019 
 16 gaga1249    (0)   :  0.126 0.089 0.692 0.043 0.051 
 17 tara1319    (0)   :  0.007 0.009 0.008 0.961 0.014 
 18 moma1245   (21)   :  0.738 0.194 0.021 0.013 0.034 
 19 manc1252    (0)   :  0.308 0.202 0.203 0.027 0.259 
 20 shor1247    (0)   :  0.123 0.121 0.703 0.010 0.043 
 21 kaza1248    (0)   :  0.130 0.018 0.810 0.006 0.036 
 22 midd1351   (14)   :  0.128 0.091 0.618 0.030 0.133 
 23 chag1247   (71)   :  0.081 0.260 0.211 0.098 0.350 
 24 huih1238   (14)   :  0.671 0.200 0.042 0.025 0.062 
 25 ordo1245    (0)   :  0.053 0.494 0.131 0.007 0.314 
 26 turk1303    (0)   :  0.132 0.122 0.694 0.009 0.043 
 27 negi1245    (0)   :  0.776 0.184 0.009 0.019 0.013 
 28 nana1257    (0)   :  0.769 0.187 0.013 0.012 0.020 
 29 nort2690    (7)   :  0.074 0.172 0.347 0.084 0.322 
 30 shur1243    (0)   :  0.013 0.011 0.008 0.955 0.014 
 31 minh1238    (0)   :  0.021 0.263 0.079 0.062 0.575 
 32 udih1248    (0)   :  0.743 0.191 0.024 0.016 0.025 
 33 oira1262   (14)   :  0.094 0.325 0.394 0.011 0.175 
 34 hate1238    (7)   :  0.043 0.039 0.057 0.815 0.046 
 35 tata1255    (0)   :  0.131 0.023 0.806 0.007 0.034 
 36 turk1304    (0)   :  0.127 0.127 0.693 0.010 0.043 
 37 oroc1248    (0)   :  0.748 0.185 0.026 0.018 0.022 
 38 chuv1255    (0)   :  0.070 0.291 0.309 0.028 0.301 
 39 noga1249   (14)   :  0.129 0.099 0.612 0.029 0.132 
 40 dong1285    (7)   :  0.031 0.270 0.088 0.013 0.599 
 41 halh1238   (14)   :  0.051 0.386 0.097 0.017 0.449 
 42 ogam1239    (0)   :  0.012 0.074 0.020 0.777 0.117 
 43 cent2126    (7)   :  0.010 0.010 0.012 0.955 0.013 
 44 yona1241   (14)   :  0.038 0.258 0.088 0.030 0.586 
 45 kore1280    (0)   :  0.021 0.278 0.088 0.028 0.586 
 46 tuvi1240    (0)   :  0.079 0.424 0.246 0.011 0.239 
 47 huzh1238    (7)   :  0.023 0.272 0.086 0.033 0.586 
 48 khak1248    (0)   :  0.130 0.122 0.692 0.009 0.047 
 49 oldu1238    (7)   :  0.130 0.119 0.696 0.010 0.045 
 50 nucl1643    (0)   :  0.008 0.009 0.010 0.961 0.011 
 51 orok1265   (14)   :  0.782 0.185 0.008 0.015 0.011 
 52 midd1372   (14)   :  0.027 0.248 0.084 0.014 0.627 
 53 mogh1245   (28)   :  0.195 0.135 0.413 0.051 0.206 
 54 uigh1240    (7)   :  0.129 0.025 0.803 0.008 0.035 
 55 kara1467   (14)   :  0.129 0.022 0.802 0.008 0.039 
 56 russ1264   (14)   :  0.130 0.121 0.686 0.012 0.050 
 57 sout2954    (0)   :  0.012 0.012 0.009 0.954 0.013 
 58 berj1234    (0)   :  0.780 0.186 0.011 0.009 0.014 
 59 kham1281    (0)   :  0.122 0.286 0.464 0.015 0.113 
 60 dolg1241    (0)   :  0.128 0.117 0.700 0.010 0.045 


Estimated Allele Frequencies in each cluster
First column gives estimated ancestral frequencies


Locus 1 : TE003 
2 alleles
3.3% missing data
   1   (0.438) 0.224 0.535 0.916 0.023 0.480 
   0   (0.562) 0.776 0.465 0.084 0.977 0.520 

Locus 2 : TE004 
2 alleles
3.3% missing data
   0   (0.825) 0.469 0.798 0.979 0.992 0.856 
   1   (0.175) 0.531 0.202 0.021 0.008 0.144 

Locus 3 : TE005 
2 alleles
18.3% missing data
   0   (0.776) 0.281 0.733 0.968 0.989 0.808 
   1   (0.224) 0.719 0.267 0.032 0.011 0.192 

Locus 4 : TE006 
2 alleles
26.7% missing data
   0   (0.578) 0.958 0.756 0.927 0.103 0.576 
   1   (0.422) 0.042 0.244 0.073 0.897 0.424 

Locus 5 : TE007 
2 alleles
6.7% missing data
   0   (0.642) 0.965 0.783 0.951 0.710 0.643 
   1   (0.358) 0.035 0.217 0.049 0.290 0.357 

Locus 6 : TE008 
2 alleles
1.7% missing data
   1   (0.563) 0.946 0.599 0.913 0.924 0.527 
   0   (0.437) 0.054 0.401 0.087 0.076 0.473 

Locus 7 : TE031 
2 alleles
1.7% missing data
   1   (0.743) 0.958 0.857 0.860 0.036 0.782 
   0   (0.257) 0.042 0.143 0.140 0.964 0.218 

Locus 8 : TE037 
2 alleles
1.7% missing data
   1   (0.476) 0.252 0.374 0.880 0.613 0.474 
   0   (0.524) 0.748 0.626 0.120 0.387 0.526 

Locus 9 : TE038 
2 alleles
1.7% missing data
   1   (0.707) 0.721 0.803 0.956 0.035 0.745 
   0   (0.293) 0.279 0.197 0.044 0.965 0.255 

Locus 10 : TE039 
2 alleles
5.0% missing data
   1   (0.592) 0.835 0.738 0.456 0.971 0.585 
   0   (0.408) 0.165 0.262 0.544 0.029 0.415 

Locus 11 : TE078 
2 alleles
3.3% missing data
   0   (0.751) 0.978 0.851 0.964 0.989 0.745 
   1   (0.249) 0.022 0.149 0.036 0.011 0.255 

Locus 12 : TS079 
2 alleles
10.0% missing data
   0   (0.858) 0.608 0.851 0.983 0.994 0.888 
   1   (0.142) 0.392 0.149 0.017 0.006 0.112 

Locus 13 : TS080 
2 alleles
10.0% missing data
   0   (0.727) 0.666 0.565 0.170 0.988 0.703 
   1   (0.273) 0.334 0.435 0.830 0.012 0.297 

Locus 14 : TS088 
2 alleles
1.7% missing data
   0   (0.505) 0.941 0.588 0.903 0.976 0.462 
   1   (0.495) 0.059 0.412 0.097 0.024 0.538 

Values of parameters used in structure:
DATAFILE=phonology_structure,	OUTFILE=outfile_phonology_structure_K5_run50,	NUMINDS=60,	NUMLOCI=14,	MISSING=-9,	LABEL=1,	POPDATA=0,	POPFLAG=0,	PHENOTYPE=0,	EXTRACOLS=0,	MAXPOPS=5,	BURNIN=10000,	NUMREPS=100000,	USEPOPINFO=0,	INFERALPHA=1,	INFERLAMBDA=0,	POPSPECIFICLAMBDA=0,	POPALPHAS=0,	COMPUTEPROB=1,	NOADMIX=0,	ADMBURNIN=500,	UPDATEFREQ=100,	PRINTLIKES=0,	INTERMEDSAVE=0,	PRINTKLD=0,	PRINTNET=1,	PRINTLAMBDA=1,	ANCESTDIST=0,	NUMBOXES=1000,	ANCESTPINT=0.90000,	GENSBACK=2,	MIGRPRIOR=0.01000,	PRINTQHAT=0,	PRINTQSUM=1,	ALPHA=1.0000,	FREQSCORR=1,	FPRIORMEAN=0.0100,	FPRIORSD=0.0500,	ONEFST=0,	LAMBDA=1.0000,	UNIFPRIORALPHA=1,	ALPHAMAX=10.0000,	ALPHAPRIORA=1.0000,	ALPHAPRIORB=2.0000,	ALPHAPROPSD=0.0250,	STARTATPOPINFO=0,	RANDOMIZE=1,	LINKAGE=0,	METROFREQ=10,	REPORTHITRATE=0,	MARKOVPHASE=0,	PHASED=0,	PLOIDY=1,	PHASEINFO=0	LOCPRIOR=0, 	LOCPRIORINIT=1.000000, 	LOCDATA=0, 	LOCISPOP=0, 	LOCPRIORSTEP=0.100000, 	MAXLOCPRIOR=20.000000, 	SEED=1641293186,	
[STRAT parameters]:    NUMSIMSTATS=1000,	PHENOTYPECOL=-9,	POOLFREQ=10,	LOCUSxONLY=0,	EMERROR=0.00100,	MISSINGPHENO=-9,	