

----------------------------------------------------
STRUCTURE by Pritchard, Stephens and Donnelly (2000)
     and Falush, Stephens and Pritchard (2003)
       Code by Pritchard, Falush and Hubisz
             Version 2.3.4 (Jul 2012)
----------------------------------------------------



Command line arguments:   ./structure -m mainparams -K 3 -i phonology_structure -L 14 -o outfile_phonology_structure_K3_run21 
Input File:    phonology_structure

Run parameters:
   60 individuals
   14 loci
   3 populations assumed
   10000 Burn-in period
   100000 Reps


--------------------------------------------
Overall proportion of membership of the
sample in each of the 3 clusters

Inferred Clusters
  1      2      3    
0.202  0.357  0.441  

--------------------------------------------

Allele-freq. divergence among pops (Net nucleotide distance),
computed using point estimates of P.

      1       2       3      
 1      -    0.1441  0.2930  
 2   0.1441     -    0.1460  
 3   0.2930  0.1460     -    

Average distances (expected heterozygosity) between individuals in same cluster:
cluster  1  : 0.1613 
cluster  2  : 0.3881 
cluster  3  : 0.1254 

--------------------------------------------
Estimated Ln Prob of Data   = -307.0
Mean value of ln likelihood = -277.5
Variance of ln likelihood   = 59.0
Mean value of alpha         = 0.0535

Mean value of Fst_1         = 0.6236
Mean value of Fst_2         = 0.0609
Mean value of Fst_3         = 0.6384


Inferred ancestry of individuals:
        Label (%Miss) :  Inferred clusters
  1 torg1245   (21)   :  0.020 0.033 0.946 
  2 oldj1239   (14)   :  0.104 0.873 0.023 
  3 crim1257    (0)   :  0.008 0.013 0.978 
  4 bash1264    (7)   :  0.009 0.014 0.977 
  5 anat1259    (0)   :  0.028 0.016 0.956 
  6 okin1246    (0)   :  0.971 0.016 0.013 
  7 yaku1245    (0)   :  0.018 0.046 0.935 
  8 daur1238    (0)   :  0.021 0.325 0.653 
  9 east2337   (14)   :  0.100 0.859 0.041 
 10 ikem1235    (7)   :  0.969 0.019 0.012 
 11 sibe1251    (0)   :  0.010 0.957 0.033 
 12 nort2697    (0)   :  0.027 0.015 0.958 
 13 bona1250    (0)   :  0.145 0.838 0.017 
 14 ulch1241   (14)   :  0.018 0.668 0.314 
 15 nort2935   (14)   :  0.951 0.034 0.015 
 16 gaga1249    (0)   :  0.041 0.018 0.942 
 17 tara1319    (0)   :  0.976 0.014 0.010 
 18 moma1245   (21)   :  0.024 0.927 0.049 
 19 manc1252    (0)   :  0.046 0.831 0.123 
 20 shor1247    (0)   :  0.011 0.016 0.973 
 21 kaza1248    (0)   :  0.009 0.012 0.979 
 22 midd1351   (14)   :  0.044 0.155 0.800 
 23 chag1247   (71)   :  0.193 0.393 0.414 
 24 huih1238   (14)   :  0.031 0.912 0.057 
 25 ordo1245    (0)   :  0.022 0.327 0.651 
 26 turk1303    (0)   :  0.011 0.016 0.973 
 27 negi1245    (0)   :  0.041 0.946 0.013 
 28 nana1257    (0)   :  0.019 0.961 0.020 
 29 nort2690    (7)   :  0.196 0.276 0.529 
 30 shur1243    (0)   :  0.969 0.020 0.011 
 31 minh1238    (0)   :  0.252 0.727 0.021 
 32 udih1248    (0)   :  0.027 0.938 0.035 
 33 oira1262   (14)   :  0.018 0.121 0.861 
 34 hate1238    (7)   :  0.859 0.076 0.065 
 35 tata1255    (0)   :  0.009 0.012 0.979 
 36 turk1304    (0)   :  0.012 0.015 0.973 
 37 oroc1248    (0)   :  0.016 0.962 0.022 
 38 chuv1255    (0)   :  0.044 0.123 0.834 
 39 noga1249   (14)   :  0.043 0.145 0.812 
 40 dong1285    (7)   :  0.111 0.860 0.029 
 41 halh1238   (14)   :  0.077 0.712 0.211 
 42 ogam1239    (0)   :  0.903 0.085 0.012 
 43 cent2126    (7)   :  0.962 0.021 0.017 
 44 yona1241   (14)   :  0.124 0.860 0.016 
 45 kore1280    (0)   :  0.145 0.832 0.023 
 46 tuvi1240    (0)   :  0.021 0.153 0.826 
 47 huzh1238    (7)   :  0.172 0.808 0.020 
 48 khak1248    (0)   :  0.012 0.016 0.972 
 49 oldu1238    (7)   :  0.012 0.018 0.970 
 50 nucl1643    (0)   :  0.974 0.013 0.013 
 51 orok1265   (14)   :  0.034 0.951 0.015 
 52 midd1372   (14)   :  0.115 0.875 0.010 
 53 mogh1245   (28)   :  0.094 0.455 0.451 
 54 uigh1240    (7)   :  0.010 0.014 0.976 
 55 kara1467   (14)   :  0.011 0.016 0.973 
 56 russ1264   (14)   :  0.015 0.026 0.959 
 57 sout2954    (0)   :  0.969 0.020 0.011 
 58 berj1234    (0)   :  0.018 0.963 0.018 
 59 kham1281    (0)   :  0.018 0.055 0.927 
 60 dolg1241    (0)   :  0.012 0.015 0.974 


Estimated Allele Frequencies in each cluster
First column gives estimated ancestral frequencies


Locus 1 : TE003 
2 alleles
3.3% missing data
   1   (0.274) 0.037 0.237 0.976 
   0   (0.726) 0.963 0.763 0.024 

Locus 2 : TE004 
2 alleles
3.3% missing data
   0   (0.700) 0.976 0.651 0.992 
   1   (0.300) 0.024 0.349 0.008 

Locus 3 : TE005 
2 alleles
18.3% missing data
   0   (0.530) 0.961 0.454 0.979 
   1   (0.470) 0.039 0.546 0.021 

Locus 4 : TE006 
2 alleles
26.7% missing data
   0   (0.693) 0.145 0.742 0.985 
   1   (0.307) 0.855 0.258 0.015 

Locus 5 : TE007 
2 alleles
6.7% missing data
   0   (0.745) 0.688 0.772 0.994 
   1   (0.255) 0.312 0.228 0.006 

Locus 6 : TE008 
2 alleles
1.7% missing data
   1   (0.678) 0.874 0.708 0.885 
   0   (0.322) 0.126 0.292 0.115 

Locus 7 : TE031 
2 alleles
1.7% missing data
   1   (0.796) 0.094 0.853 0.871 
   0   (0.204) 0.906 0.147 0.129 

Locus 8 : TE037 
2 alleles
1.7% missing data
   1   (0.411) 0.582 0.367 0.810 
   0   (0.589) 0.418 0.633 0.190 

Locus 9 : TE038 
2 alleles
1.7% missing data
   1   (0.669) 0.080 0.687 0.992 
   0   (0.331) 0.920 0.313 0.008 

Locus 10 : TE039 
2 alleles
5.0% missing data
   1   (0.688) 0.939 0.714 0.544 
   0   (0.312) 0.061 0.286 0.456 

Locus 11 : TE078 
2 alleles
3.3% missing data
   0   (0.813) 0.971 0.829 0.995 
   1   (0.187) 0.029 0.171 0.005 

Locus 12 : TS079 
2 alleles
10.0% missing data
   0   (0.788) 0.983 0.759 0.994 
   1   (0.212) 0.017 0.241 0.006 

Locus 13 : TS080 
2 alleles
10.0% missing data
   0   (0.789) 0.985 0.805 0.102 
   1   (0.211) 0.015 0.195 0.898 

Locus 14 : TS088 
2 alleles
1.7% missing data
   0   (0.625) 0.931 0.647 0.915 
   1   (0.375) 0.069 0.353 0.085 

Values of parameters used in structure:
DATAFILE=phonology_structure,	OUTFILE=outfile_phonology_structure_K3_run21,	NUMINDS=60,	NUMLOCI=14,	MISSING=-9,	LABEL=1,	POPDATA=0,	POPFLAG=0,	PHENOTYPE=0,	EXTRACOLS=0,	MAXPOPS=3,	BURNIN=10000,	NUMREPS=100000,	USEPOPINFO=0,	INFERALPHA=1,	INFERLAMBDA=0,	POPSPECIFICLAMBDA=0,	POPALPHAS=0,	COMPUTEPROB=1,	NOADMIX=0,	ADMBURNIN=500,	UPDATEFREQ=100,	PRINTLIKES=0,	INTERMEDSAVE=0,	PRINTKLD=0,	PRINTNET=1,	PRINTLAMBDA=1,	ANCESTDIST=0,	NUMBOXES=1000,	ANCESTPINT=0.90000,	GENSBACK=2,	MIGRPRIOR=0.01000,	PRINTQHAT=0,	PRINTQSUM=1,	ALPHA=1.0000,	FREQSCORR=1,	FPRIORMEAN=0.0100,	FPRIORSD=0.0500,	ONEFST=0,	LAMBDA=1.0000,	UNIFPRIORALPHA=1,	ALPHAMAX=10.0000,	ALPHAPRIORA=1.0000,	ALPHAPRIORB=2.0000,	ALPHAPROPSD=0.0250,	STARTATPOPINFO=0,	RANDOMIZE=1,	LINKAGE=0,	METROFREQ=10,	REPORTHITRATE=0,	MARKOVPHASE=0,	PHASED=0,	PLOIDY=1,	PHASEINFO=0	LOCPRIOR=0, 	LOCPRIORINIT=1.000000, 	LOCDATA=0, 	LOCISPOP=0, 	LOCPRIORSTEP=0.100000, 	MAXLOCPRIOR=20.000000, 	SEED=1641258988,	
[STRAT parameters]:    NUMSIMSTATS=1000,	PHENOTYPECOL=-9,	POOLFREQ=10,	LOCUSxONLY=0,	EMERROR=0.00100,	MISSINGPHENO=-9,	