

----------------------------------------------------
STRUCTURE by Pritchard, Stephens and Donnelly (2000)
     and Falush, Stephens and Pritchard (2003)
       Code by Pritchard, Falush and Hubisz
             Version 2.3.4 (Jul 2012)
----------------------------------------------------



Command line arguments:   ./structure -m mainparams -K 6 -i phonology_structure -L 14 -o outfile_phonology_structure_K6_run4 
Input File:    phonology_structure

Run parameters:
   60 individuals
   14 loci
   6 populations assumed
   10000 Burn-in period
   100000 Reps


--------------------------------------------
Overall proportion of membership of the
sample in each of the 6 clusters

Inferred Clusters
  1      2      3      4      5      6    
0.176  0.167  0.164  0.166  0.166  0.160  

--------------------------------------------

Allele-freq. divergence among pops (Net nucleotide distance),
computed using point estimates of P.

      1       2       3       4       5       6      
 1      -    0.2098  0.0021  0.0033  0.1658  0.0008  
 2   0.2098     -    0.1928  0.1861  0.2741  0.2037  
 3   0.0021  0.1928     -    0.0002  0.1521  0.0006  
 4   0.0033  0.1861  0.0002     -    0.1509  0.0014  
 5   0.1658  0.2741  0.1521  0.1509     -    0.1610  
 6   0.0008  0.2037  0.0006  0.0014  0.1610     -    

Average distances (expected heterozygosity) between individuals in same cluster:
cluster  1  : 0.3183 
cluster  2  : 0.1112 
cluster  3  : 0.3534 
cluster  4  : 0.3631 
cluster  5  : 0.1967 
cluster  6  : 0.3349 

--------------------------------------------
Estimated Ln Prob of Data   = -327.5
Mean value of ln likelihood = -229.0
Variance of ln likelihood   = 196.8
Mean value of alpha         = 0.0397

Mean value of Fst_1         = 0.3940
Mean value of Fst_2         = 0.7126
Mean value of Fst_3         = 0.3183
Mean value of Fst_4         = 0.2939
Mean value of Fst_5         = 0.5696
Mean value of Fst_6         = 0.3639


Inferred ancestry of individuals:
        Label (%Miss) :  Inferred clusters
  1 torg1245   (21)   :  0.302 0.016 0.220 0.225 0.016 0.221 
  2 oldj1239   (14)   :  0.120 0.051 0.146 0.153 0.413 0.117 
  3 crim1257    (0)   :  0.284 0.006 0.225 0.242 0.007 0.235 
  4 bash1264    (7)   :  0.288 0.006 0.228 0.240 0.008 0.230 
  5 anat1259    (0)   :  0.288 0.022 0.227 0.228 0.006 0.229 
  6 okin1246    (0)   :  0.010 0.951 0.011 0.011 0.007 0.009 
  7 yaku1245    (0)   :  0.272 0.014 0.230 0.191 0.039 0.254 
  8 daur1238    (0)   :  0.237 0.006 0.242 0.208 0.011 0.296 
  9 east2337   (14)   :  0.204 0.010 0.252 0.301 0.022 0.211 
 10 ikem1235    (7)   :  0.013 0.934 0.013 0.015 0.008 0.018 
 11 sibe1251    (0)   :  0.016 0.006 0.015 0.015 0.931 0.016 
 12 nort2697    (0)   :  0.284 0.025 0.229 0.227 0.007 0.229 
 13 bona1250    (0)   :  0.208 0.036 0.241 0.288 0.034 0.194 
 14 ulch1241   (14)   :  0.129 0.010 0.128 0.120 0.464 0.149 
 15 nort2935   (14)   :  0.015 0.916 0.016 0.019 0.018 0.015 
 16 gaga1249    (0)   :  0.283 0.047 0.210 0.229 0.011 0.220 
 17 tara1319    (0)   :  0.010 0.949 0.011 0.012 0.006 0.012 
 18 moma1245   (21)   :  0.032 0.013 0.034 0.031 0.861 0.030 
 19 manc1252    (0)   :  0.178 0.022 0.185 0.189 0.259 0.168 
 20 shor1247    (0)   :  0.307 0.009 0.224 0.237 0.010 0.213 
 21 kaza1248    (0)   :  0.282 0.006 0.232 0.235 0.007 0.238 
 22 midd1351   (14)   :  0.285 0.025 0.227 0.197 0.029 0.238 
 23 chag1247   (71)   :  0.208 0.087 0.224 0.223 0.038 0.220 
 24 huih1238   (14)   :  0.050 0.022 0.051 0.054 0.771 0.052 
 25 ordo1245    (0)   :  0.226 0.006 0.246 0.216 0.012 0.295 
 26 turk1303    (0)   :  0.301 0.008 0.229 0.235 0.010 0.218 
 27 negi1245    (0)   :  0.011 0.021 0.012 0.012 0.932 0.011 
 28 nana1257    (0)   :  0.017 0.012 0.022 0.019 0.912 0.018 
 29 nort2690    (7)   :  0.234 0.066 0.245 0.209 0.013 0.233 
 30 shur1243    (0)   :  0.010 0.944 0.011 0.011 0.013 0.010 
 31 minh1238    (0)   :  0.186 0.059 0.254 0.292 0.007 0.201 
 32 udih1248    (0)   :  0.033 0.016 0.029 0.030 0.862 0.030 
 33 oira1262   (14)   :  0.269 0.010 0.236 0.222 0.014 0.249 
 34 hate1238    (7)   :  0.054 0.766 0.051 0.050 0.033 0.047 
 35 tata1255    (0)   :  0.291 0.006 0.234 0.233 0.008 0.229 
 36 turk1304    (0)   :  0.298 0.009 0.226 0.239 0.010 0.218 
 37 oroc1248    (0)   :  0.025 0.016 0.026 0.023 0.886 0.024 
 38 chuv1255    (0)   :  0.228 0.024 0.248 0.238 0.013 0.250 
 39 noga1249   (14)   :  0.272 0.026 0.238 0.199 0.031 0.234 
 40 dong1285    (7)   :  0.209 0.013 0.274 0.270 0.020 0.215 
 41 halh1238   (14)   :  0.197 0.015 0.252 0.284 0.019 0.233 
 42 ogam1239    (0)   :  0.050 0.755 0.064 0.067 0.010 0.055 
 43 cent2126    (7)   :  0.012 0.941 0.012 0.012 0.009 0.013 
 44 yona1241   (14)   :  0.199 0.027 0.256 0.284 0.030 0.204 
 45 kore1280    (0)   :  0.189 0.027 0.255 0.291 0.010 0.228 
 46 tuvi1240    (0)   :  0.243 0.009 0.247 0.196 0.018 0.288 
 47 huzh1238    (7)   :  0.201 0.030 0.259 0.287 0.011 0.212 
 48 khak1248    (0)   :  0.312 0.009 0.218 0.231 0.010 0.220 
 49 oldu1238    (7)   :  0.295 0.009 0.228 0.240 0.015 0.213 
 50 nucl1643    (0)   :  0.010 0.953 0.011 0.010 0.008 0.009 
 51 orok1265   (14)   :  0.012 0.014 0.013 0.012 0.937 0.012 
 52 midd1372   (14)   :  0.209 0.013 0.262 0.295 0.018 0.204 
 53 mogh1245   (28)   :  0.234 0.044 0.212 0.213 0.101 0.197 
 54 uigh1240    (7)   :  0.287 0.007 0.231 0.235 0.007 0.233 
 55 kara1467   (14)   :  0.289 0.007 0.228 0.232 0.009 0.235 
 56 russ1264   (14)   :  0.297 0.012 0.220 0.234 0.018 0.219 
 57 sout2954    (0)   :  0.009 0.947 0.011 0.011 0.013 0.010 
 58 berj1234    (0)   :  0.013 0.009 0.015 0.015 0.932 0.015 
 59 kham1281    (0)   :  0.252 0.013 0.244 0.196 0.039 0.257 
 60 dolg1241    (0)   :  0.295 0.009 0.221 0.231 0.010 0.234 


Estimated Allele Frequencies in each cluster
First column gives estimated ancestral frequencies


Locus 1 : TE003 
2 alleles
3.3% missing data
   1   (0.420) 0.704 0.021 0.642 0.614 0.063 0.691 
   0   (0.580) 0.296 0.979 0.358 0.386 0.937 0.309 

Locus 2 : TE004 
2 alleles
3.3% missing data
   0   (0.833) 0.929 0.992 0.907 0.895 0.327 0.919 
   1   (0.167) 0.071 0.008 0.093 0.105 0.673 0.081 

Locus 3 : TE005 
2 alleles
18.3% missing data
   0   (0.744) 0.874 0.988 0.842 0.837 0.121 0.873 
   1   (0.256) 0.126 0.012 0.158 0.163 0.879 0.127 

Locus 4 : TE006 
2 alleles
26.7% missing data
   0   (0.604) 0.781 0.098 0.740 0.718 0.966 0.766 
   1   (0.396) 0.219 0.902 0.260 0.282 0.034 0.234 

Locus 5 : TE007 
2 alleles
6.7% missing data
   0   (0.694) 0.839 0.712 0.807 0.782 0.971 0.821 
   1   (0.306) 0.161 0.288 0.193 0.218 0.029 0.179 

Locus 6 : TE008 
2 alleles
1.7% missing data
   1   (0.602) 0.723 0.933 0.664 0.662 0.966 0.674 
   0   (0.398) 0.277 0.067 0.336 0.338 0.034 0.326 

Locus 7 : TE031 
2 alleles
1.7% missing data
   1   (0.777) 0.849 0.036 0.836 0.825 0.982 0.843 
   0   (0.223) 0.151 0.964 0.164 0.175 0.018 0.157 

Locus 8 : TE037 
2 alleles
1.7% missing data
   1   (0.529) 0.669 0.612 0.605 0.613 0.123 0.609 
   0   (0.471) 0.331 0.388 0.395 0.387 0.877 0.391 

Locus 9 : TE038 
2 alleles
1.7% missing data
   1   (0.680) 0.850 0.033 0.807 0.801 0.666 0.830 
   0   (0.320) 0.150 0.967 0.193 0.199 0.334 0.170 

Locus 10 : TE039 
2 alleles
5.0% missing data
   1   (0.580) 0.574 0.972 0.571 0.577 0.923 0.588 
   0   (0.420) 0.426 0.028 0.429 0.423 0.077 0.412 

Locus 11 : TE078 
2 alleles
3.3% missing data
   0   (0.805) 0.896 0.991 0.871 0.850 0.983 0.882 
   1   (0.195) 0.104 0.009 0.129 0.150 0.017 0.118 

Locus 12 : TS079 
2 alleles
10.0% missing data
   0   (0.848) 0.928 0.993 0.910 0.915 0.505 0.928 
   1   (0.152) 0.072 0.007 0.090 0.085 0.495 0.072 

Locus 13 : TS080 
2 alleles
10.0% missing data
   0   (0.723) 0.404 0.988 0.490 0.506 0.775 0.440 
   1   (0.277) 0.596 0.012 0.510 0.494 0.225 0.560 

Locus 14 : TS088 
2 alleles
1.7% missing data
   0   (0.525) 0.687 0.977 0.625 0.611 0.960 0.646 
   1   (0.475) 0.313 0.023 0.375 0.389 0.040 0.354 

Values of parameters used in structure:
DATAFILE=phonology_structure,	OUTFILE=outfile_phonology_structure_K6_run4,	NUMINDS=60,	NUMLOCI=14,	MISSING=-9,	LABEL=1,	POPDATA=0,	POPFLAG=0,	PHENOTYPE=0,	EXTRACOLS=0,	MAXPOPS=6,	BURNIN=10000,	NUMREPS=100000,	USEPOPINFO=0,	INFERALPHA=1,	INFERLAMBDA=0,	POPSPECIFICLAMBDA=0,	POPALPHAS=0,	COMPUTEPROB=1,	NOADMIX=0,	ADMBURNIN=500,	UPDATEFREQ=100,	PRINTLIKES=0,	INTERMEDSAVE=0,	PRINTKLD=0,	PRINTNET=1,	PRINTLAMBDA=1,	ANCESTDIST=0,	NUMBOXES=1000,	ANCESTPINT=0.90000,	GENSBACK=2,	MIGRPRIOR=0.01000,	PRINTQHAT=0,	PRINTQSUM=1,	ALPHA=1.0000,	FREQSCORR=1,	FPRIORMEAN=0.0100,	FPRIORSD=0.0500,	ONEFST=0,	LAMBDA=1.0000,	UNIFPRIORALPHA=1,	ALPHAMAX=10.0000,	ALPHAPRIORA=1.0000,	ALPHAPRIORB=2.0000,	ALPHAPROPSD=0.0250,	STARTATPOPINFO=0,	RANDOMIZE=1,	LINKAGE=0,	METROFREQ=10,	REPORTHITRATE=0,	MARKOVPHASE=0,	PHASED=0,	PLOIDY=1,	PHASEINFO=0	LOCPRIOR=0, 	LOCPRIORINIT=1.000000, 	LOCDATA=0, 	LOCISPOP=0, 	LOCPRIORSTEP=0.100000, 	MAXLOCPRIOR=20.000000, 	SEED=1641218591,	
[STRAT parameters]:    NUMSIMSTATS=1000,	PHENOTYPECOL=-9,	POOLFREQ=10,	LOCUSxONLY=0,	EMERROR=0.00100,	MISSINGPHENO=-9,	