

----------------------------------------------------
STRUCTURE by Pritchard, Stephens and Donnelly (2000)
     and Falush, Stephens and Pritchard (2003)
       Code by Pritchard, Falush and Hubisz
             Version 2.3.4 (Jul 2012)
----------------------------------------------------



Command line arguments:   ./structure -m mainparams -K 4 -i phonology_structure -L 14 -o outfile_phonology_structure_K4_run21 
Input File:    phonology_structure

Run parameters:
   60 individuals
   14 loci
   4 populations assumed
   10000 Burn-in period
   100000 Reps


--------------------------------------------
Overall proportion of membership of the
sample in each of the 4 clusters

Inferred Clusters
  1      2      3      4    
0.191  0.402  0.229  0.177  

--------------------------------------------

Allele-freq. divergence among pops (Net nucleotide distance),
computed using point estimates of P.

      1       2       3       4      
 1      -    0.2389  0.1431  0.2581  
 2   0.2389     -    0.1473  0.3186  
 3   0.1431  0.1473     -    0.1644  
 4   0.2581  0.3186  0.1644     -    

Average distances (expected heterozygosity) between individuals in same cluster:
cluster  1  : 0.2160 
cluster  2  : 0.1014 
cluster  3  : 0.4049 
cluster  4  : 0.1200 

--------------------------------------------
Estimated Ln Prob of Data   = -273.1
Mean value of ln likelihood = -237.9
Variance of ln likelihood   = 70.3
Mean value of alpha         = 0.0453

Mean value of Fst_1         = 0.5243
Mean value of Fst_2         = 0.6870
Mean value of Fst_3         = 0.0664
Mean value of Fst_4         = 0.6898


Inferred ancestry of individuals:
        Label (%Miss) :  Inferred clusters
  1 torg1245   (21)   :  0.018 0.933 0.032 0.016 
  2 oldj1239   (14)   :  0.645 0.032 0.254 0.069 
  3 crim1257    (0)   :  0.009 0.973 0.012 0.007 
  4 bash1264    (7)   :  0.008 0.972 0.013 0.007 
  5 anat1259    (0)   :  0.008 0.950 0.018 0.024 
  6 okin1246    (0)   :  0.009 0.010 0.011 0.970 
  7 yaku1245    (0)   :  0.067 0.853 0.061 0.019 
  8 daur1238    (0)   :  0.022 0.281 0.688 0.010 
  9 east2337   (14)   :  0.025 0.018 0.946 0.011 
 10 ikem1235    (7)   :  0.009 0.010 0.018 0.963 
 11 sibe1251    (0)   :  0.961 0.021 0.012 0.006 
 12 nort2697    (0)   :  0.008 0.950 0.016 0.025 
 13 bona1250    (0)   :  0.056 0.014 0.881 0.049 
 14 ulch1241   (14)   :  0.661 0.225 0.102 0.012 
 15 nort2935   (14)   :  0.021 0.011 0.020 0.948 
 16 gaga1249    (0)   :  0.009 0.935 0.019 0.036 
 17 tara1319    (0)   :  0.008 0.008 0.013 0.971 
 18 moma1245   (21)   :  0.928 0.022 0.035 0.015 
 19 manc1252    (0)   :  0.447 0.210 0.311 0.032 
 20 shor1247    (0)   :  0.012 0.965 0.013 0.010 
 21 kaza1248    (0)   :  0.009 0.972 0.012 0.007 
 22 midd1351   (14)   :  0.051 0.766 0.149 0.034 
 23 chag1247   (71)   :  0.068 0.251 0.557 0.124 
 24 huih1238   (14)   :  0.865 0.048 0.059 0.027 
 25 ordo1245    (0)   :  0.023 0.286 0.682 0.009 
 26 turk1303    (0)   :  0.012 0.967 0.012 0.009 
 27 negi1245    (0)   :  0.955 0.009 0.016 0.020 
 28 nana1257    (0)   :  0.956 0.014 0.018 0.012 
 29 nort2690    (7)   :  0.021 0.416 0.454 0.110 
 30 shur1243    (0)   :  0.014 0.008 0.014 0.964 
 31 minh1238    (0)   :  0.008 0.010 0.906 0.076 
 32 udih1248    (0)   :  0.936 0.025 0.022 0.017 
 33 oira1262   (14)   :  0.022 0.679 0.287 0.012 
 34 hate1238    (7)   :  0.043 0.064 0.049 0.844 
 35 tata1255    (0)   :  0.009 0.971 0.012 0.007 
 36 turk1304    (0)   :  0.012 0.966 0.013 0.010 
 37 oroc1248    (0)   :  0.931 0.027 0.025 0.017 
 38 chuv1255    (0)   :  0.020 0.591 0.356 0.034 
 39 noga1249   (14)   :  0.050 0.761 0.154 0.035 
 40 dong1285    (7)   :  0.028 0.020 0.937 0.015 
 41 halh1238   (14)   :  0.026 0.078 0.879 0.017 
 42 ogam1239    (0)   :  0.011 0.008 0.133 0.849 
 43 cent2126    (7)   :  0.011 0.014 0.014 0.962 
 44 yona1241   (14)   :  0.051 0.012 0.902 0.035 
 45 kore1280    (0)   :  0.010 0.010 0.951 0.029 
 46 tuvi1240    (0)   :  0.046 0.589 0.348 0.018 
 47 huzh1238    (7)   :  0.012 0.011 0.940 0.037 
 48 khak1248    (0)   :  0.012 0.965 0.013 0.010 
 49 oldu1238    (7)   :  0.017 0.958 0.015 0.010 
 50 nucl1643    (0)   :  0.009 0.010 0.012 0.969 
 51 orok1265   (14)   :  0.963 0.008 0.013 0.016 
 52 midd1372   (14)   :  0.022 0.007 0.953 0.017 
 53 mogh1245   (28)   :  0.224 0.480 0.235 0.062 
 54 uigh1240    (7)   :  0.008 0.967 0.016 0.009 
 55 kara1467   (14)   :  0.011 0.966 0.015 0.008 
 56 russ1264   (14)   :  0.019 0.948 0.020 0.013 
 57 sout2954    (0)   :  0.014 0.008 0.013 0.965 
 58 berj1234    (0)   :  0.965 0.011 0.014 0.011 
 59 kham1281    (0)   :  0.069 0.849 0.064 0.018 
 60 dolg1241    (0)   :  0.012 0.965 0.013 0.009 


Estimated Allele Frequencies in each cluster
First column gives estimated ancestral frequencies


Locus 1 : TE003 
2 alleles
3.3% missing data
   1   (0.433) 0.088 0.982 0.446 0.026 
   0   (0.567) 0.912 0.018 0.554 0.974 

Locus 2 : TE004 
2 alleles
3.3% missing data
   0   (0.806) 0.384 0.996 0.843 0.990 
   1   (0.194) 0.616 0.004 0.157 0.010 

Locus 3 : TE005 
2 alleles
18.3% missing data
   0   (0.750) 0.151 0.992 0.783 0.987 
   1   (0.250) 0.849 0.008 0.217 0.013 

Locus 4 : TE006 
2 alleles
26.7% missing data
   0   (0.590) 0.962 0.984 0.541 0.114 
   1   (0.410) 0.038 0.016 0.459 0.886 

Locus 5 : TE007 
2 alleles
6.7% missing data
   0   (0.694) 0.969 0.994 0.654 0.705 
   1   (0.306) 0.031 0.006 0.346 0.295 

Locus 6 : TE008 
2 alleles
1.7% missing data
   1   (0.556) 0.957 0.940 0.464 0.909 
   0   (0.444) 0.043 0.060 0.536 0.091 

Locus 7 : TE031 
2 alleles
1.7% missing data
   1   (0.753) 0.979 0.867 0.812 0.040 
   0   (0.247) 0.021 0.133 0.188 0.960 

Locus 8 : TE037 
2 alleles
1.7% missing data
   1   (0.485) 0.143 0.880 0.485 0.602 
   0   (0.515) 0.857 0.120 0.515 0.398 

Locus 9 : TE038 
2 alleles
1.7% missing data
   1   (0.652) 0.674 0.993 0.692 0.036 
   0   (0.348) 0.326 0.007 0.308 0.964 

Locus 10 : TE039 
2 alleles
5.0% missing data
   1   (0.618) 0.881 0.513 0.593 0.968 
   0   (0.382) 0.119 0.487 0.407 0.032 

Locus 11 : TE078 
2 alleles
3.3% missing data
   0   (0.787) 0.981 0.996 0.745 0.990 
   1   (0.213) 0.019 0.004 0.255 0.010 

Locus 12 : TS079 
2 alleles
10.0% missing data
   0   (0.838) 0.549 0.996 0.876 0.992 
   1   (0.162) 0.451 0.004 0.124 0.008 

Locus 13 : TS080 
2 alleles
10.0% missing data
   0   (0.721) 0.765 0.080 0.771 0.987 
   1   (0.279) 0.235 0.920 0.229 0.013 

Locus 14 : TS088 
2 alleles
1.7% missing data
   0   (0.492) 0.952 0.956 0.357 0.972 
   1   (0.508) 0.048 0.044 0.643 0.028 

Values of parameters used in structure:
DATAFILE=phonology_structure,	OUTFILE=outfile_phonology_structure_K4_run21,	NUMINDS=60,	NUMLOCI=14,	MISSING=-9,	LABEL=1,	POPDATA=0,	POPFLAG=0,	PHENOTYPE=0,	EXTRACOLS=0,	MAXPOPS=4,	BURNIN=10000,	NUMREPS=100000,	USEPOPINFO=0,	INFERALPHA=1,	INFERLAMBDA=0,	POPSPECIFICLAMBDA=0,	POPALPHAS=0,	COMPUTEPROB=1,	NOADMIX=0,	ADMBURNIN=500,	UPDATEFREQ=100,	PRINTLIKES=0,	INTERMEDSAVE=0,	PRINTKLD=0,	PRINTNET=1,	PRINTLAMBDA=1,	ANCESTDIST=0,	NUMBOXES=1000,	ANCESTPINT=0.90000,	GENSBACK=2,	MIGRPRIOR=0.01000,	PRINTQHAT=0,	PRINTQSUM=1,	ALPHA=1.0000,	FREQSCORR=1,	FPRIORMEAN=0.0100,	FPRIORSD=0.0500,	ONEFST=0,	LAMBDA=1.0000,	UNIFPRIORALPHA=1,	ALPHAMAX=10.0000,	ALPHAPRIORA=1.0000,	ALPHAPRIORB=2.0000,	ALPHAPROPSD=0.0250,	STARTATPOPINFO=0,	RANDOMIZE=1,	LINKAGE=0,	METROFREQ=10,	REPORTHITRATE=0,	MARKOVPHASE=0,	PHASED=0,	PLOIDY=1,	PHASEINFO=0	LOCPRIOR=0, 	LOCPRIORINIT=1.000000, 	LOCDATA=0, 	LOCISPOP=0, 	LOCPRIORSTEP=0.100000, 	MAXLOCPRIOR=20.000000, 	SEED=1641259029,	
[STRAT parameters]:    NUMSIMSTATS=1000,	PHENOTYPECOL=-9,	POOLFREQ=10,	LOCUSxONLY=0,	EMERROR=0.00100,	MISSINGPHENO=-9,	