

----------------------------------------------------
STRUCTURE by Pritchard, Stephens and Donnelly (2000)
     and Falush, Stephens and Pritchard (2003)
       Code by Pritchard, Falush and Hubisz
             Version 2.3.4 (Jul 2012)
----------------------------------------------------



Command line arguments:   ./structure -m mainparams -K 3 -i phonology_structure -L 14 -o outfile_phonology_structure_K3_run38 
Input File:    phonology_structure

Run parameters:
   60 individuals
   14 loci
   3 populations assumed
   10000 Burn-in period
   100000 Reps


--------------------------------------------
Overall proportion of membership of the
sample in each of the 3 clusters

Inferred Clusters
  1      2      3    
0.210  0.440  0.350  

--------------------------------------------

Allele-freq. divergence among pops (Net nucleotide distance),
computed using point estimates of P.

      1       2       3      
 1      -    0.2846  0.1438  
 2   0.2846     -    0.1467  
 3   0.1438  0.1467     -    

Average distances (expected heterozygosity) between individuals in same cluster:
cluster  1  : 0.1780 
cluster  2  : 0.1254 
cluster  3  : 0.3868 

--------------------------------------------
Estimated Ln Prob of Data   = -302.1
Mean value of ln likelihood = -276.5
Variance of ln likelihood   = 51.2
Mean value of alpha         = 0.0505

Mean value of Fst_1         = 0.6000
Mean value of Fst_2         = 0.6362
Mean value of Fst_3         = 0.0929


Inferred ancestry of individuals:
        Label (%Miss) :  Inferred clusters
  1 torg1245   (21)   :  0.021 0.950 0.029 
  2 oldj1239   (14)   :  0.122 0.024 0.854 
  3 crim1257    (0)   :  0.008 0.980 0.012 
  4 bash1264    (7)   :  0.009 0.978 0.013 
  5 anat1259    (0)   :  0.026 0.960 0.014 
  6 okin1246    (0)   :  0.974 0.012 0.013 
  7 yaku1245    (0)   :  0.016 0.932 0.051 
  8 daur1238    (0)   :  0.024 0.618 0.358 
  9 east2337   (14)   :  0.146 0.041 0.814 
 10 ikem1235    (7)   :  0.974 0.011 0.015 
 11 sibe1251    (0)   :  0.010 0.031 0.959 
 12 nort2697    (0)   :  0.025 0.958 0.017 
 13 bona1250    (0)   :  0.197 0.016 0.788 
 14 ulch1241   (14)   :  0.017 0.289 0.694 
 15 nort2935   (14)   :  0.952 0.014 0.034 
 16 gaga1249    (0)   :  0.037 0.945 0.018 
 17 tara1319    (0)   :  0.978 0.009 0.012 
 18 moma1245   (21)   :  0.023 0.049 0.928 
 19 manc1252    (0)   :  0.059 0.128 0.813 
 20 shor1247    (0)   :  0.011 0.974 0.015 
 21 kaza1248    (0)   :  0.008 0.980 0.012 
 22 midd1351   (14)   :  0.043 0.828 0.129 
 23 chag1247   (71)   :  0.206 0.419 0.375 
 24 huih1238   (14)   :  0.028 0.055 0.917 
 25 ordo1245    (0)   :  0.024 0.618 0.358 
 26 turk1303    (0)   :  0.011 0.976 0.013 
 27 negi1245    (0)   :  0.038 0.013 0.949 
 28 nana1257    (0)   :  0.016 0.018 0.965 
 29 nort2690    (7)   :  0.211 0.519 0.271 
 30 shur1243    (0)   :  0.971 0.010 0.019 
 31 minh1238    (0)   :  0.301 0.020 0.679 
 32 udih1248    (0)   :  0.024 0.031 0.945 
 33 oira1262   (14)   :  0.017 0.842 0.141 
 34 hate1238    (7)   :  0.870 0.063 0.067 
 35 tata1255    (0)   :  0.009 0.978 0.013 
 36 turk1304    (0)   :  0.011 0.975 0.014 
 37 oroc1248    (0)   :  0.016 0.021 0.963 
 38 chuv1255    (0)   :  0.041 0.831 0.128 
 39 noga1249   (14)   :  0.049 0.830 0.121 
 40 dong1285    (7)   :  0.166 0.029 0.806 
 41 halh1238   (14)   :  0.105 0.224 0.671 
 42 ogam1239    (0)   :  0.908 0.011 0.081 
 43 cent2126    (7)   :  0.965 0.017 0.018 
 44 yona1241   (14)   :  0.179 0.015 0.807 
 45 kore1280    (0)   :  0.196 0.020 0.784 
 46 tuvi1240    (0)   :  0.019 0.819 0.162 
 47 huzh1238    (7)   :  0.219 0.017 0.764 
 48 khak1248    (0)   :  0.011 0.974 0.015 
 49 oldu1238    (7)   :  0.011 0.971 0.018 
 50 nucl1643    (0)   :  0.973 0.013 0.014 
 51 orok1265   (14)   :  0.032 0.014 0.954 
 52 midd1372   (14)   :  0.171 0.010 0.819 
 53 mogh1245   (28)   :  0.096 0.463 0.441 
 54 uigh1240    (7)   :  0.010 0.978 0.012 
 55 kara1467   (14)   :  0.010 0.974 0.016 
 56 russ1264   (14)   :  0.014 0.961 0.026 
 57 sout2954    (0)   :  0.972 0.010 0.018 
 58 berj1234    (0)   :  0.016 0.019 0.965 
 59 kham1281    (0)   :  0.017 0.930 0.053 
 60 dolg1241    (0)   :  0.010 0.976 0.014 


Estimated Allele Frequencies in each cluster
First column gives estimated ancestral frequencies


Locus 1 : TE003 
2 alleles
3.3% missing data
   1   (0.308) 0.048 0.976 0.252 
   0   (0.692) 0.952 0.024 0.748 

Locus 2 : TE004 
2 alleles
3.3% missing data
   0   (0.706) 0.973 0.992 0.631 
   1   (0.294) 0.027 0.008 0.369 

Locus 3 : TE005 
2 alleles
18.3% missing data
   0   (0.566) 0.959 0.980 0.453 
   1   (0.434) 0.041 0.020 0.547 

Locus 4 : TE006 
2 alleles
26.7% missing data
   0   (0.687) 0.152 0.984 0.760 
   1   (0.313) 0.848 0.016 0.240 

Locus 5 : TE007 
2 alleles
6.7% missing data
   0   (0.734) 0.682 0.994 0.776 
   1   (0.266) 0.318 0.006 0.224 

Locus 6 : TE008 
2 alleles
1.7% missing data
   1   (0.668) 0.860 0.887 0.717 
   0   (0.332) 0.140 0.113 0.283 

Locus 7 : TE031 
2 alleles
1.7% missing data
   1   (0.794) 0.117 0.868 0.875 
   0   (0.206) 0.883 0.132 0.125 

Locus 8 : TE037 
2 alleles
1.7% missing data
   1   (0.414) 0.581 0.812 0.350 
   0   (0.586) 0.419 0.188 0.650 

Locus 9 : TE038 
2 alleles
1.7% missing data
   1   (0.664) 0.097 0.992 0.688 
   0   (0.336) 0.903 0.008 0.312 

Locus 10 : TE039 
2 alleles
5.0% missing data
   1   (0.681) 0.922 0.541 0.723 
   0   (0.319) 0.078 0.459 0.277 

Locus 11 : TE078 
2 alleles
3.3% missing data
   0   (0.807) 0.959 0.995 0.833 
   1   (0.193) 0.041 0.005 0.167 

Locus 12 : TS079 
2 alleles
10.0% missing data
   0   (0.769) 0.979 0.994 0.724 
   1   (0.231) 0.021 0.006 0.276 

Locus 13 : TS080 
2 alleles
10.0% missing data
   0   (0.781) 0.983 0.106 0.800 
   1   (0.219) 0.017 0.894 0.200 

Locus 14 : TS088 
2 alleles
1.7% missing data
   0   (0.604) 0.906 0.917 0.645 
   1   (0.396) 0.094 0.083 0.355 

Values of parameters used in structure:
DATAFILE=phonology_structure,	OUTFILE=outfile_phonology_structure_K3_run38,	NUMINDS=60,	NUMLOCI=14,	MISSING=-9,	LABEL=1,	POPDATA=0,	POPFLAG=0,	PHENOTYPE=0,	EXTRACOLS=0,	MAXPOPS=3,	BURNIN=10000,	NUMREPS=100000,	USEPOPINFO=0,	INFERALPHA=1,	INFERLAMBDA=0,	POPSPECIFICLAMBDA=0,	POPALPHAS=0,	COMPUTEPROB=1,	NOADMIX=0,	ADMBURNIN=500,	UPDATEFREQ=100,	PRINTLIKES=0,	INTERMEDSAVE=0,	PRINTKLD=0,	PRINTNET=1,	PRINTLAMBDA=1,	ANCESTDIST=0,	NUMBOXES=1000,	ANCESTPINT=0.90000,	GENSBACK=2,	MIGRPRIOR=0.01000,	PRINTQHAT=0,	PRINTQSUM=1,	ALPHA=1.0000,	FREQSCORR=1,	FPRIORMEAN=0.0100,	FPRIORSD=0.0500,	ONEFST=0,	LAMBDA=1.0000,	UNIFPRIORALPHA=1,	ALPHAMAX=10.0000,	ALPHAPRIORA=1.0000,	ALPHAPRIORB=2.0000,	ALPHAPROPSD=0.0250,	STARTATPOPINFO=0,	RANDOMIZE=1,	LINKAGE=0,	METROFREQ=10,	REPORTHITRATE=0,	MARKOVPHASE=0,	PHASED=0,	PLOIDY=1,	PHASEINFO=0	LOCPRIOR=0, 	LOCPRIORINIT=1.000000, 	LOCDATA=0, 	LOCISPOP=0, 	LOCPRIORSTEP=0.100000, 	MAXLOCPRIOR=20.000000, 	SEED=1641285935,	
[STRAT parameters]:    NUMSIMSTATS=1000,	PHENOTYPECOL=-9,	POOLFREQ=10,	LOCUSxONLY=0,	EMERROR=0.00100,	MISSINGPHENO=-9,	