

----------------------------------------------------
STRUCTURE by Pritchard, Stephens and Donnelly (2000)
     and Falush, Stephens and Pritchard (2003)
       Code by Pritchard, Falush and Hubisz
             Version 2.3.4 (Jul 2012)
----------------------------------------------------



Command line arguments:   ./structure -m mainparams -K 4 -i phonology_structure -L 14 -o outfile_phonology_structure_K4_run15 
Input File:    phonology_structure

Run parameters:
   60 individuals
   14 loci
   4 populations assumed
   10000 Burn-in period
   100000 Reps


--------------------------------------------
Overall proportion of membership of the
sample in each of the 4 clusters

Inferred Clusters
  1      2      3      4    
0.224  0.176  0.192  0.407  

--------------------------------------------

Allele-freq. divergence among pops (Net nucleotide distance),
computed using point estimates of P.

      1       2       3       4      
 1      -    0.1639  0.1447  0.1501  
 2   0.1639     -    0.2577  0.3181  
 3   0.1447  0.2577     -    0.2370  
 4   0.1501  0.3181  0.2370     -    

Average distances (expected heterozygosity) between individuals in same cluster:
cluster  1  : 0.4081 
cluster  2  : 0.1190 
cluster  3  : 0.2176 
cluster  4  : 0.1050 

--------------------------------------------
Estimated Ln Prob of Data   = -271.4
Mean value of ln likelihood = -237.6
Variance of ln likelihood   = 67.7
Mean value of alpha         = 0.0449

Mean value of Fst_1         = 0.0672
Mean value of Fst_2         = 0.6931
Mean value of Fst_3         = 0.5234
Mean value of Fst_4         = 0.6802


Inferred ancestry of individuals:
        Label (%Miss) :  Inferred clusters
  1 torg1245   (21)   :  0.026 0.017 0.019 0.938 
  2 oldj1239   (14)   :  0.240 0.067 0.662 0.032 
  3 crim1257    (0)   :  0.010 0.007 0.009 0.973 
  4 bash1264    (7)   :  0.014 0.007 0.009 0.970 
  5 anat1259    (0)   :  0.018 0.022 0.008 0.952 
  6 okin1246    (0)   :  0.011 0.971 0.009 0.010 
  7 yaku1245    (0)   :  0.050 0.017 0.062 0.871 
  8 daur1238    (0)   :  0.632 0.009 0.022 0.338 
  9 east2337   (14)   :  0.940 0.011 0.028 0.021 
 10 ikem1235    (7)   :  0.017 0.965 0.008 0.009 
 11 sibe1251    (0)   :  0.011 0.007 0.961 0.021 
 12 nort2697    (0)   :  0.015 0.023 0.008 0.954 
 13 bona1250    (0)   :  0.877 0.048 0.061 0.014 
 14 ulch1241   (14)   :  0.088 0.012 0.661 0.239 
 15 nort2935   (14)   :  0.017 0.951 0.021 0.011 
 16 gaga1249    (0)   :  0.017 0.036 0.010 0.937 
 17 tara1319    (0)   :  0.016 0.969 0.007 0.008 
 18 moma1245   (21)   :  0.032 0.014 0.934 0.020 
 19 manc1252    (0)   :  0.304 0.031 0.461 0.204 
 20 shor1247    (0)   :  0.014 0.010 0.012 0.964 
 21 kaza1248    (0)   :  0.011 0.007 0.009 0.973 
 22 midd1351   (14)   :  0.157 0.035 0.053 0.755 
 23 chag1247   (71)   :  0.547 0.122 0.069 0.263 
 24 huih1238   (14)   :  0.051 0.028 0.874 0.047 
 25 ordo1245    (0)   :  0.625 0.010 0.022 0.344 
 26 turk1303    (0)   :  0.012 0.010 0.011 0.967 
 27 negi1245    (0)   :  0.013 0.020 0.958 0.008 
 28 nana1257    (0)   :  0.018 0.012 0.956 0.014 
 29 nort2690    (7)   :  0.459 0.107 0.020 0.414 
 30 shur1243    (0)   :  0.016 0.962 0.014 0.008 
 31 minh1238    (0)   :  0.918 0.064 0.009 0.009 
 32 udih1248    (0)   :  0.024 0.019 0.931 0.026 
 33 oira1262   (14)   :  0.237 0.012 0.022 0.729 
 34 hate1238    (7)   :  0.049 0.840 0.046 0.065 
 35 tata1255    (0)   :  0.012 0.007 0.008 0.973 
 36 turk1304    (0)   :  0.012 0.010 0.011 0.967 
 37 oroc1248    (0)   :  0.024 0.016 0.933 0.026 
 38 chuv1255    (0)   :  0.319 0.033 0.017 0.631 
 39 noga1249   (14)   :  0.161 0.034 0.053 0.752 
 40 dong1285    (7)   :  0.934 0.015 0.031 0.020 
 41 halh1238   (14)   :  0.860 0.017 0.029 0.094 
 42 ogam1239    (0)   :  0.142 0.838 0.011 0.008 
 43 cent2126    (7)   :  0.013 0.961 0.011 0.014 
 44 yona1241   (14)   :  0.905 0.032 0.051 0.012 
 45 kore1280    (0)   :  0.952 0.027 0.010 0.011 
 46 tuvi1240    (0)   :  0.295 0.017 0.043 0.645 
 47 huzh1238    (7)   :  0.944 0.033 0.012 0.012 
 48 khak1248    (0)   :  0.011 0.010 0.012 0.967 
 49 oldu1238    (7)   :  0.014 0.010 0.019 0.957 
 50 nucl1643    (0)   :  0.010 0.970 0.009 0.010 
 51 orok1265   (14)   :  0.013 0.015 0.963 0.008 
 52 midd1372   (14)   :  0.954 0.015 0.024 0.007 
 53 mogh1245   (28)   :  0.246 0.059 0.228 0.467 
 54 uigh1240    (7)   :  0.013 0.008 0.009 0.970 
 55 kara1467   (14)   :  0.015 0.008 0.011 0.965 
 56 russ1264   (14)   :  0.019 0.013 0.017 0.951 
 57 sout2954    (0)   :  0.015 0.962 0.014 0.009 
 58 berj1234    (0)   :  0.014 0.010 0.965 0.011 
 59 kham1281    (0)   :  0.054 0.017 0.065 0.865 
 60 dolg1241    (0)   :  0.013 0.009 0.011 0.966 


Estimated Allele Frequencies in each cluster
First column gives estimated ancestral frequencies


Locus 1 : TE003 
2 alleles
3.3% missing data
   1   (0.428) 0.437 0.025 0.087 0.982 
   0   (0.572) 0.563 0.975 0.913 0.018 

Locus 2 : TE004 
2 alleles
3.3% missing data
   0   (0.807) 0.843 0.991 0.383 0.996 
   1   (0.193) 0.157 0.009 0.617 0.004 

Locus 3 : TE005 
2 alleles
18.3% missing data
   0   (0.748) 0.781 0.987 0.154 0.992 
   1   (0.252) 0.219 0.013 0.846 0.008 

Locus 4 : TE006 
2 alleles
26.7% missing data
   0   (0.580) 0.525 0.112 0.961 0.984 
   1   (0.420) 0.475 0.888 0.039 0.016 

Locus 5 : TE007 
2 alleles
6.7% missing data
   0   (0.670) 0.629 0.706 0.967 0.993 
   1   (0.330) 0.371 0.294 0.033 0.007 

Locus 6 : TE008 
2 alleles
1.7% missing data
   1   (0.566) 0.478 0.911 0.959 0.931 
   0   (0.434) 0.522 0.089 0.041 0.069 

Locus 7 : TE031 
2 alleles
1.7% missing data
   1   (0.739) 0.796 0.039 0.977 0.866 
   0   (0.261) 0.204 0.961 0.023 0.134 

Locus 8 : TE037 
2 alleles
1.7% missing data
   1   (0.477) 0.480 0.603 0.147 0.869 
   0   (0.523) 0.520 0.397 0.853 0.131 

Locus 9 : TE038 
2 alleles
1.7% missing data
   1   (0.656) 0.693 0.035 0.673 0.993 
   0   (0.344) 0.307 0.965 0.327 0.007 

Locus 10 : TE039 
2 alleles
5.0% missing data
   1   (0.598) 0.571 0.968 0.875 0.521 
   0   (0.402) 0.429 0.032 0.125 0.479 

Locus 11 : TE078 
2 alleles
3.3% missing data
   0   (0.779) 0.737 0.990 0.980 0.995 
   1   (0.221) 0.263 0.010 0.020 0.005 

Locus 12 : TS079 
2 alleles
10.0% missing data
   0   (0.829) 0.867 0.992 0.550 0.996 
   1   (0.171) 0.133 0.008 0.450 0.004 

Locus 13 : TS080 
2 alleles
10.0% missing data
   0   (0.730) 0.782 0.987 0.771 0.080 
   1   (0.270) 0.218 0.013 0.229 0.920 

Locus 14 : TS088 
2 alleles
1.7% missing data
   0   (0.479) 0.345 0.973 0.950 0.949 
   1   (0.521) 0.655 0.027 0.050 0.051 

Values of parameters used in structure:
DATAFILE=phonology_structure,	OUTFILE=outfile_phonology_structure_K4_run15,	NUMINDS=60,	NUMLOCI=14,	MISSING=-9,	LABEL=1,	POPDATA=0,	POPFLAG=0,	PHENOTYPE=0,	EXTRACOLS=0,	MAXPOPS=4,	BURNIN=10000,	NUMREPS=100000,	USEPOPINFO=0,	INFERALPHA=1,	INFERLAMBDA=0,	POPSPECIFICLAMBDA=0,	POPALPHAS=0,	COMPUTEPROB=1,	NOADMIX=0,	ADMBURNIN=500,	UPDATEFREQ=100,	PRINTLIKES=0,	INTERMEDSAVE=0,	PRINTKLD=0,	PRINTNET=1,	PRINTLAMBDA=1,	ANCESTDIST=0,	NUMBOXES=1000,	ANCESTPINT=0.90000,	GENSBACK=2,	MIGRPRIOR=0.01000,	PRINTQHAT=0,	PRINTQSUM=1,	ALPHA=1.0000,	FREQSCORR=1,	FPRIORMEAN=0.0100,	FPRIORSD=0.0500,	ONEFST=0,	LAMBDA=1.0000,	UNIFPRIORALPHA=1,	ALPHAMAX=10.0000,	ALPHAPRIORA=1.0000,	ALPHAPRIORB=2.0000,	ALPHAPROPSD=0.0250,	STARTATPOPINFO=0,	RANDOMIZE=1,	LINKAGE=0,	METROFREQ=10,	REPORTHITRATE=0,	MARKOVPHASE=0,	PHASED=0,	PLOIDY=1,	PHASEINFO=0	LOCPRIOR=0, 	LOCPRIORINIT=1.000000, 	LOCDATA=0, 	LOCISPOP=0, 	LOCPRIORSTEP=0.100000, 	MAXLOCPRIOR=20.000000, 	SEED=1641239316,	
[STRAT parameters]:    NUMSIMSTATS=1000,	PHENOTYPECOL=-9,	POOLFREQ=10,	LOCUSxONLY=0,	EMERROR=0.00100,	MISSINGPHENO=-9,	