

----------------------------------------------------
STRUCTURE by Pritchard, Stephens and Donnelly (2000)
     and Falush, Stephens and Pritchard (2003)
       Code by Pritchard, Falush and Hubisz
             Version 2.3.4 (Jul 2012)
----------------------------------------------------



Command line arguments:   ./structure -m mainparams -K 6 -i phonology_structure -L 14 -o outfile_phonology_structure_K6_run32 
Input File:    phonology_structure

Run parameters:
   60 individuals
   14 loci
   6 populations assumed
   10000 Burn-in period
   100000 Reps


--------------------------------------------
Overall proportion of membership of the
sample in each of the 6 clusters

Inferred Clusters
  1      2      3      4      5      6    
0.151  0.166  0.189  0.167  0.113  0.215  

--------------------------------------------

Allele-freq. divergence among pops (Net nucleotide distance),
computed using point estimates of P.

      1       2       3       4       5       6      
 1      -    0.1532  0.0081  0.1940  0.0137  0.0169  
 2   0.1532     -    0.1788  0.2732  0.1354  0.1953  
 3   0.0081  0.1788     -    0.2277  0.0382  0.0031  
 4   0.1940  0.2732  0.2277     -    0.1483  0.2318  
 5   0.0137  0.1354  0.0382  0.1483     -    0.0471  
 6   0.0169  0.1953  0.0031  0.2318  0.0471     -    

Average distances (expected heterozygosity) between individuals in same cluster:
cluster  1  : 0.3511 
cluster  2  : 0.1959 
cluster  3  : 0.2861 
cluster  4  : 0.1135 
cluster  5  : 0.4035 
cluster  6  : 0.2754 

--------------------------------------------
Estimated Ln Prob of Data   = -317.8
Mean value of ln likelihood = -229.9
Variance of ln likelihood   = 175.8
Mean value of alpha         = 0.0395

Mean value of Fst_1         = 0.3122
Mean value of Fst_2         = 0.5744
Mean value of Fst_3         = 0.4895
Mean value of Fst_4         = 0.6994
Mean value of Fst_5         = 0.0374
Mean value of Fst_6         = 0.4894


Inferred ancestry of individuals:
        Label (%Miss) :  Inferred clusters
  1 torg1245   (21)   :  0.208 0.016 0.332 0.016 0.037 0.391 
  2 oldj1239   (14)   :  0.124 0.396 0.090 0.055 0.239 0.095 
  3 crim1257    (0)   :  0.114 0.007 0.330 0.007 0.013 0.529 
  4 bash1264    (7)   :  0.113 0.007 0.330 0.006 0.013 0.531 
  5 anat1259    (0)   :  0.111 0.007 0.329 0.021 0.025 0.507 
  6 okin1246    (0)   :  0.009 0.008 0.010 0.951 0.013 0.009 
  7 yaku1245    (0)   :  0.327 0.040 0.342 0.014 0.064 0.213 
  8 daur1238    (0)   :  0.368 0.011 0.302 0.007 0.182 0.130 
  9 east2337   (14)   :  0.247 0.023 0.145 0.009 0.418 0.158 
 10 ikem1235    (7)   :  0.013 0.008 0.012 0.929 0.026 0.013 
 11 sibe1251    (0)   :  0.017 0.932 0.017 0.005 0.011 0.017 
 12 nort2697    (0)   :  0.114 0.006 0.332 0.020 0.025 0.503 
 13 bona1250    (0)   :  0.239 0.034 0.149 0.035 0.396 0.147 
 14 ulch1241   (14)   :  0.153 0.474 0.146 0.010 0.110 0.106 
 15 nort2935   (14)   :  0.018 0.018 0.014 0.912 0.025 0.013 
 16 gaga1249    (0)   :  0.166 0.010 0.327 0.045 0.030 0.422 
 17 tara1319    (0)   :  0.012 0.006 0.009 0.948 0.015 0.010 
 18 moma1245   (21)   :  0.032 0.852 0.031 0.013 0.045 0.027 
 19 manc1252    (0)   :  0.145 0.255 0.153 0.021 0.256 0.171 
 20 shor1247    (0)   :  0.206 0.010 0.339 0.009 0.018 0.418 
 21 kaza1248    (0)   :  0.112 0.007 0.333 0.006 0.013 0.528 
 22 midd1351   (14)   :  0.148 0.029 0.285 0.024 0.139 0.376 
 23 chag1247   (71)   :  0.217 0.036 0.197 0.083 0.270 0.198 
 24 huih1238   (14)   :  0.052 0.768 0.050 0.023 0.066 0.042 
 25 ordo1245    (0)   :  0.365 0.012 0.305 0.007 0.176 0.135 
 26 turk1303    (0)   :  0.207 0.011 0.339 0.009 0.019 0.416 
 27 negi1245    (0)   :  0.014 0.933 0.010 0.018 0.016 0.010 
 28 nana1257    (0)   :  0.018 0.921 0.015 0.011 0.023 0.013 
 29 nort2690    (7)   :  0.179 0.012 0.213 0.059 0.269 0.268 
 30 shur1243    (0)   :  0.012 0.012 0.009 0.943 0.015 0.009 
 31 minh1238    (0)   :  0.246 0.007 0.156 0.059 0.374 0.158 
 32 udih1248    (0)   :  0.033 0.869 0.027 0.016 0.030 0.025 
 33 oira1262   (14)   :  0.300 0.014 0.322 0.011 0.125 0.229 
 34 hate1238    (7)   :  0.044 0.030 0.052 0.756 0.067 0.052 
 35 tata1255    (0)   :  0.115 0.007 0.329 0.006 0.014 0.529 
 36 turk1304    (0)   :  0.214 0.010 0.338 0.009 0.018 0.411 
 37 oroc1248    (0)   :  0.022 0.891 0.022 0.015 0.027 0.023 
 38 chuv1255    (0)   :  0.258 0.012 0.269 0.025 0.201 0.234 
 39 noga1249   (14)   :  0.153 0.029 0.275 0.024 0.140 0.378 
 40 dong1285    (7)   :  0.268 0.018 0.180 0.013 0.341 0.181 
 41 halh1238   (14)   :  0.295 0.018 0.181 0.016 0.338 0.151 
 42 ogam1239    (0)   :  0.061 0.009 0.040 0.754 0.096 0.040 
 43 cent2126    (7)   :  0.011 0.010 0.011 0.941 0.015 0.012 
 44 yona1241   (14)   :  0.250 0.028 0.175 0.024 0.356 0.168 
 45 kore1280    (0)   :  0.252 0.009 0.180 0.026 0.365 0.168 
 46 tuvi1240    (0)   :  0.359 0.020 0.336 0.010 0.125 0.149 
 47 huzh1238    (7)   :  0.268 0.010 0.158 0.033 0.370 0.160 
 48 khak1248    (0)   :  0.201 0.011 0.345 0.009 0.018 0.416 
 49 oldu1238    (7)   :  0.205 0.015 0.339 0.009 0.022 0.411 
 50 nucl1643    (0)   :  0.012 0.008 0.009 0.950 0.012 0.010 
 51 orok1265   (14)   :  0.010 0.946 0.009 0.013 0.013 0.009 
 52 midd1372   (14)   :  0.256 0.017 0.169 0.013 0.371 0.174 
 53 mogh1245   (28)   :  0.154 0.108 0.200 0.047 0.201 0.289 
 54 uigh1240    (7)   :  0.114 0.007 0.328 0.007 0.013 0.531 
 55 kara1467   (14)   :  0.112 0.009 0.325 0.007 0.017 0.531 
 56 russ1264   (14)   :  0.206 0.015 0.332 0.012 0.033 0.403 
 57 sout2954    (0)   :  0.011 0.012 0.010 0.943 0.014 0.009 
 58 berj1234    (0)   :  0.013 0.932 0.014 0.009 0.020 0.011 
 59 kham1281    (0)   :  0.325 0.038 0.355 0.013 0.057 0.212 
 60 dolg1241    (0)   :  0.211 0.010 0.345 0.009 0.018 0.406 


Estimated Allele Frequencies in each cluster
First column gives estimated ancestral frequencies


Locus 1 : TE003 
2 alleles
3.3% missing data
   1   (0.448) 0.657 0.066 0.785 0.024 0.465 0.790 
   0   (0.552) 0.343 0.934 0.215 0.976 0.535 0.210 

Locus 2 : TE004 
2 alleles
3.3% missing data
   0   (0.839) 0.914 0.328 0.942 0.992 0.847 0.940 
   1   (0.161) 0.086 0.672 0.058 0.008 0.153 0.060 

Locus 3 : TE005 
2 alleles
18.3% missing data
   0   (0.751) 0.849 0.120 0.905 0.987 0.762 0.911 
   1   (0.249) 0.151 0.880 0.095 0.013 0.238 0.089 

Locus 4 : TE006 
2 alleles
26.7% missing data
   0   (0.590) 0.723 0.966 0.836 0.101 0.597 0.816 
   1   (0.410) 0.277 0.034 0.164 0.899 0.403 0.184 

Locus 5 : TE007 
2 alleles
6.7% missing data
   0   (0.692) 0.806 0.972 0.877 0.710 0.698 0.874 
   1   (0.308) 0.194 0.028 0.123 0.290 0.302 0.126 

Locus 6 : TE008 
2 alleles
1.7% missing data
   1   (0.600) 0.611 0.967 0.729 0.928 0.584 0.799 
   0   (0.400) 0.389 0.033 0.271 0.072 0.416 0.201 

Locus 7 : TE031 
2 alleles
1.7% missing data
   1   (0.755) 0.842 0.980 0.851 0.038 0.769 0.826 
   0   (0.245) 0.158 0.020 0.149 0.962 0.231 0.174 

Locus 8 : TE037 
2 alleles
1.7% missing data
   1   (0.513) 0.528 0.120 0.644 0.611 0.506 0.768 
   0   (0.487) 0.472 0.880 0.356 0.389 0.494 0.232 

Locus 9 : TE038 
2 alleles
1.7% missing data
   1   (0.672) 0.816 0.665 0.875 0.035 0.688 0.881 
   0   (0.328) 0.184 0.335 0.125 0.965 0.312 0.119 

Locus 10 : TE039 
2 alleles
5.0% missing data
   1   (0.579) 0.659 0.926 0.591 0.970 0.589 0.459 
   0   (0.421) 0.341 0.074 0.409 0.030 0.411 0.541 

Locus 11 : TE078 
2 alleles
3.3% missing data
   0   (0.816) 0.872 0.985 0.919 0.991 0.821 0.908 
   1   (0.184) 0.128 0.015 0.081 0.009 0.179 0.092 

Locus 12 : TS079 
2 alleles
10.0% missing data
   0   (0.868) 0.926 0.502 0.964 0.994 0.877 0.954 
   1   (0.132) 0.074 0.498 0.036 0.006 0.123 0.046 

Locus 13 : TS080 
2 alleles
10.0% missing data
   0   (0.774) 0.487 0.781 0.355 0.989 0.762 0.338 
   1   (0.226) 0.513 0.219 0.645 0.011 0.238 0.662 

Locus 14 : TS088 
2 alleles
1.7% missing data
   0   (0.505) 0.571 0.959 0.709 0.975 0.490 0.771 
   1   (0.495) 0.429 0.041 0.291 0.025 0.510 0.229 

Values of parameters used in structure:
DATAFILE=phonology_structure,	OUTFILE=outfile_phonology_structure_K6_run32,	NUMINDS=60,	NUMLOCI=14,	MISSING=-9,	LABEL=1,	POPDATA=0,	POPFLAG=0,	PHENOTYPE=0,	EXTRACOLS=0,	MAXPOPS=6,	BURNIN=10000,	NUMREPS=100000,	USEPOPINFO=0,	INFERALPHA=1,	INFERLAMBDA=0,	POPSPECIFICLAMBDA=0,	POPALPHAS=0,	COMPUTEPROB=1,	NOADMIX=0,	ADMBURNIN=500,	UPDATEFREQ=100,	PRINTLIKES=0,	INTERMEDSAVE=0,	PRINTKLD=0,	PRINTNET=1,	PRINTLAMBDA=1,	ANCESTDIST=0,	NUMBOXES=1000,	ANCESTPINT=0.90000,	GENSBACK=2,	MIGRPRIOR=0.01000,	PRINTQHAT=0,	PRINTQSUM=1,	ALPHA=1.0000,	FREQSCORR=1,	FPRIORMEAN=0.0100,	FPRIORSD=0.0500,	ONEFST=0,	LAMBDA=1.0000,	UNIFPRIORALPHA=1,	ALPHAMAX=10.0000,	ALPHAPRIORA=1.0000,	ALPHAPRIORB=2.0000,	ALPHAPROPSD=0.0250,	STARTATPOPINFO=0,	RANDOMIZE=1,	LINKAGE=0,	METROFREQ=10,	REPORTHITRATE=0,	MARKOVPHASE=0,	PHASED=0,	PLOIDY=1,	PHASEINFO=0	LOCPRIOR=0, 	LOCPRIORINIT=1.000000, 	LOCDATA=0, 	LOCISPOP=0, 	LOCPRIORSTEP=0.100000, 	MAXLOCPRIOR=20.000000, 	SEED=1641282773,	
[STRAT parameters]:    NUMSIMSTATS=1000,	PHENOTYPECOL=-9,	POOLFREQ=10,	LOCUSxONLY=0,	EMERROR=0.00100,	MISSINGPHENO=-9,	