

----------------------------------------------------
STRUCTURE by Pritchard, Stephens and Donnelly (2000)
     and Falush, Stephens and Pritchard (2003)
       Code by Pritchard, Falush and Hubisz
             Version 2.3.4 (Jul 2012)
----------------------------------------------------



Command line arguments:   ./structure -m mainparams -K 6 -i phonology_structure -L 14 -o outfile_phonology_structure_K6_run41 
Input File:    phonology_structure

Run parameters:
   60 individuals
   14 loci
   6 populations assumed
   10000 Burn-in period
   100000 Reps


--------------------------------------------
Overall proportion of membership of the
sample in each of the 6 clusters

Inferred Clusters
  1      2      3      4      5      6    
0.168  0.128  0.165  0.194  0.228  0.117  

--------------------------------------------

Allele-freq. divergence among pops (Net nucleotide distance),
computed using point estimates of P.

      1       2       3       4       5       6      
 1      -    0.1617  0.2714  0.2423  0.2977  0.1507  
 2   0.1617     -    0.1351  0.0347  0.0730  0.0009  
 3   0.2714  0.1351     -    0.1833  0.2277  0.1266  
 4   0.2423  0.0347  0.1833     -    0.0071  0.0430  
 5   0.2977  0.0730  0.2277  0.0071     -    0.0845  
 6   0.1507  0.0009  0.1266  0.0430  0.0845     -    

Average distances (expected heterozygosity) between individuals in same cluster:
cluster  1  : 0.1129 
cluster  2  : 0.3989 
cluster  3  : 0.2023 
cluster  4  : 0.2708 
cluster  5  : 0.1668 
cluster  6  : 0.4093 

--------------------------------------------
Estimated Ln Prob of Data   = -321.7
Mean value of ln likelihood = -229.8
Variance of ln likelihood   = 183.8
Mean value of alpha         = 0.0396

Mean value of Fst_1         = 0.7081
Mean value of Fst_2         = 0.1496
Mean value of Fst_3         = 0.5588
Mean value of Fst_4         = 0.5066
Mean value of Fst_5         = 0.6685
Mean value of Fst_6         = 0.0574


Inferred ancestry of individuals:
        Label (%Miss) :  Inferred clusters
  1 torg1245   (21)   :  0.016 0.091 0.016 0.345 0.482 0.050 
  2 oldj1239   (14)   :  0.058 0.185 0.405 0.085 0.029 0.237 
  3 crim1257    (0)   :  0.007 0.029 0.007 0.394 0.542 0.021 
  4 bash1264    (7)   :  0.006 0.030 0.007 0.390 0.551 0.015 
  5 anat1259    (0)   :  0.022 0.038 0.007 0.378 0.526 0.029 
  6 okin1246    (0)   :  0.956 0.010 0.008 0.009 0.008 0.010 
  7 yaku1245    (0)   :  0.013 0.150 0.040 0.304 0.420 0.072 
  8 daur1238    (0)   :  0.006 0.216 0.011 0.295 0.316 0.155 
  9 east2337   (14)   :  0.011 0.382 0.025 0.170 0.045 0.366 
 10 ikem1235    (7)   :  0.943 0.015 0.008 0.010 0.008 0.016 
 11 sibe1251    (0)   :  0.005 0.019 0.921 0.017 0.018 0.019 
 12 nort2697    (0)   :  0.022 0.039 0.007 0.376 0.533 0.023 
 13 bona1250    (0)   :  0.037 0.381 0.040 0.134 0.025 0.383 
 14 ulch1241   (14)   :  0.011 0.109 0.485 0.140 0.154 0.101 
 15 nort2935   (14)   :  0.917 0.018 0.019 0.014 0.010 0.022 
 16 gaga1249    (0)   :  0.045 0.067 0.010 0.343 0.492 0.042 
 17 tara1319    (0)   :  0.952 0.012 0.006 0.010 0.007 0.012 
 18 moma1245   (21)   :  0.013 0.047 0.834 0.030 0.023 0.054 
 19 manc1252    (0)   :  0.021 0.231 0.218 0.133 0.106 0.290 
 20 shor1247    (0)   :  0.009 0.086 0.011 0.358 0.502 0.033 
 21 kaza1248    (0)   :  0.006 0.030 0.007 0.386 0.553 0.017 
 22 midd1351   (14)   :  0.022 0.125 0.031 0.310 0.367 0.145 
 23 chag1247   (71)   :  0.085 0.245 0.043 0.194 0.166 0.267 
 24 huih1238   (14)   :  0.023 0.061 0.750 0.048 0.047 0.072 
 25 ordo1245    (0)   :  0.007 0.212 0.011 0.288 0.320 0.162 
 26 turk1303    (0)   :  0.009 0.078 0.011 0.346 0.521 0.035 
 27 negi1245    (0)   :  0.019 0.019 0.918 0.012 0.009 0.023 
 28 nana1257    (0)   :  0.012 0.028 0.905 0.017 0.013 0.025 
 29 nort2690    (7)   :  0.061 0.220 0.015 0.227 0.195 0.283 
 30 shur1243    (0)   :  0.945 0.013 0.012 0.010 0.008 0.012 
 31 minh1238    (0)   :  0.063 0.373 0.009 0.140 0.027 0.386 
 32 udih1248    (0)   :  0.016 0.035 0.857 0.030 0.024 0.038 
 33 oira1262   (14)   :  0.011 0.176 0.016 0.289 0.380 0.129 
 34 hate1238    (7)   :  0.755 0.055 0.033 0.047 0.044 0.067 
 35 tata1255    (0)   :  0.006 0.029 0.007 0.391 0.549 0.017 
 36 turk1304    (0)   :  0.008 0.080 0.012 0.361 0.500 0.039 
 37 oroc1248    (0)   :  0.014 0.030 0.872 0.024 0.021 0.039 
 38 chuv1255    (0)   :  0.025 0.210 0.014 0.278 0.288 0.186 
 39 noga1249   (14)   :  0.023 0.129 0.030 0.313 0.360 0.144 
 40 dong1285    (7)   :  0.013 0.399 0.023 0.134 0.032 0.399 
 41 halh1238   (14)   :  0.016 0.315 0.022 0.207 0.133 0.307 
 42 ogam1239    (0)   :  0.770 0.078 0.010 0.039 0.015 0.088 
 43 cent2126    (7)   :  0.944 0.013 0.010 0.011 0.010 0.013 
 44 yona1241   (14)   :  0.026 0.399 0.032 0.136 0.021 0.386 
 45 kore1280    (0)   :  0.027 0.397 0.011 0.148 0.039 0.378 
 46 tuvi1240    (0)   :  0.010 0.190 0.019 0.306 0.359 0.117 
 47 huzh1238    (7)   :  0.034 0.402 0.017 0.134 0.032 0.380 
 48 khak1248    (0)   :  0.009 0.084 0.010 0.352 0.510 0.035 
 49 oldu1238    (7)   :  0.009 0.083 0.014 0.357 0.499 0.038 
 50 nucl1643    (0)   :  0.951 0.013 0.008 0.009 0.009 0.011 
 51 orok1265   (14)   :  0.014 0.017 0.933 0.010 0.008 0.019 
 52 midd1372   (14)   :  0.013 0.425 0.020 0.131 0.019 0.393 
 53 mogh1245   (28)   :  0.042 0.177 0.106 0.218 0.241 0.216 
 54 uigh1240    (7)   :  0.007 0.029 0.008 0.388 0.552 0.016 
 55 kara1467   (14)   :  0.007 0.032 0.009 0.386 0.543 0.022 
 56 russ1264   (14)   :  0.010 0.091 0.016 0.347 0.494 0.043 
 57 sout2954    (0)   :  0.946 0.013 0.012 0.009 0.007 0.013 
 58 berj1234    (0)   :  0.010 0.019 0.927 0.012 0.010 0.021 
 59 kham1281    (0)   :  0.014 0.136 0.039 0.309 0.432 0.071 
 60 dolg1241    (0)   :  0.009 0.084 0.011 0.357 0.504 0.035 


Estimated Allele Frequencies in each cluster
First column gives estimated ancestral frequencies


Locus 1 : TE003 
2 alleles
3.3% missing data
   1   (0.433) 0.023 0.503 0.070 0.812 0.942 0.456 
   0   (0.567) 0.977 0.497 0.930 0.188 0.058 0.544 

Locus 2 : TE004 
2 alleles
3.3% missing data
   0   (0.810) 0.991 0.853 0.338 0.944 0.984 0.822 
   1   (0.190) 0.009 0.147 0.662 0.056 0.016 0.178 

Locus 3 : TE005 
2 alleles
18.3% missing data
   0   (0.742) 0.987 0.795 0.123 0.905 0.972 0.755 
   1   (0.258) 0.013 0.205 0.877 0.095 0.028 0.245 

Locus 4 : TE006 
2 alleles
26.7% missing data
   0   (0.594) 0.097 0.625 0.962 0.853 0.953 0.595 
   1   (0.406) 0.903 0.375 0.038 0.147 0.047 0.405 

Locus 5 : TE007 
2 alleles
6.7% missing data
   0   (0.709) 0.705 0.722 0.971 0.899 0.970 0.714 
   1   (0.291) 0.295 0.278 0.029 0.101 0.030 0.286 

Locus 6 : TE008 
2 alleles
1.7% missing data
   1   (0.608) 0.930 0.583 0.963 0.735 0.822 0.604 
   0   (0.392) 0.070 0.417 0.037 0.265 0.178 0.396 

Locus 7 : TE031 
2 alleles
1.7% missing data
   1   (0.766) 0.037 0.807 0.978 0.853 0.876 0.787 
   0   (0.234) 0.963 0.193 0.022 0.147 0.124 0.213 

Locus 8 : TE037 
2 alleles
1.7% missing data
   1   (0.533) 0.611 0.527 0.128 0.681 0.758 0.535 
   0   (0.467) 0.389 0.473 0.872 0.319 0.242 0.465 

Locus 9 : TE038 
2 alleles
1.7% missing data
   1   (0.678) 0.034 0.729 0.665 0.901 0.972 0.696 
   0   (0.322) 0.966 0.271 0.335 0.099 0.028 0.304 

Locus 10 : TE039 
2 alleles
5.0% missing data
   1   (0.577) 0.970 0.604 0.919 0.574 0.564 0.577 
   0   (0.423) 0.030 0.396 0.081 0.426 0.436 0.423 

Locus 11 : TE078 
2 alleles
3.3% missing data
   0   (0.801) 0.991 0.805 0.981 0.927 0.981 0.802 
   1   (0.199) 0.009 0.195 0.019 0.073 0.019 0.198 

Locus 12 : TS079 
2 alleles
10.0% missing data
   0   (0.841) 0.993 0.879 0.506 0.953 0.985 0.855 
   1   (0.159) 0.007 0.121 0.494 0.047 0.015 0.145 

Locus 13 : TS080 
2 alleles
10.0% missing data
   0   (0.744) 0.988 0.672 0.771 0.302 0.140 0.729 
   1   (0.256) 0.012 0.328 0.229 0.698 0.860 0.271 

Locus 14 : TS088 
2 alleles
1.7% missing data
   0   (0.535) 0.977 0.514 0.954 0.737 0.844 0.526 
   1   (0.465) 0.023 0.486 0.046 0.263 0.156 0.474 

Values of parameters used in structure:
DATAFILE=phonology_structure,	OUTFILE=outfile_phonology_structure_K6_run41,	NUMINDS=60,	NUMLOCI=14,	MISSING=-9,	LABEL=1,	POPDATA=0,	POPFLAG=0,	PHENOTYPE=0,	EXTRACOLS=0,	MAXPOPS=6,	BURNIN=10000,	NUMREPS=100000,	USEPOPINFO=0,	INFERALPHA=1,	INFERLAMBDA=0,	POPSPECIFICLAMBDA=0,	POPALPHAS=0,	COMPUTEPROB=1,	NOADMIX=0,	ADMBURNIN=500,	UPDATEFREQ=100,	PRINTLIKES=0,	INTERMEDSAVE=0,	PRINTKLD=0,	PRINTNET=1,	PRINTLAMBDA=1,	ANCESTDIST=0,	NUMBOXES=1000,	ANCESTPINT=0.90000,	GENSBACK=2,	MIGRPRIOR=0.01000,	PRINTQHAT=0,	PRINTQSUM=1,	ALPHA=1.0000,	FREQSCORR=1,	FPRIORMEAN=0.0100,	FPRIORSD=0.0500,	ONEFST=0,	LAMBDA=1.0000,	UNIFPRIORALPHA=1,	ALPHAMAX=10.0000,	ALPHAPRIORA=1.0000,	ALPHAPRIORB=2.0000,	ALPHAPROPSD=0.0250,	STARTATPOPINFO=0,	RANDOMIZE=1,	LINKAGE=0,	METROFREQ=10,	REPORTHITRATE=0,	MARKOVPHASE=0,	PHASED=0,	PLOIDY=1,	PHASEINFO=0	LOCPRIOR=0, 	LOCPRIORINIT=1.000000, 	LOCDATA=0, 	LOCISPOP=0, 	LOCPRIORSTEP=0.100000, 	MAXLOCPRIOR=20.000000, 	SEED=1641287800,	
[STRAT parameters]:    NUMSIMSTATS=1000,	PHENOTYPECOL=-9,	POOLFREQ=10,	LOCUSxONLY=0,	EMERROR=0.00100,	MISSINGPHENO=-9,	