

----------------------------------------------------
STRUCTURE by Pritchard, Stephens and Donnelly (2000)
     and Falush, Stephens and Pritchard (2003)
       Code by Pritchard, Falush and Hubisz
             Version 2.3.4 (Jul 2012)
----------------------------------------------------



Command line arguments:   ./structure -m mainparams -K 3 -i phonology_structure -L 14 -o outfile_phonology_structure_K3_run17 
Input File:    phonology_structure

Run parameters:
   60 individuals
   14 loci
   3 populations assumed
   10000 Burn-in period
   100000 Reps


--------------------------------------------
Overall proportion of membership of the
sample in each of the 3 clusters

Inferred Clusters
  1      2      3    
0.187  0.377  0.435  

--------------------------------------------

Allele-freq. divergence among pops (Net nucleotide distance),
computed using point estimates of P.

      1       2       3      
 1      -    0.1609  0.3093  
 2   0.1609     -    0.1417  
 3   0.3093  0.1417     -    

Average distances (expected heterozygosity) between individuals in same cluster:
cluster  1  : 0.1309 
cluster  2  : 0.3993 
cluster  3  : 0.1221 

--------------------------------------------
Estimated Ln Prob of Data   = -301.7
Mean value of ln likelihood = -277.2
Variance of ln likelihood   = 49.0
Mean value of alpha         = 0.0516

Mean value of Fst_1         = 0.6773
Mean value of Fst_2         = 0.0207
Mean value of Fst_3         = 0.6452


Inferred ancestry of individuals:
        Label (%Miss) :  Inferred clusters
  1 torg1245   (21)   :  0.019 0.036 0.945 
  2 oldj1239   (14)   :  0.072 0.908 0.021 
  3 crim1257    (0)   :  0.008 0.013 0.979 
  4 bash1264    (7)   :  0.008 0.013 0.978 
  5 anat1259    (0)   :  0.028 0.015 0.956 
  6 okin1246    (0)   :  0.976 0.012 0.012 
  7 yaku1245    (0)   :  0.017 0.060 0.924 
  8 daur1238    (0)   :  0.012 0.419 0.569 
  9 east2337   (14)   :  0.018 0.948 0.035 
 10 ikem1235    (7)   :  0.974 0.015 0.011 
 11 sibe1251    (0)   :  0.010 0.958 0.032 
 12 nort2697    (0)   :  0.028 0.015 0.956 
 13 bona1250    (0)   :  0.067 0.917 0.016 
 14 ulch1241   (14)   :  0.016 0.675 0.309 
 15 nort2935   (14)   :  0.964 0.023 0.013 
 16 gaga1249    (0)   :  0.041 0.020 0.940 
 17 tara1319    (0)   :  0.978 0.013 0.009 
 18 moma1245   (21)   :  0.023 0.926 0.051 
 19 manc1252    (0)   :  0.028 0.866 0.106 
 20 shor1247    (0)   :  0.011 0.016 0.973 
 21 kaza1248    (0)   :  0.009 0.013 0.978 
 22 midd1351   (14)   :  0.037 0.156 0.807 
 23 chag1247   (71)   :  0.163 0.429 0.407 
 24 huih1238   (14)   :  0.030 0.916 0.054 
 25 ordo1245    (0)   :  0.012 0.418 0.570 
 26 turk1303    (0)   :  0.011 0.014 0.975 
 27 negi1245    (0)   :  0.040 0.947 0.013 
 28 nana1257    (0)   :  0.018 0.962 0.021 
 29 nort2690    (7)   :  0.154 0.308 0.538 
 30 shur1243    (0)   :  0.974 0.017 0.010 
 31 minh1238    (0)   :  0.188 0.790 0.022 
 32 udih1248    (0)   :  0.026 0.941 0.033 
 33 oira1262   (14)   :  0.013 0.165 0.822 
 34 hate1238    (7)   :  0.863 0.070 0.066 
 35 tata1255    (0)   :  0.008 0.013 0.978 
 36 turk1304    (0)   :  0.011 0.014 0.974 
 37 oroc1248    (0)   :  0.015 0.964 0.021 
 38 chuv1255    (0)   :  0.041 0.153 0.806 
 39 noga1249   (14)   :  0.036 0.147 0.817 
 40 dong1285    (7)   :  0.021 0.952 0.027 
 41 halh1238   (14)   :  0.027 0.786 0.187 
 42 ogam1239    (0)   :  0.907 0.081 0.011 
 43 cent2126    (7)   :  0.968 0.016 0.016 
 44 yona1241   (14)   :  0.032 0.953 0.014 
 45 kore1280    (0)   :  0.053 0.928 0.020 
 46 tuvi1240    (0)   :  0.019 0.186 0.795 
 47 huzh1238    (7)   :  0.089 0.892 0.019 
 48 khak1248    (0)   :  0.011 0.014 0.975 
 49 oldu1238    (7)   :  0.012 0.018 0.970 
 50 nucl1643    (0)   :  0.977 0.011 0.012 
 51 orok1265   (14)   :  0.032 0.954 0.014 
 52 midd1372   (14)   :  0.024 0.967 0.009 
 53 mogh1245   (28)   :  0.068 0.472 0.460 
 54 uigh1240    (7)   :  0.009 0.013 0.978 
 55 kara1467   (14)   :  0.009 0.016 0.975 
 56 russ1264   (14)   :  0.014 0.031 0.954 
 57 sout2954    (0)   :  0.974 0.016 0.010 
 58 berj1234    (0)   :  0.019 0.962 0.020 
 59 kham1281    (0)   :  0.018 0.058 0.924 
 60 dolg1241    (0)   :  0.011 0.015 0.974 


Estimated Allele Frequencies in each cluster
First column gives estimated ancestral frequencies


Locus 1 : TE003 
2 alleles
3.3% missing data
   1   (0.294) 0.020 0.274 0.976 
   0   (0.706) 0.980 0.726 0.024 

Locus 2 : TE004 
2 alleles
3.3% missing data
   0   (0.684) 0.983 0.667 0.992 
   1   (0.316) 0.017 0.333 0.008 

Locus 3 : TE005 
2 alleles
18.3% missing data
   0   (0.512) 0.972 0.481 0.978 
   1   (0.488) 0.028 0.519 0.022 

Locus 4 : TE006 
2 alleles
26.7% missing data
   0   (0.713) 0.130 0.725 0.985 
   1   (0.287) 0.870 0.275 0.015 

Locus 5 : TE007 
2 alleles
6.7% missing data
   0   (0.753) 0.693 0.760 0.994 
   1   (0.247) 0.307 0.240 0.006 

Locus 6 : TE008 
2 alleles
1.7% missing data
   1   (0.676) 0.893 0.681 0.896 
   0   (0.324) 0.107 0.319 0.104 

Locus 7 : TE031 
2 alleles
1.7% missing data
   1   (0.837) 0.052 0.870 0.872 
   0   (0.163) 0.948 0.130 0.128 

Locus 8 : TE037 
2 alleles
1.7% missing data
   1   (0.397) 0.584 0.380 0.817 
   0   (0.603) 0.416 0.620 0.183 

Locus 9 : TE038 
2 alleles
1.7% missing data
   1   (0.655) 0.046 0.665 0.992 
   0   (0.345) 0.954 0.335 0.008 

Locus 10 : TE039 
2 alleles
5.0% missing data
   1   (0.672) 0.967 0.677 0.539 
   0   (0.328) 0.033 0.323 0.461 

Locus 11 : TE078 
2 alleles
3.3% missing data
   0   (0.833) 0.990 0.833 0.996 
   1   (0.167) 0.010 0.167 0.004 

Locus 12 : TS079 
2 alleles
10.0% missing data
   0   (0.772) 0.989 0.765 0.994 
   1   (0.228) 0.011 0.235 0.006 

Locus 13 : TS080 
2 alleles
10.0% missing data
   0   (0.759) 0.989 0.778 0.101 
   1   (0.241) 0.011 0.222 0.899 

Locus 14 : TS088 
2 alleles
1.7% missing data
   0   (0.593) 0.967 0.582 0.924 
   1   (0.407) 0.033 0.418 0.076 

Values of parameters used in structure:
DATAFILE=phonology_structure,	OUTFILE=outfile_phonology_structure_K3_run17,	NUMINDS=60,	NUMLOCI=14,	MISSING=-9,	LABEL=1,	POPDATA=0,	POPFLAG=0,	PHENOTYPE=0,	EXTRACOLS=0,	MAXPOPS=3,	BURNIN=10000,	NUMREPS=100000,	USEPOPINFO=0,	INFERALPHA=1,	INFERLAMBDA=0,	POPSPECIFICLAMBDA=0,	POPALPHAS=0,	COMPUTEPROB=1,	NOADMIX=0,	ADMBURNIN=500,	UPDATEFREQ=100,	PRINTLIKES=0,	INTERMEDSAVE=0,	PRINTKLD=0,	PRINTNET=1,	PRINTLAMBDA=1,	ANCESTDIST=0,	NUMBOXES=1000,	ANCESTPINT=0.90000,	GENSBACK=2,	MIGRPRIOR=0.01000,	PRINTQHAT=0,	PRINTQSUM=1,	ALPHA=1.0000,	FREQSCORR=1,	FPRIORMEAN=0.0100,	FPRIORSD=0.0500,	ONEFST=0,	LAMBDA=1.0000,	UNIFPRIORALPHA=1,	ALPHAMAX=10.0000,	ALPHAPRIORA=1.0000,	ALPHAPRIORB=2.0000,	ALPHAPROPSD=0.0250,	STARTATPOPINFO=0,	RANDOMIZE=1,	LINKAGE=0,	METROFREQ=10,	REPORTHITRATE=0,	MARKOVPHASE=0,	PHASED=0,	PLOIDY=1,	PHASEINFO=0	LOCPRIOR=0, 	LOCPRIORINIT=1.000000, 	LOCDATA=0, 	LOCISPOP=0, 	LOCPRIORSTEP=0.100000, 	MAXLOCPRIOR=20.000000, 	SEED=1641243226,	
[STRAT parameters]:    NUMSIMSTATS=1000,	PHENOTYPECOL=-9,	POOLFREQ=10,	LOCUSxONLY=0,	EMERROR=0.00100,	MISSINGPHENO=-9,	