

----------------------------------------------------
STRUCTURE by Pritchard, Stephens and Donnelly (2000)
     and Falush, Stephens and Pritchard (2003)
       Code by Pritchard, Falush and Hubisz
             Version 2.3.4 (Jul 2012)
----------------------------------------------------



Command line arguments:   ./structure -m mainparams -K 5 -i phonology_structure -L 14 -o outfile_phonology_structure_K5_run32 
Input File:    phonology_structure

Run parameters:
   60 individuals
   14 loci
   5 populations assumed
   10000 Burn-in period
   100000 Reps


--------------------------------------------
Overall proportion of membership of the
sample in each of the 5 clusters

Inferred Clusters
  1      2      3      4      5    
0.178  0.173  0.176  0.294  0.179  

--------------------------------------------

Allele-freq. divergence among pops (Net nucleotide distance),
computed using point estimates of P.

      1       2       3       4       5      
 1      -    0.2217  0.0172  0.0753  0.1610  
 2   0.2217     -    0.1688  0.3254  0.2654  
 3   0.0172  0.1688     -    0.1208  0.1451  
 4   0.0753  0.3254  0.1208     -    0.2684  
 5   0.1610  0.2654  0.1451  0.2684     -    

Average distances (expected heterozygosity) between individuals in same cluster:
cluster  1  : 0.3192 
cluster  2  : 0.1154 
cluster  3  : 0.3966 
cluster  4  : 0.0898 
cluster  5  : 0.2040 

--------------------------------------------
Estimated Ln Prob of Data   = -297.6
Mean value of ln likelihood = -222.2
Variance of ln likelihood   = 150.6
Mean value of alpha         = 0.0408

Mean value of Fst_1         = 0.4016
Mean value of Fst_2         = 0.6953
Mean value of Fst_3         = 0.2140
Mean value of Fst_4         = 0.7300
Mean value of Fst_5         = 0.5477


Inferred ancestry of individuals:
        Label (%Miss) :  Inferred clusters
  1 torg1245   (21)   :  0.245 0.018 0.113 0.607 0.017 
  2 oldj1239   (14)   :  0.109 0.062 0.235 0.038 0.556 
  3 crim1257    (0)   :  0.036 0.007 0.021 0.929 0.008 
  4 bash1264    (7)   :  0.032 0.006 0.020 0.934 0.008 
  5 anat1259    (0)   :  0.055 0.021 0.033 0.884 0.007 
  6 okin1246    (0)   :  0.010 0.964 0.009 0.009 0.008 
  7 yaku1245    (0)   :  0.509 0.013 0.211 0.228 0.038 
  8 daur1238    (0)   :  0.630 0.006 0.319 0.033 0.012 
  9 east2337   (14)   :  0.322 0.011 0.620 0.017 0.030 
 10 ikem1235    (7)   :  0.010 0.955 0.018 0.009 0.008 
 11 sibe1251    (0)   :  0.017 0.005 0.013 0.017 0.947 
 12 nort2697    (0)   :  0.051 0.021 0.032 0.889 0.007 
 13 bona1250    (0)   :  0.281 0.037 0.625 0.011 0.046 
 14 ulch1241   (14)   :  0.228 0.011 0.131 0.104 0.526 
 15 nort2935   (14)   :  0.016 0.936 0.018 0.010 0.020 
 16 gaga1249    (0)   :  0.178 0.044 0.084 0.684 0.010 
 17 tara1319    (0)   :  0.009 0.961 0.017 0.007 0.006 
 18 moma1245   (21)   :  0.032 0.014 0.032 0.018 0.904 
 19 manc1252    (0)   :  0.117 0.027 0.219 0.248 0.389 
 20 shor1247    (0)   :  0.257 0.009 0.102 0.621 0.012 
 21 kaza1248    (0)   :  0.041 0.007 0.020 0.924 0.008 
 22 midd1351   (14)   :  0.075 0.026 0.092 0.774 0.033 
 23 chag1247   (71)   :  0.273 0.106 0.323 0.250 0.049 
 24 huih1238   (14)   :  0.054 0.023 0.050 0.036 0.836 
 25 ordo1245    (0)   :  0.636 0.007 0.314 0.032 0.011 
 26 turk1303    (0)   :  0.254 0.009 0.103 0.622 0.011 
 27 negi1245    (0)   :  0.010 0.017 0.013 0.007 0.953 
 28 nana1257    (0)   :  0.016 0.012 0.016 0.011 0.946 
 29 nort2690    (7)   :  0.164 0.092 0.269 0.461 0.014 
 30 shur1243    (0)   :  0.010 0.959 0.011 0.007 0.012 
 31 minh1238    (0)   :  0.288 0.059 0.636 0.009 0.007 
 32 udih1248    (0)   :  0.028 0.017 0.027 0.021 0.908 
 33 oira1262   (14)   :  0.475 0.012 0.253 0.245 0.015 
 34 hate1238    (7)   :  0.036 0.824 0.041 0.061 0.038 
 35 tata1255    (0)   :  0.037 0.006 0.021 0.928 0.007 
 36 turk1304    (0)   :  0.248 0.010 0.105 0.626 0.011 
 37 oroc1248    (0)   :  0.019 0.015 0.023 0.024 0.918 
 38 chuv1255    (0)   :  0.392 0.034 0.267 0.293 0.013 
 39 noga1249   (14)   :  0.086 0.026 0.100 0.757 0.031 
 40 dong1285    (7)   :  0.297 0.015 0.646 0.020 0.022 
 41 halh1238   (14)   :  0.424 0.019 0.492 0.039 0.025 
 42 ogam1239    (0)   :  0.066 0.803 0.115 0.006 0.010 
 43 cent2126    (7)   :  0.011 0.954 0.014 0.012 0.010 
 44 yona1241   (14)   :  0.294 0.029 0.631 0.012 0.034 
 45 kore1280    (0)   :  0.320 0.025 0.636 0.009 0.010 
 46 tuvi1240    (0)   :  0.615 0.009 0.277 0.079 0.019 
 47 huzh1238    (7)   :  0.299 0.031 0.650 0.010 0.010 
 48 khak1248    (0)   :  0.253 0.010 0.102 0.624 0.011 
 49 oldu1238    (7)   :  0.257 0.009 0.110 0.609 0.015 
 50 nucl1643    (0)   :  0.009 0.964 0.010 0.010 0.008 
 51 orok1265   (14)   :  0.009 0.014 0.013 0.007 0.956 
 52 midd1372   (14)   :  0.297 0.012 0.665 0.007 0.019 
 53 mogh1245   (28)   :  0.105 0.054 0.175 0.505 0.161 
 54 uigh1240    (7)   :  0.039 0.008 0.024 0.922 0.008 
 55 kara1467   (14)   :  0.035 0.007 0.022 0.927 0.009 
 56 russ1264   (14)   :  0.244 0.012 0.106 0.620 0.018 
 57 sout2954    (0)   :  0.011 0.957 0.012 0.007 0.012 
 58 berj1234    (0)   :  0.011 0.009 0.013 0.010 0.956 
 59 kham1281    (0)   :  0.517 0.013 0.210 0.223 0.037 
 60 dolg1241    (0)   :  0.253 0.010 0.107 0.619 0.011 


Estimated Allele Frequencies in each cluster
First column gives estimated ancestral frequencies


Locus 1 : TE003 
2 alleles
3.3% missing data
   1   (0.427) 0.737 0.024 0.513 0.973 0.067 
   0   (0.573) 0.263 0.976 0.487 0.027 0.933 

Locus 2 : TE004 
2 alleles
3.3% missing data
   0   (0.805) 0.930 0.991 0.872 0.994 0.347 
   1   (0.195) 0.070 0.009 0.128 0.006 0.653 

Locus 3 : TE005 
2 alleles
18.3% missing data
   0   (0.738) 0.885 0.987 0.806 0.991 0.133 
   1   (0.262) 0.115 0.013 0.194 0.009 0.867 

Locus 4 : TE006 
2 alleles
26.7% missing data
   0   (0.592) 0.772 0.109 0.589 0.971 0.964 
   1   (0.408) 0.228 0.891 0.411 0.029 0.036 

Locus 5 : TE007 
2 alleles
6.7% missing data
   0   (0.694) 0.831 0.710 0.689 0.992 0.971 
   1   (0.306) 0.169 0.290 0.311 0.008 0.029 

Locus 6 : TE008 
2 alleles
1.7% missing data
   1   (0.618) 0.555 0.925 0.536 0.983 0.967 
   0   (0.382) 0.445 0.075 0.464 0.017 0.033 

Locus 7 : TE031 
2 alleles
1.7% missing data
   1   (0.733) 0.874 0.037 0.827 0.844 0.978 
   0   (0.267) 0.126 0.963 0.173 0.156 0.022 

Locus 8 : TE037 
2 alleles
1.7% missing data
   1   (0.509) 0.461 0.610 0.497 0.969 0.137 
   0   (0.491) 0.539 0.390 0.503 0.031 0.863 

Locus 9 : TE038 
2 alleles
1.7% missing data
   1   (0.653) 0.855 0.035 0.737 0.992 0.663 
   0   (0.347) 0.145 0.965 0.263 0.008 0.337 

Locus 10 : TE039 
2 alleles
5.0% missing data
   1   (0.614) 0.763 0.970 0.629 0.327 0.903 
   0   (0.386) 0.237 0.030 0.371 0.673 0.097 

Locus 11 : TE078 
2 alleles
3.3% missing data
   0   (0.803) 0.880 0.990 0.784 0.995 0.983 
   1   (0.197) 0.120 0.010 0.216 0.005 0.017 

Locus 12 : TS079 
2 alleles
10.0% missing data
   0   (0.832) 0.940 0.992 0.899 0.995 0.523 
   1   (0.168) 0.060 0.008 0.101 0.005 0.477 

Locus 13 : TS080 
2 alleles
10.0% missing data
   0   (0.708) 0.391 0.986 0.654 0.138 0.777 
   1   (0.292) 0.609 0.014 0.346 0.862 0.223 

Locus 14 : TS088 
2 alleles
1.7% missing data
   0   (0.550) 0.551 0.977 0.442 0.983 0.961 
   1   (0.450) 0.449 0.023 0.558 0.017 0.039 

Values of parameters used in structure:
DATAFILE=phonology_structure,	OUTFILE=outfile_phonology_structure_K5_run32,	NUMINDS=60,	NUMLOCI=14,	MISSING=-9,	LABEL=1,	POPDATA=0,	POPFLAG=0,	PHENOTYPE=0,	EXTRACOLS=0,	MAXPOPS=5,	BURNIN=10000,	NUMREPS=100000,	USEPOPINFO=0,	INFERALPHA=1,	INFERLAMBDA=0,	POPSPECIFICLAMBDA=0,	POPALPHAS=0,	COMPUTEPROB=1,	NOADMIX=0,	ADMBURNIN=500,	UPDATEFREQ=100,	PRINTLIKES=0,	INTERMEDSAVE=0,	PRINTKLD=0,	PRINTNET=1,	PRINTLAMBDA=1,	ANCESTDIST=0,	NUMBOXES=1000,	ANCESTPINT=0.90000,	GENSBACK=2,	MIGRPRIOR=0.01000,	PRINTQHAT=0,	PRINTQSUM=1,	ALPHA=1.0000,	FREQSCORR=1,	FPRIORMEAN=0.0100,	FPRIORSD=0.0500,	ONEFST=0,	LAMBDA=1.0000,	UNIFPRIORALPHA=1,	ALPHAMAX=10.0000,	ALPHAPRIORA=1.0000,	ALPHAPRIORB=2.0000,	ALPHAPROPSD=0.0250,	STARTATPOPINFO=0,	RANDOMIZE=1,	LINKAGE=0,	METROFREQ=10,	REPORTHITRATE=0,	MARKOVPHASE=0,	PHASED=0,	PLOIDY=1,	PHASEINFO=0	LOCPRIOR=0, 	LOCPRIORINIT=1.000000, 	LOCDATA=0, 	LOCISPOP=0, 	LOCPRIORSTEP=0.100000, 	MAXLOCPRIOR=20.000000, 	SEED=1641282720,	
[STRAT parameters]:    NUMSIMSTATS=1000,	PHENOTYPECOL=-9,	POOLFREQ=10,	LOCUSxONLY=0,	EMERROR=0.00100,	MISSINGPHENO=-9,	