

----------------------------------------------------
STRUCTURE by Pritchard, Stephens and Donnelly (2000)
     and Falush, Stephens and Pritchard (2003)
       Code by Pritchard, Falush and Hubisz
             Version 2.3.4 (Jul 2012)
----------------------------------------------------



Command line arguments:   ./structure -m mainparams -K 7 -i phonology_structure -L 14 -o outfile_phonology_structure_K7_run14 
Input File:    phonology_structure

Run parameters:
   60 individuals
   14 loci
   7 populations assumed
   10000 Burn-in period
   100000 Reps


--------------------------------------------
Overall proportion of membership of the
sample in each of the 7 clusters

Inferred Clusters
  1      2      3      4      5      6      7    
0.164  0.106  0.096  0.156  0.159  0.169  0.150  

--------------------------------------------

Allele-freq. divergence among pops (Net nucleotide distance),
computed using point estimates of P.

      1       2       3       4       5       6       7      
 1      -    0.1510  0.1454  0.2102  0.2545  0.2124  0.1934  
 2   0.1510     -    0.0014  0.0174  0.1276  0.0201  0.0138  
 3   0.1454  0.0014     -    0.0280  0.1280  0.0313  0.0232  
 4   0.2102  0.0174  0.0280     -    0.1672  0.0003  0.0013  
 5   0.2545  0.1276  0.1280  0.1672     -    0.1716  0.1592  
 6   0.2124  0.0201  0.0313  0.0003  0.1716     -    0.0012  
 7   0.1934  0.0138  0.0232  0.0013  0.1592  0.0012     -    

Average distances (expected heterozygosity) between individuals in same cluster:
cluster  1  : 0.1334 
cluster  2  : 0.3861 
cluster  3  : 0.3985 
cluster  4  : 0.2935 
cluster  5  : 0.2083 
cluster  6  : 0.2879 
cluster  7  : 0.3099 

--------------------------------------------
Estimated Ln Prob of Data   = -1000.7
Mean value of ln likelihood = -242.0
Variance of ln likelihood   = 1517.5
Mean value of alpha         = 0.1236

Mean value of Fst_1         = 0.6826
Mean value of Fst_2         = 0.1198
Mean value of Fst_3         = 0.0582
Mean value of Fst_4         = 0.4372
Mean value of Fst_5         = 0.5575
Mean value of Fst_6         = 0.4433
Mean value of Fst_7         = 0.3840


Inferred ancestry of individuals:
        Label (%Miss) :  Inferred clusters
  1 torg1245   (21)   :  0.020 0.097 0.043 0.258 0.021 0.291 0.270 
  2 oldj1239   (14)   :  0.063 0.149 0.167 0.069 0.373 0.079 0.100 
  3 crim1257    (0)   :  0.012 0.033 0.020 0.265 0.013 0.369 0.288 
  4 bash1264    (7)   :  0.012 0.032 0.021 0.271 0.013 0.367 0.284 
  5 anat1259    (0)   :  0.028 0.051 0.033 0.262 0.012 0.349 0.265 
  6 okin1246    (0)   :  0.909 0.017 0.017 0.014 0.013 0.014 0.015 
  7 yaku1245    (0)   :  0.019 0.136 0.077 0.277 0.047 0.243 0.201 
  8 daur1238    (0)   :  0.013 0.167 0.175 0.259 0.017 0.216 0.152 
  9 east2337   (14)   :  0.017 0.264 0.271 0.133 0.028 0.136 0.151 
 10 ikem1235    (7)   :  0.895 0.020 0.021 0.017 0.013 0.017 0.017 
 11 sibe1251    (0)   :  0.012 0.020 0.018 0.022 0.887 0.020 0.021 
 12 nort2697    (0)   :  0.029 0.051 0.036 0.263 0.012 0.345 0.264 
 13 bona1250    (0)   :  0.043 0.250 0.271 0.135 0.042 0.120 0.138 
 14 ulch1241   (14)   :  0.016 0.099 0.092 0.123 0.449 0.114 0.107 
 15 nort2935   (14)   :  0.863 0.026 0.026 0.019 0.026 0.019 0.022 
 16 gaga1249    (0)   :  0.054 0.092 0.040 0.238 0.015 0.312 0.248 
 17 tara1319    (0)   :  0.907 0.018 0.018 0.014 0.012 0.015 0.015 
 18 moma1245   (21)   :  0.018 0.046 0.048 0.031 0.783 0.038 0.037 
 19 manc1252    (0)   :  0.025 0.199 0.197 0.128 0.180 0.115 0.157 
 20 shor1247    (0)   :  0.014 0.095 0.023 0.269 0.015 0.315 0.269 
 21 kaza1248    (0)   :  0.012 0.033 0.020 0.271 0.013 0.369 0.283 
 22 midd1351   (14)   :  0.029 0.118 0.117 0.229 0.030 0.237 0.240 
 23 chag1247   (71)   :  0.076 0.191 0.215 0.166 0.037 0.148 0.166 
 24 huih1238   (14)   :  0.025 0.070 0.066 0.056 0.676 0.052 0.055 
 25 ordo1245    (0)   :  0.013 0.188 0.166 0.263 0.017 0.212 0.142 
 26 turk1303    (0)   :  0.014 0.103 0.023 0.281 0.016 0.304 0.261 
 27 negi1245    (0)   :  0.023 0.023 0.025 0.017 0.876 0.017 0.018 
 28 nana1257    (0)   :  0.018 0.028 0.027 0.021 0.862 0.021 0.024 
 29 nort2690    (7)   :  0.059 0.185 0.198 0.178 0.018 0.175 0.187 
 30 shur1243    (0)   :  0.897 0.018 0.019 0.016 0.018 0.016 0.016 
 31 minh1238    (0)   :  0.068 0.247 0.279 0.136 0.012 0.118 0.140 
 32 udih1248    (0)   :  0.023 0.034 0.033 0.030 0.818 0.029 0.032 
 33 oira1262   (14)   :  0.017 0.162 0.124 0.255 0.021 0.224 0.198 
 34 hate1238    (7)   :  0.702 0.057 0.060 0.046 0.033 0.045 0.057 
 35 tata1255    (0)   :  0.012 0.034 0.022 0.270 0.013 0.364 0.285 
 36 turk1304    (0)   :  0.015 0.090 0.024 0.273 0.015 0.319 0.264 
 37 oroc1248    (0)   :  0.020 0.031 0.034 0.027 0.835 0.026 0.027 
 38 chuv1255    (0)   :  0.026 0.182 0.178 0.201 0.017 0.222 0.174 
 39 noga1249   (14)   :  0.026 0.123 0.124 0.236 0.030 0.229 0.232 
 40 dong1285    (7)   :  0.019 0.260 0.287 0.124 0.023 0.129 0.159 
 41 halh1238   (14)   :  0.020 0.237 0.261 0.153 0.023 0.147 0.159 
 42 ogam1239    (0)   :  0.724 0.067 0.070 0.037 0.016 0.045 0.041 
 43 cent2126    (7)   :  0.892 0.019 0.021 0.017 0.016 0.017 0.019 
 44 yona1241   (14)   :  0.032 0.255 0.287 0.119 0.033 0.121 0.152 
 45 kore1280    (0)   :  0.035 0.238 0.302 0.132 0.015 0.132 0.146 
 46 tuvi1240    (0)   :  0.016 0.163 0.136 0.277 0.024 0.226 0.159 
 47 huzh1238    (7)   :  0.040 0.252 0.279 0.147 0.016 0.121 0.145 
 48 khak1248    (0)   :  0.014 0.098 0.023 0.282 0.015 0.310 0.257 
 49 oldu1238    (7)   :  0.014 0.100 0.022 0.275 0.019 0.313 0.258 
 50 nucl1643    (0)   :  0.911 0.016 0.016 0.015 0.013 0.015 0.015 
 51 orok1265   (14)   :  0.019 0.017 0.020 0.014 0.900 0.015 0.014 
 52 midd1372   (14)   :  0.021 0.261 0.303 0.129 0.023 0.115 0.148 
 53 mogh1245   (28)   :  0.045 0.155 0.147 0.185 0.083 0.188 0.197 
 54 uigh1240    (7)   :  0.013 0.032 0.023 0.278 0.013 0.364 0.277 
 55 kara1467   (14)   :  0.013 0.039 0.027 0.264 0.014 0.363 0.280 
 56 russ1264   (14)   :  0.017 0.104 0.034 0.274 0.020 0.297 0.254 
 57 sout2954    (0)   :  0.891 0.021 0.021 0.016 0.019 0.015 0.017 
 58 berj1234    (0)   :  0.015 0.021 0.022 0.018 0.887 0.017 0.018 
 59 kham1281    (0)   :  0.020 0.135 0.078 0.277 0.042 0.250 0.199 
 60 dolg1241    (0)   :  0.014 0.092 0.022 0.270 0.015 0.313 0.274 


Estimated Allele Frequencies in each cluster
First column gives estimated ancestral frequencies


Locus 1 : TE003 
2 alleles
3.3% missing data
   1   (0.458) 0.043 0.518 0.471 0.759 0.081 0.769 0.693 
   0   (0.542) 0.957 0.482 0.529 0.241 0.919 0.231 0.307 

Locus 2 : TE004 
2 alleles
3.3% missing data
   0   (0.832) 0.987 0.857 0.843 0.929 0.345 0.935 0.913 
   1   (0.168) 0.013 0.143 0.157 0.071 0.655 0.065 0.087 

Locus 3 : TE005 
2 alleles
18.3% missing data
   0   (0.786) 0.980 0.814 0.793 0.900 0.139 0.901 0.892 
   1   (0.214) 0.020 0.186 0.207 0.100 0.861 0.099 0.108 

Locus 4 : TE006 
2 alleles
26.7% missing data
   0   (0.640) 0.125 0.675 0.634 0.820 0.960 0.826 0.799 
   1   (0.360) 0.875 0.325 0.366 0.180 0.040 0.174 0.201 

Locus 5 : TE007 
2 alleles
6.7% missing data
   0   (0.737) 0.713 0.762 0.732 0.870 0.970 0.877 0.859 
   1   (0.263) 0.287 0.238 0.268 0.130 0.030 0.123 0.141 

Locus 6 : TE008 
2 alleles
1.7% missing data
   1   (0.629) 0.930 0.641 0.601 0.725 0.961 0.751 0.771 
   0   (0.371) 0.070 0.359 0.399 0.275 0.039 0.249 0.229 

Locus 7 : TE031 
2 alleles
1.7% missing data
   1   (0.767) 0.066 0.795 0.784 0.852 0.969 0.836 0.830 
   0   (0.233) 0.934 0.205 0.216 0.148 0.031 0.164 0.170 

Locus 8 : TE037 
2 alleles
1.7% missing data
   1   (0.520) 0.610 0.542 0.509 0.659 0.130 0.678 0.694 
   0   (0.480) 0.390 0.458 0.491 0.341 0.870 0.322 0.306 

Locus 9 : TE038 
2 alleles
1.7% missing data
   1   (0.719) 0.062 0.756 0.725 0.880 0.659 0.878 0.850 
   0   (0.281) 0.938 0.244 0.275 0.120 0.341 0.122 0.150 

Locus 10 : TE039 
2 alleles
5.0% missing data
   1   (0.574) 0.959 0.605 0.575 0.592 0.923 0.556 0.533 
   0   (0.426) 0.041 0.395 0.425 0.408 0.077 0.444 0.467 

Locus 11 : TE078 
2 alleles
3.3% missing data
   0   (0.814) 0.987 0.828 0.808 0.916 0.981 0.918 0.893 
   1   (0.186) 0.013 0.172 0.192 0.084 0.019 0.082 0.107 

Locus 12 : TS079 
2 alleles
10.0% missing data
   0   (0.879) 0.990 0.898 0.889 0.952 0.509 0.951 0.940 
   1   (0.121) 0.010 0.102 0.111 0.048 0.491 0.049 0.060 

Locus 13 : TS080 
2 alleles
10.0% missing data
   0   (0.696) 0.966 0.622 0.700 0.355 0.761 0.336 0.413 
   1   (0.304) 0.034 0.378 0.300 0.645 0.239 0.664 0.587 

Locus 14 : TS088 
2 alleles
1.7% missing data
   0   (0.552) 0.969 0.572 0.520 0.711 0.955 0.733 0.727 
   1   (0.448) 0.031 0.428 0.480 0.289 0.045 0.267 0.273 

Values of parameters used in structure:
DATAFILE=phonology_structure,	OUTFILE=outfile_phonology_structure_K7_run14,	NUMINDS=60,	NUMLOCI=14,	MISSING=-9,	LABEL=1,	POPDATA=0,	POPFLAG=0,	PHENOTYPE=0,	EXTRACOLS=0,	MAXPOPS=7,	BURNIN=10000,	NUMREPS=100000,	USEPOPINFO=0,	INFERALPHA=1,	INFERLAMBDA=0,	POPSPECIFICLAMBDA=0,	POPALPHAS=0,	COMPUTEPROB=1,	NOADMIX=0,	ADMBURNIN=500,	UPDATEFREQ=100,	PRINTLIKES=0,	INTERMEDSAVE=0,	PRINTKLD=0,	PRINTNET=1,	PRINTLAMBDA=1,	ANCESTDIST=0,	NUMBOXES=1000,	ANCESTPINT=0.90000,	GENSBACK=2,	MIGRPRIOR=0.01000,	PRINTQHAT=0,	PRINTQSUM=1,	ALPHA=1.0000,	FREQSCORR=1,	FPRIORMEAN=0.0100,	FPRIORSD=0.0500,	ONEFST=0,	LAMBDA=1.0000,	UNIFPRIORALPHA=1,	ALPHAMAX=10.0000,	ALPHAPRIORA=1.0000,	ALPHAPRIORB=2.0000,	ALPHAPROPSD=0.0250,	STARTATPOPINFO=0,	RANDOMIZE=1,	LINKAGE=0,	METROFREQ=10,	REPORTHITRATE=0,	MARKOVPHASE=0,	PHASED=0,	PLOIDY=1,	PHASEINFO=0	LOCPRIOR=0, 	LOCPRIORINIT=1.000000, 	LOCDATA=0, 	LOCISPOP=0, 	LOCPRIORSTEP=0.100000, 	MAXLOCPRIOR=20.000000, 	SEED=1641238866,	
[STRAT parameters]:    NUMSIMSTATS=1000,	PHENOTYPECOL=-9,	POOLFREQ=10,	LOCUSxONLY=0,	EMERROR=0.00100,	MISSINGPHENO=-9,	