

----------------------------------------------------
STRUCTURE by Pritchard, Stephens and Donnelly (2000)
     and Falush, Stephens and Pritchard (2003)
       Code by Pritchard, Falush and Hubisz
             Version 2.3.4 (Jul 2012)
----------------------------------------------------



Command line arguments:   ./structure -m mainparams -K 6 -i phonology_structure -L 14 -o outfile_phonology_structure_K6_run44 
Input File:    phonology_structure

Run parameters:
   60 individuals
   14 loci
   6 populations assumed
   10000 Burn-in period
   100000 Reps


--------------------------------------------
Overall proportion of membership of the
sample in each of the 6 clusters

Inferred Clusters
  1      2      3      4      5      6    
0.214  0.167  0.168  0.163  0.160  0.128  

--------------------------------------------

Allele-freq. divergence among pops (Net nucleotide distance),
computed using point estimates of P.

      1       2       3       4       5       6      
 1      -    0.2160  0.2726  0.0131  0.0260  0.0586  
 2   0.2160     -    0.2733  0.1640  0.1548  0.1398  
 3   0.2726  0.2733     -    0.2207  0.1827  0.1598  
 4   0.0131  0.1640  0.2207     -    0.0061  0.0207  
 5   0.0260  0.1548  0.1827  0.0061     -    0.0067  
 6   0.0586  0.1398  0.1598  0.0207  0.0067     -    

Average distances (expected heterozygosity) between individuals in same cluster:
cluster  1  : 0.2089 
cluster  2  : 0.1970 
cluster  3  : 0.1132 
cluster  4  : 0.3154 
cluster  5  : 0.3613 
cluster  6  : 0.4030 

--------------------------------------------
Estimated Ln Prob of Data   = -306.0
Mean value of ln likelihood = -227.4
Variance of ln likelihood   = 157.2
Mean value of alpha         = 0.0396

Mean value of Fst_1         = 0.6095
Mean value of Fst_2         = 0.5726
Mean value of Fst_3         = 0.7087
Mean value of Fst_4         = 0.4021
Mean value of Fst_5         = 0.3081
Mean value of Fst_6         = 0.1112


Inferred ancestry of individuals:
        Label (%Miss) :  Inferred clusters
  1 torg1245   (21)   :  0.419 0.016 0.016 0.245 0.219 0.086 
  2 oldj1239   (14)   :  0.048 0.428 0.059 0.105 0.156 0.204 
  3 crim1257    (0)   :  0.501 0.007 0.007 0.204 0.218 0.063 
  4 bash1264    (7)   :  0.493 0.007 0.006 0.207 0.223 0.064 
  5 anat1259    (0)   :  0.491 0.006 0.022 0.200 0.216 0.066 
  6 okin1246    (0)   :  0.009 0.008 0.953 0.009 0.010 0.012 
  7 yaku1245    (0)   :  0.357 0.036 0.014 0.337 0.172 0.084 
  8 daur1238    (0)   :  0.273 0.011 0.006 0.387 0.148 0.175 
  9 east2337   (14)   :  0.082 0.023 0.010 0.194 0.283 0.409 
 10 ikem1235    (7)   :  0.009 0.007 0.943 0.010 0.015 0.015 
 11 sibe1251    (0)   :  0.018 0.933 0.005 0.017 0.013 0.013 
 12 nort2697    (0)   :  0.491 0.006 0.022 0.197 0.218 0.066 
 13 bona1250    (0)   :  0.068 0.035 0.035 0.171 0.284 0.406 
 14 ulch1241   (14)   :  0.141 0.462 0.010 0.181 0.103 0.102 
 15 nort2935   (14)   :  0.012 0.017 0.923 0.013 0.017 0.018 
 16 gaga1249    (0)   :  0.451 0.010 0.044 0.213 0.212 0.071 
 17 tara1319    (0)   :  0.008 0.006 0.953 0.008 0.011 0.013 
 18 moma1245   (21)   :  0.026 0.851 0.013 0.033 0.033 0.044 
 19 manc1252    (0)   :  0.131 0.258 0.022 0.141 0.201 0.248 
 20 shor1247    (0)   :  0.438 0.010 0.009 0.246 0.229 0.068 
 21 kaza1248    (0)   :  0.501 0.007 0.006 0.202 0.219 0.065 
 22 midd1351   (14)   :  0.380 0.030 0.024 0.198 0.221 0.146 
 23 chag1247   (71)   :  0.186 0.039 0.085 0.204 0.233 0.253 
 24 huih1238   (14)   :  0.043 0.780 0.022 0.057 0.045 0.053 
 25 ordo1245    (0)   :  0.274 0.010 0.006 0.402 0.149 0.159 
 26 turk1303    (0)   :  0.443 0.011 0.009 0.245 0.227 0.066 
 27 negi1245    (0)   :  0.008 0.935 0.019 0.012 0.013 0.014 
 28 nana1257    (0)   :  0.014 0.918 0.012 0.019 0.015 0.022 
 29 nort2690    (7)   :  0.234 0.012 0.062 0.188 0.250 0.255 
 30 shur1243    (0)   :  0.008 0.013 0.947 0.009 0.011 0.012 
 31 minh1238    (0)   :  0.075 0.007 0.063 0.175 0.297 0.382 
 32 udih1248    (0)   :  0.026 0.867 0.016 0.032 0.025 0.033 
 33 oira1262   (14)   :  0.313 0.014 0.011 0.322 0.194 0.146 
 34 hate1238    (7)   :  0.044 0.033 0.780 0.043 0.049 0.051 
 35 tata1255    (0)   :  0.500 0.007 0.006 0.203 0.221 0.063 
 36 turk1304    (0)   :  0.441 0.010 0.009 0.245 0.226 0.068 
 37 oroc1248    (0)   :  0.020 0.885 0.015 0.022 0.028 0.030 
 38 chuv1255    (0)   :  0.277 0.013 0.027 0.280 0.193 0.209 
 39 noga1249   (14)   :  0.383 0.028 0.024 0.198 0.220 0.147 
 40 dong1285    (7)   :  0.077 0.019 0.013 0.188 0.314 0.388 
 41 halh1238   (14)   :  0.142 0.019 0.016 0.252 0.239 0.332 
 42 ogam1239    (0)   :  0.023 0.009 0.781 0.042 0.061 0.084 
 43 cent2126    (7)   :  0.010 0.009 0.946 0.011 0.012 0.011 
 44 yona1241   (14)   :  0.067 0.032 0.026 0.184 0.301 0.390 
 45 kore1280    (0)   :  0.081 0.010 0.027 0.200 0.288 0.393 
 46 tuvi1240    (0)   :  0.300 0.018 0.009 0.394 0.149 0.130 
 47 huzh1238    (7)   :  0.073 0.010 0.030 0.178 0.298 0.411 
 48 khak1248    (0)   :  0.443 0.011 0.009 0.242 0.230 0.066 
 49 oldu1238    (7)   :  0.427 0.015 0.009 0.255 0.224 0.070 
 50 nucl1643    (0)   :  0.008 0.008 0.954 0.009 0.010 0.010 
 51 orok1265   (14)   :  0.008 0.945 0.013 0.010 0.011 0.013 
 52 midd1372   (14)   :  0.064 0.018 0.013 0.192 0.315 0.399 
 53 mogh1245   (28)   :  0.265 0.102 0.045 0.173 0.219 0.198 
 54 uigh1240    (7)   :  0.495 0.007 0.007 0.208 0.216 0.066 
 55 kara1467   (14)   :  0.491 0.009 0.007 0.207 0.220 0.065 
 56 russ1264   (14)   :  0.421 0.017 0.011 0.252 0.218 0.081 
 57 sout2954    (0)   :  0.009 0.013 0.947 0.009 0.010 0.012 
 58 berj1234    (0)   :  0.012 0.939 0.009 0.013 0.011 0.015 
 59 kham1281    (0)   :  0.342 0.037 0.013 0.347 0.176 0.085 
 60 dolg1241    (0)   :  0.435 0.010 0.009 0.247 0.232 0.067 


Estimated Allele Frequencies in each cluster
First column gives estimated ancestral frequencies


Locus 1 : TE003 
2 alleles
3.3% missing data
   1   (0.450) 0.893 0.064 0.023 0.743 0.619 0.496 
   0   (0.550) 0.107 0.936 0.977 0.257 0.381 0.504 

Locus 2 : TE004 
2 alleles
3.3% missing data
   0   (0.827) 0.973 0.327 0.992 0.922 0.895 0.855 
   1   (0.173) 0.027 0.673 0.008 0.078 0.105 0.145 

Locus 3 : TE005 
2 alleles
18.3% missing data
   0   (0.741) 0.949 0.120 0.987 0.876 0.841 0.771 
   1   (0.259) 0.051 0.880 0.013 0.124 0.159 0.229 

Locus 4 : TE006 
2 alleles
26.7% missing data
   0   (0.600) 0.902 0.967 0.101 0.808 0.697 0.613 
   1   (0.400) 0.098 0.033 0.899 0.192 0.303 0.387 

Locus 5 : TE007 
2 alleles
6.7% missing data
   0   (0.685) 0.934 0.971 0.707 0.854 0.772 0.695 
   1   (0.315) 0.066 0.029 0.293 0.146 0.228 0.305 

Locus 6 : TE008 
2 alleles
1.7% missing data
   1   (0.609) 0.807 0.968 0.929 0.657 0.692 0.602 
   0   (0.391) 0.193 0.032 0.071 0.343 0.308 0.398 

Locus 7 : TE031 
2 alleles
1.7% missing data
   1   (0.770) 0.861 0.981 0.037 0.860 0.828 0.800 
   0   (0.230) 0.139 0.019 0.963 0.140 0.172 0.200 

Locus 8 : TE037 
2 alleles
1.7% missing data
   1   (0.538) 0.752 0.123 0.610 0.564 0.654 0.563 
   0   (0.462) 0.248 0.877 0.390 0.436 0.346 0.437 

Locus 9 : TE038 
2 alleles
1.7% missing data
   1   (0.691) 0.945 0.662 0.034 0.861 0.805 0.731 
   0   (0.309) 0.055 0.338 0.966 0.139 0.195 0.269 

Locus 10 : TE039 
2 alleles
5.0% missing data
   1   (0.579) 0.536 0.921 0.971 0.640 0.551 0.573 
   0   (0.421) 0.464 0.079 0.029 0.360 0.449 0.427 

Locus 11 : TE078 
2 alleles
3.3% missing data
   0   (0.783) 0.955 0.982 0.990 0.896 0.836 0.790 
   1   (0.217) 0.045 0.018 0.010 0.104 0.164 0.210 

Locus 12 : TS079 
2 alleles
10.0% missing data
   0   (0.858) 0.976 0.505 0.994 0.937 0.922 0.883 
   1   (0.142) 0.024 0.495 0.006 0.063 0.078 0.117 

Locus 13 : TS080 
2 alleles
10.0% missing data
   0   (0.725) 0.209 0.775 0.988 0.381 0.533 0.683 
   1   (0.275) 0.791 0.225 0.012 0.619 0.467 0.317 

Locus 14 : TS088 
2 alleles
1.7% missing data
   0   (0.534) 0.820 0.962 0.977 0.652 0.626 0.523 
   1   (0.466) 0.180 0.038 0.023 0.348 0.374 0.477 

Values of parameters used in structure:
DATAFILE=phonology_structure,	OUTFILE=outfile_phonology_structure_K6_run44,	NUMINDS=60,	NUMLOCI=14,	MISSING=-9,	LABEL=1,	POPDATA=0,	POPFLAG=0,	PHENOTYPE=0,	EXTRACOLS=0,	MAXPOPS=6,	BURNIN=10000,	NUMREPS=100000,	USEPOPINFO=0,	INFERALPHA=1,	INFERLAMBDA=0,	POPSPECIFICLAMBDA=0,	POPALPHAS=0,	COMPUTEPROB=1,	NOADMIX=0,	ADMBURNIN=500,	UPDATEFREQ=100,	PRINTLIKES=0,	INTERMEDSAVE=0,	PRINTKLD=0,	PRINTNET=1,	PRINTLAMBDA=1,	ANCESTDIST=0,	NUMBOXES=1000,	ANCESTPINT=0.90000,	GENSBACK=2,	MIGRPRIOR=0.01000,	PRINTQHAT=0,	PRINTQSUM=1,	ALPHA=1.0000,	FREQSCORR=1,	FPRIORMEAN=0.0100,	FPRIORSD=0.0500,	ONEFST=0,	LAMBDA=1.0000,	UNIFPRIORALPHA=1,	ALPHAMAX=10.0000,	ALPHAPRIORA=1.0000,	ALPHAPRIORB=2.0000,	ALPHAPROPSD=0.0250,	STARTATPOPINFO=0,	RANDOMIZE=1,	LINKAGE=0,	METROFREQ=10,	REPORTHITRATE=0,	MARKOVPHASE=0,	PHASED=0,	PLOIDY=1,	PHASEINFO=0	LOCPRIOR=0, 	LOCPRIORINIT=1.000000, 	LOCDATA=0, 	LOCISPOP=0, 	LOCPRIORSTEP=0.100000, 	MAXLOCPRIOR=20.000000, 	SEED=1641289472,	
[STRAT parameters]:    NUMSIMSTATS=1000,	PHENOTYPECOL=-9,	POOLFREQ=10,	LOCUSxONLY=0,	EMERROR=0.00100,	MISSINGPHENO=-9,	