

----------------------------------------------------
STRUCTURE by Pritchard, Stephens and Donnelly (2000)
     and Falush, Stephens and Pritchard (2003)
       Code by Pritchard, Falush and Hubisz
             Version 2.3.4 (Jul 2012)
----------------------------------------------------



Command line arguments:   ./structure -m mainparams -K 6 -i phonology_structure -L 14 -o outfile_phonology_structure_K6_run34 
Input File:    phonology_structure

Run parameters:
   60 individuals
   14 loci
   6 populations assumed
   10000 Burn-in period
   100000 Reps


--------------------------------------------
Overall proportion of membership of the
sample in each of the 6 clusters

Inferred Clusters
  1      2      3      4      5      6    
0.224  0.147  0.167  0.177  0.119  0.167  

--------------------------------------------

Allele-freq. divergence among pops (Net nucleotide distance),
computed using point estimates of P.

      1       2       3       4       5       6      
 1      -    0.0218  0.2523  0.0058  0.0657  0.2024  
 2   0.0218     -    0.1851  0.0054  0.0138  0.1475  
 3   0.2523  0.1851     -    0.2185  0.1549  0.2735  
 4   0.0058  0.0054  0.2185     -    0.0339  0.1737  
 5   0.0657  0.0138  0.1549  0.0339     -    0.1452  
 6   0.2024  0.1475  0.2735  0.1737  0.1452     -    

Average distances (expected heterozygosity) between individuals in same cluster:
cluster  1  : 0.2335 
cluster  2  : 0.3531 
cluster  3  : 0.1120 
cluster  4  : 0.3049 
cluster  5  : 0.4029 
cluster  6  : 0.1965 

--------------------------------------------
Estimated Ln Prob of Data   = -331.3
Mean value of ln likelihood = -231.3
Variance of ln likelihood   = 200.1
Mean value of alpha         = 0.0400

Mean value of Fst_1         = 0.5396
Mean value of Fst_2         = 0.2641
Mean value of Fst_3         = 0.7050
Mean value of Fst_4         = 0.4303
Mean value of Fst_5         = 0.0841
Mean value of Fst_6         = 0.5729


Inferred ancestry of individuals:
        Label (%Miss) :  Inferred clusters
  1 torg1245   (21)   :  0.468 0.182 0.017 0.274 0.043 0.017 
  2 oldj1239   (14)   :  0.075 0.153 0.056 0.100 0.210 0.406 
  3 crim1257    (0)   :  0.524 0.114 0.006 0.335 0.014 0.007 
  4 bash1264    (7)   :  0.520 0.121 0.006 0.329 0.016 0.008 
  5 anat1259    (0)   :  0.500 0.117 0.024 0.329 0.023 0.007 
  6 okin1246    (0)   :  0.010 0.012 0.949 0.010 0.012 0.008 
  7 yaku1245    (0)   :  0.324 0.275 0.015 0.266 0.077 0.043 
  8 daur1238    (0)   :  0.181 0.321 0.007 0.273 0.207 0.012 
  9 east2337   (14)   :  0.128 0.252 0.010 0.162 0.420 0.028 
 10 ikem1235    (7)   :  0.010 0.014 0.936 0.012 0.020 0.007 
 11 sibe1251    (0)   :  0.017 0.015 0.006 0.017 0.012 0.934 
 12 nort2697    (0)   :  0.505 0.115 0.024 0.327 0.023 0.007 
 13 bona1250    (0)   :  0.117 0.241 0.036 0.170 0.397 0.038 
 14 ulch1241   (14)   :  0.134 0.145 0.011 0.135 0.097 0.479 
 15 nort2935   (14)   :  0.014 0.018 0.912 0.016 0.022 0.019 
 16 gaga1249    (0)   :  0.478 0.150 0.047 0.283 0.033 0.010 
 17 tara1319    (0)   :  0.009 0.011 0.946 0.011 0.017 0.006 
 18 moma1245   (21)   :  0.027 0.037 0.012 0.028 0.036 0.860 
 19 manc1252    (0)   :  0.151 0.210 0.020 0.154 0.222 0.242 
 20 shor1247    (0)   :  0.494 0.188 0.010 0.280 0.017 0.011 
 21 kaza1248    (0)   :  0.520 0.115 0.006 0.339 0.013 0.008 
 22 midd1351   (14)   :  0.370 0.181 0.025 0.272 0.124 0.028 
 23 chag1247   (71)   :  0.172 0.239 0.083 0.206 0.260 0.039 
 24 huih1238   (14)   :  0.050 0.062 0.022 0.049 0.055 0.763 
 25 ordo1245    (0)   :  0.187 0.322 0.006 0.274 0.199 0.012 
 26 turk1303    (0)   :  0.495 0.184 0.009 0.284 0.018 0.010 
 27 negi1245    (0)   :  0.011 0.015 0.018 0.011 0.016 0.929 
 28 nana1257    (0)   :  0.015 0.018 0.012 0.015 0.017 0.924 
 29 nort2690    (7)   :  0.227 0.242 0.062 0.219 0.238 0.012 
 30 shur1243    (0)   :  0.008 0.012 0.944 0.009 0.014 0.013 
 31 minh1238    (0)   :  0.097 0.238 0.055 0.182 0.421 0.007 
 32 udih1248    (0)   :  0.026 0.029 0.017 0.026 0.026 0.876 
 33 oira1262   (14)   :  0.308 0.286 0.011 0.248 0.132 0.015 
 34 hate1238    (7)   :  0.050 0.060 0.751 0.051 0.055 0.032 
 35 tata1255    (0)   :  0.529 0.118 0.006 0.325 0.014 0.007 
 36 turk1304    (0)   :  0.501 0.184 0.009 0.279 0.015 0.011 
 37 oroc1248    (0)   :  0.023 0.026 0.015 0.022 0.024 0.889 
 38 chuv1255    (0)   :  0.249 0.248 0.026 0.269 0.195 0.013 
 39 noga1249   (14)   :  0.364 0.179 0.025 0.281 0.122 0.029 
 40 dong1285    (7)   :  0.101 0.260 0.013 0.180 0.429 0.017 
 41 halh1238   (14)   :  0.147 0.264 0.016 0.202 0.351 0.020 
 42 ogam1239    (0)   :  0.030 0.059 0.750 0.044 0.107 0.010 
 43 cent2126    (7)   :  0.012 0.013 0.943 0.011 0.012 0.009 
 44 yona1241   (14)   :  0.094 0.254 0.025 0.170 0.427 0.029 
 45 kore1280    (0)   :  0.092 0.253 0.025 0.172 0.448 0.010 
 46 tuvi1240    (0)   :  0.224 0.309 0.009 0.286 0.151 0.020 
 47 huzh1238    (7)   :  0.110 0.220 0.033 0.183 0.443 0.011 
 48 khak1248    (0)   :  0.501 0.179 0.009 0.283 0.018 0.010 
 49 oldu1238    (7)   :  0.494 0.179 0.009 0.285 0.019 0.014 
 50 nucl1643    (0)   :  0.009 0.010 0.950 0.011 0.011 0.008 
 51 orok1265   (14)   :  0.010 0.011 0.013 0.009 0.012 0.944 
 52 midd1372   (14)   :  0.091 0.243 0.013 0.177 0.457 0.018 
 53 mogh1245   (28)   :  0.262 0.194 0.043 0.223 0.175 0.103 
 54 uigh1240    (7)   :  0.519 0.120 0.008 0.329 0.018 0.008 
 55 kara1467   (14)   :  0.522 0.112 0.008 0.328 0.021 0.009 
 56 russ1264   (14)   :  0.485 0.186 0.012 0.272 0.029 0.016 
 57 sout2954    (0)   :  0.011 0.012 0.941 0.010 0.013 0.013 
 58 berj1234    (0)   :  0.012 0.015 0.009 0.012 0.015 0.937 
 59 kham1281    (0)   :  0.323 0.274 0.014 0.269 0.081 0.040 
 60 dolg1241    (0)   :  0.491 0.183 0.009 0.287 0.020 0.010 


Estimated Allele Frequencies in each cluster
First column gives estimated ancestral frequencies


Locus 1 : TE003 
2 alleles
3.3% missing data
   1   (0.445) 0.842 0.639 0.023 0.748 0.453 0.066 
   0   (0.555) 0.158 0.361 0.977 0.252 0.547 0.934 

Locus 2 : TE004 
2 alleles
3.3% missing data
   0   (0.832) 0.953 0.899 0.992 0.927 0.851 0.333 
   1   (0.168) 0.047 0.101 0.008 0.073 0.149 0.667 

Locus 3 : TE005 
2 alleles
18.3% missing data
   0   (0.767) 0.927 0.854 0.988 0.895 0.786 0.120 
   1   (0.233) 0.073 0.146 0.012 0.105 0.214 0.880 

Locus 4 : TE006 
2 alleles
26.7% missing data
   0   (0.581) 0.870 0.711 0.100 0.799 0.556 0.964 
   1   (0.419) 0.130 0.289 0.900 0.201 0.444 0.036 

Locus 5 : TE007 
2 alleles
6.7% missing data
   0   (0.721) 0.914 0.823 0.712 0.862 0.692 0.974 
   1   (0.279) 0.086 0.177 0.288 0.138 0.308 0.026 

Locus 6 : TE008 
2 alleles
1.7% missing data
   1   (0.616) 0.824 0.655 0.932 0.704 0.553 0.968 
   0   (0.384) 0.176 0.345 0.068 0.296 0.447 0.032 

Locus 7 : TE031 
2 alleles
1.7% missing data
   1   (0.766) 0.847 0.835 0.038 0.838 0.798 0.981 
   0   (0.234) 0.153 0.165 0.962 0.162 0.202 0.019 

Locus 8 : TE037 
2 alleles
1.7% missing data
   1   (0.528) 0.775 0.549 0.612 0.650 0.512 0.121 
   0   (0.472) 0.225 0.451 0.388 0.350 0.488 0.879 

Locus 9 : TE038 
2 alleles
1.7% missing data
   1   (0.688) 0.915 0.799 0.035 0.867 0.703 0.667 
   0   (0.312) 0.085 0.201 0.965 0.133 0.297 0.333 

Locus 10 : TE039 
2 alleles
5.0% missing data
   1   (0.583) 0.533 0.638 0.971 0.560 0.574 0.925 
   0   (0.417) 0.467 0.362 0.029 0.440 0.426 0.075 

Locus 11 : TE078 
2 alleles
3.3% missing data
   0   (0.814) 0.948 0.869 0.991 0.911 0.783 0.985 
   1   (0.186) 0.052 0.131 0.009 0.089 0.217 0.015 

Locus 12 : TS079 
2 alleles
10.0% missing data
   0   (0.875) 0.965 0.925 0.994 0.951 0.892 0.501 
   1   (0.125) 0.035 0.075 0.006 0.049 0.108 0.499 

Locus 13 : TS080 
2 alleles
10.0% missing data
   0   (0.731) 0.254 0.508 0.987 0.377 0.743 0.772 
   1   (0.269) 0.746 0.492 0.013 0.623 0.257 0.228 

Locus 14 : TS088 
2 alleles
1.7% missing data
   0   (0.538) 0.820 0.605 0.978 0.704 0.462 0.961 
   1   (0.462) 0.180 0.395 0.022 0.296 0.538 0.039 

Values of parameters used in structure:
DATAFILE=phonology_structure,	OUTFILE=outfile_phonology_structure_K6_run34,	NUMINDS=60,	NUMLOCI=14,	MISSING=-9,	LABEL=1,	POPDATA=0,	POPFLAG=0,	PHENOTYPE=0,	EXTRACOLS=0,	MAXPOPS=6,	BURNIN=10000,	NUMREPS=100000,	USEPOPINFO=0,	INFERALPHA=1,	INFERLAMBDA=0,	POPSPECIFICLAMBDA=0,	POPALPHAS=0,	COMPUTEPROB=1,	NOADMIX=0,	ADMBURNIN=500,	UPDATEFREQ=100,	PRINTLIKES=0,	INTERMEDSAVE=0,	PRINTKLD=0,	PRINTNET=1,	PRINTLAMBDA=1,	ANCESTDIST=0,	NUMBOXES=1000,	ANCESTPINT=0.90000,	GENSBACK=2,	MIGRPRIOR=0.01000,	PRINTQHAT=0,	PRINTQSUM=1,	ALPHA=1.0000,	FREQSCORR=1,	FPRIORMEAN=0.0100,	FPRIORSD=0.0500,	ONEFST=0,	LAMBDA=1.0000,	UNIFPRIORALPHA=1,	ALPHAMAX=10.0000,	ALPHAPRIORA=1.0000,	ALPHAPRIORB=2.0000,	ALPHAPROPSD=0.0250,	STARTATPOPINFO=0,	RANDOMIZE=1,	LINKAGE=0,	METROFREQ=10,	REPORTHITRATE=0,	MARKOVPHASE=0,	PHASED=0,	PLOIDY=1,	PHASEINFO=0	LOCPRIOR=0, 	LOCPRIORINIT=1.000000, 	LOCDATA=0, 	LOCISPOP=0, 	LOCPRIORSTEP=0.100000, 	MAXLOCPRIOR=20.000000, 	SEED=1641283854,	
[STRAT parameters]:    NUMSIMSTATS=1000,	PHENOTYPECOL=-9,	POOLFREQ=10,	LOCUSxONLY=0,	EMERROR=0.00100,	MISSINGPHENO=-9,	