

----------------------------------------------------
STRUCTURE by Pritchard, Stephens and Donnelly (2000)
     and Falush, Stephens and Pritchard (2003)
       Code by Pritchard, Falush and Hubisz
             Version 2.3.4 (Jul 2012)
----------------------------------------------------



Command line arguments:   ./structure -m mainparams -K 4 -i phonology_structure -L 14 -o outfile_phonology_structure_K4_run50 
Input File:    phonology_structure

Run parameters:
   60 individuals
   14 loci
   4 populations assumed
   10000 Burn-in period
   100000 Reps


--------------------------------------------
Overall proportion of membership of the
sample in each of the 4 clusters

Inferred Clusters
  1      2      3      4    
0.226  0.404  0.193  0.177  

--------------------------------------------

Allele-freq. divergence among pops (Net nucleotide distance),
computed using point estimates of P.

      1       2       3       4      
 1      -    0.1484  0.1428  0.1650  
 2   0.1484     -    0.2369  0.3182  
 3   0.1428  0.2369     -    0.2572  
 4   0.1650  0.3182  0.2572     -    

Average distances (expected heterozygosity) between individuals in same cluster:
cluster  1  : 0.4067 
cluster  2  : 0.1030 
cluster  3  : 0.2175 
cluster  4  : 0.1198 

--------------------------------------------
Estimated Ln Prob of Data   = -270.9
Mean value of ln likelihood = -237.7
Variance of ln likelihood   = 66.4
Mean value of alpha         = 0.0451

Mean value of Fst_1         = 0.0645
Mean value of Fst_2         = 0.6824
Mean value of Fst_3         = 0.5230
Mean value of Fst_4         = 0.6896


Inferred ancestry of individuals:
        Label (%Miss) :  Inferred clusters
  1 torg1245   (21)   :  0.030 0.933 0.020 0.017 
  2 oldj1239   (14)   :  0.225 0.033 0.674 0.068 
  3 crim1257    (0)   :  0.012 0.973 0.009 0.007 
  4 bash1264    (7)   :  0.013 0.971 0.009 0.007 
  5 anat1259    (0)   :  0.018 0.951 0.007 0.024 
  6 okin1246    (0)   :  0.010 0.010 0.009 0.971 
  7 yaku1245    (0)   :  0.051 0.867 0.064 0.018 
  8 daur1238    (0)   :  0.672 0.296 0.023 0.009 
  9 east2337   (14)   :  0.945 0.019 0.025 0.011 
 10 ikem1235    (7)   :  0.016 0.010 0.009 0.965 
 11 sibe1251    (0)   :  0.012 0.022 0.959 0.007 
 12 nort2697    (0)   :  0.018 0.950 0.008 0.024 
 13 bona1250    (0)   :  0.878 0.013 0.062 0.046 
 14 ulch1241   (14)   :  0.098 0.225 0.665 0.012 
 15 nort2935   (14)   :  0.019 0.012 0.021 0.948 
 16 gaga1249    (0)   :  0.019 0.934 0.010 0.038 
 17 tara1319    (0)   :  0.014 0.008 0.007 0.971 
 18 moma1245   (21)   :  0.031 0.021 0.933 0.014 
 19 manc1252    (0)   :  0.312 0.198 0.461 0.029 
 20 shor1247    (0)   :  0.013 0.965 0.012 0.009 
 21 kaza1248    (0)   :  0.013 0.971 0.009 0.007 
 22 midd1351   (14)   :  0.157 0.755 0.054 0.034 
 23 chag1247   (71)   :  0.553 0.260 0.068 0.119 
 24 huih1238   (14)   :  0.053 0.046 0.876 0.025 
 25 ordo1245    (0)   :  0.659 0.308 0.023 0.009 
 26 turk1303    (0)   :  0.012 0.966 0.012 0.010 
 27 negi1245    (0)   :  0.013 0.009 0.957 0.021 
 28 nana1257    (0)   :  0.021 0.014 0.953 0.012 
 29 nort2690    (7)   :  0.459 0.412 0.021 0.108 
 30 shur1243    (0)   :  0.013 0.009 0.014 0.964 
 31 minh1238    (0)   :  0.903 0.010 0.009 0.078 
 32 udih1248    (0)   :  0.024 0.027 0.933 0.017 
 33 oira1262   (14)   :  0.265 0.701 0.022 0.012 
 34 hate1238    (7)   :  0.049 0.064 0.042 0.846 
 35 tata1255    (0)   :  0.014 0.971 0.009 0.007 
 36 turk1304    (0)   :  0.013 0.966 0.012 0.009 
 37 oroc1248    (0)   :  0.025 0.027 0.931 0.017 
 38 chuv1255    (0)   :  0.324 0.624 0.019 0.033 
 39 noga1249   (14)   :  0.148 0.763 0.054 0.034 
 40 dong1285    (7)   :  0.936 0.021 0.027 0.016 
 41 halh1238   (14)   :  0.878 0.076 0.029 0.016 
 42 ogam1239    (0)   :  0.138 0.008 0.011 0.843 
 43 cent2126    (7)   :  0.011 0.014 0.012 0.963 
 44 yona1241   (14)   :  0.905 0.013 0.050 0.033 
 45 kore1280    (0)   :  0.954 0.011 0.010 0.025 
 46 tuvi1240    (0)   :  0.308 0.625 0.050 0.017 
 47 huzh1238    (7)   :  0.939 0.012 0.013 0.036 
 48 khak1248    (0)   :  0.012 0.965 0.013 0.010 
 49 oldu1238    (7)   :  0.015 0.959 0.017 0.010 
 50 nucl1643    (0)   :  0.010 0.011 0.009 0.970 
 51 orok1265   (14)   :  0.012 0.009 0.963 0.016 
 52 midd1372   (14)   :  0.954 0.007 0.023 0.016 
 53 mogh1245   (28)   :  0.237 0.469 0.234 0.060 
 54 uigh1240    (7)   :  0.015 0.967 0.009 0.009 
 55 kara1467   (14)   :  0.016 0.965 0.011 0.008 
 56 russ1264   (14)   :  0.023 0.947 0.018 0.012 
 57 sout2954    (0)   :  0.013 0.008 0.013 0.966 
 58 berj1234    (0)   :  0.013 0.012 0.965 0.010 
 59 kham1281    (0)   :  0.047 0.868 0.067 0.018 
 60 dolg1241    (0)   :  0.012 0.966 0.013 0.010 


Estimated Allele Frequencies in each cluster
First column gives estimated ancestral frequencies


Locus 1 : TE003 
2 alleles
3.3% missing data
   1   (0.430) 0.442 0.982 0.088 0.025 
   0   (0.570) 0.558 0.018 0.912 0.975 

Locus 2 : TE004 
2 alleles
3.3% missing data
   0   (0.804) 0.839 0.995 0.386 0.991 
   1   (0.196) 0.161 0.005 0.614 0.009 

Locus 3 : TE005 
2 alleles
18.3% missing data
   0   (0.752) 0.784 0.992 0.154 0.987 
   1   (0.248) 0.216 0.008 0.846 0.013 

Locus 4 : TE006 
2 alleles
26.7% missing data
   0   (0.598) 0.547 0.984 0.962 0.115 
   1   (0.402) 0.453 0.016 0.038 0.885 

Locus 5 : TE007 
2 alleles
6.7% missing data
   0   (0.681) 0.642 0.993 0.968 0.705 
   1   (0.319) 0.358 0.007 0.032 0.295 

Locus 6 : TE008 
2 alleles
1.7% missing data
   1   (0.558) 0.469 0.936 0.957 0.909 
   0   (0.442) 0.531 0.064 0.043 0.091 

Locus 7 : TE031 
2 alleles
1.7% missing data
   1   (0.751) 0.807 0.867 0.979 0.039 
   0   (0.249) 0.193 0.133 0.021 0.961 

Locus 8 : TE037 
2 alleles
1.7% missing data
   1   (0.488) 0.489 0.874 0.147 0.604 
   0   (0.512) 0.511 0.126 0.853 0.396 

Locus 9 : TE038 
2 alleles
1.7% missing data
   1   (0.646) 0.683 0.993 0.674 0.035 
   0   (0.354) 0.317 0.007 0.326 0.965 

Locus 10 : TE039 
2 alleles
5.0% missing data
   1   (0.608) 0.583 0.518 0.875 0.968 
   0   (0.392) 0.417 0.482 0.125 0.032 

Locus 11 : TE078 
2 alleles
3.3% missing data
   0   (0.786) 0.746 0.995 0.981 0.990 
   1   (0.214) 0.254 0.005 0.019 0.010 

Locus 12 : TS079 
2 alleles
10.0% missing data
   0   (0.830) 0.867 0.996 0.552 0.992 
   1   (0.170) 0.133 0.004 0.448 0.008 

Locus 13 : TS080 
2 alleles
10.0% missing data
   0   (0.726) 0.775 0.080 0.770 0.987 
   1   (0.274) 0.225 0.920 0.230 0.013 

Locus 14 : TS088 
2 alleles
1.7% missing data
   0   (0.476) 0.342 0.954 0.950 0.972 
   1   (0.524) 0.658 0.046 0.050 0.028 

Values of parameters used in structure:
DATAFILE=phonology_structure,	OUTFILE=outfile_phonology_structure_K4_run50,	NUMINDS=60,	NUMLOCI=14,	MISSING=-9,	LABEL=1,	POPDATA=0,	POPFLAG=0,	PHENOTYPE=0,	EXTRACOLS=0,	MAXPOPS=4,	BURNIN=10000,	NUMREPS=100000,	USEPOPINFO=0,	INFERALPHA=1,	INFERLAMBDA=0,	POPSPECIFICLAMBDA=0,	POPALPHAS=0,	COMPUTEPROB=1,	NOADMIX=0,	ADMBURNIN=500,	UPDATEFREQ=100,	PRINTLIKES=0,	INTERMEDSAVE=0,	PRINTKLD=0,	PRINTNET=1,	PRINTLAMBDA=1,	ANCESTDIST=0,	NUMBOXES=1000,	ANCESTPINT=0.90000,	GENSBACK=2,	MIGRPRIOR=0.01000,	PRINTQHAT=0,	PRINTQSUM=1,	ALPHA=1.0000,	FREQSCORR=1,	FPRIORMEAN=0.0100,	FPRIORSD=0.0500,	ONEFST=0,	LAMBDA=1.0000,	UNIFPRIORALPHA=1,	ALPHAMAX=10.0000,	ALPHAPRIORA=1.0000,	ALPHAPRIORB=2.0000,	ALPHAPROPSD=0.0250,	STARTATPOPINFO=0,	RANDOMIZE=1,	LINKAGE=0,	METROFREQ=10,	REPORTHITRATE=0,	MARKOVPHASE=0,	PHASED=0,	PLOIDY=1,	PHASEINFO=0	LOCPRIOR=0, 	LOCPRIORINIT=1.000000, 	LOCDATA=0, 	LOCISPOP=0, 	LOCPRIORSTEP=0.100000, 	MAXLOCPRIOR=20.000000, 	SEED=1641293131,	
[STRAT parameters]:    NUMSIMSTATS=1000,	PHENOTYPECOL=-9,	POOLFREQ=10,	LOCUSxONLY=0,	EMERROR=0.00100,	MISSINGPHENO=-9,	