

----------------------------------------------------
STRUCTURE by Pritchard, Stephens and Donnelly (2000)
     and Falush, Stephens and Pritchard (2003)
       Code by Pritchard, Falush and Hubisz
             Version 2.3.4 (Jul 2012)
----------------------------------------------------



Command line arguments:   ./structure -m mainparams -K 4 -i phonology_structure -L 14 -o outfile_phonology_structure_K4_run31 
Input File:    phonology_structure

Run parameters:
   60 individuals
   14 loci
   4 populations assumed
   10000 Burn-in period
   100000 Reps


--------------------------------------------
Overall proportion of membership of the
sample in each of the 4 clusters

Inferred Clusters
  1      2      3      4    
0.229  0.405  0.176  0.190  

--------------------------------------------

Allele-freq. divergence among pops (Net nucleotide distance),
computed using point estimates of P.

      1       2       3       4      
 1      -    0.1445  0.1552  0.1347  
 2   0.1445     -    0.3178  0.2374  
 3   0.1552  0.3178     -    0.2588  
 4   0.1347  0.2374  0.2588     -    

Average distances (expected heterozygosity) between individuals in same cluster:
cluster  1  : 0.4086 
cluster  2  : 0.1043 
cluster  3  : 0.1185 
cluster  4  : 0.2170 

--------------------------------------------
Estimated Ln Prob of Data   = -274.2
Mean value of ln likelihood = -238.9
Variance of ln likelihood   = 70.5
Mean value of alpha         = 0.0436

Mean value of Fst_1         = 0.0306
Mean value of Fst_2         = 0.6816
Mean value of Fst_3         = 0.6942
Mean value of Fst_4         = 0.5281


Inferred ancestry of individuals:
        Label (%Miss) :  Inferred clusters
  1 torg1245   (21)   :  0.027 0.940 0.015 0.018 
  2 oldj1239   (14)   :  0.278 0.030 0.060 0.632 
  3 crim1257    (0)   :  0.011 0.974 0.006 0.009 
  4 bash1264    (7)   :  0.012 0.973 0.007 0.008 
  5 anat1259    (0)   :  0.019 0.951 0.023 0.007 
  6 okin1246    (0)   :  0.011 0.010 0.971 0.008 
  7 yaku1245    (0)   :  0.056 0.859 0.018 0.068 
  8 daur1238    (0)   :  0.673 0.297 0.009 0.022 
  9 east2337   (14)   :  0.943 0.021 0.011 0.026 
 10 ikem1235    (7)   :  0.015 0.009 0.967 0.009 
 11 sibe1251    (0)   :  0.014 0.020 0.006 0.961 
 12 nort2697    (0)   :  0.018 0.951 0.023 0.007 
 13 bona1250    (0)   :  0.887 0.012 0.047 0.053 
 14 ulch1241   (14)   :  0.103 0.216 0.012 0.670 
 15 nort2935   (14)   :  0.022 0.011 0.948 0.020 
 16 gaga1249    (0)   :  0.019 0.936 0.036 0.010 
 17 tara1319    (0)   :  0.013 0.008 0.972 0.007 
 18 moma1245   (21)   :  0.033 0.021 0.014 0.932 
 19 manc1252    (0)   :  0.331 0.201 0.029 0.439 
 20 shor1247    (0)   :  0.014 0.966 0.009 0.012 
 21 kaza1248    (0)   :  0.011 0.974 0.007 0.008 
 22 midd1351   (14)   :  0.146 0.772 0.031 0.051 
 23 chag1247   (71)   :  0.526 0.276 0.125 0.073 
 24 huih1238   (14)   :  0.066 0.047 0.025 0.862 
 25 ordo1245    (0)   :  0.671 0.297 0.009 0.023 
 26 turk1303    (0)   :  0.011 0.969 0.009 0.012 
 27 negi1245    (0)   :  0.016 0.008 0.022 0.954 
 28 nana1257    (0)   :  0.019 0.012 0.012 0.956 
 29 nort2690    (7)   :  0.411 0.454 0.114 0.020 
 30 shur1243    (0)   :  0.013 0.008 0.965 0.014 
 31 minh1238    (0)   :  0.923 0.009 0.059 0.008 
 32 udih1248    (0)   :  0.028 0.024 0.017 0.931 
 33 oira1262   (14)   :  0.246 0.719 0.012 0.023 
 34 hate1238    (7)   :  0.058 0.060 0.839 0.043 
 35 tata1255    (0)   :  0.013 0.972 0.007 0.009 
 36 turk1304    (0)   :  0.012 0.966 0.009 0.012 
 37 oroc1248    (0)   :  0.025 0.026 0.018 0.932 
 38 chuv1255    (0)   :  0.344 0.606 0.031 0.019 
 39 noga1249   (14)   :  0.141 0.774 0.033 0.052 
 40 dong1285    (7)   :  0.938 0.019 0.014 0.029 
 41 halh1238   (14)   :  0.865 0.089 0.018 0.029 
 42 ogam1239    (0)   :  0.156 0.008 0.825 0.011 
 43 cent2126    (7)   :  0.014 0.013 0.963 0.010 
 44 yona1241   (14)   :  0.912 0.012 0.030 0.046 
 45 kore1280    (0)   :  0.954 0.011 0.025 0.010 
 46 tuvi1240    (0)   :  0.336 0.604 0.015 0.046 
 47 huzh1238    (7)   :  0.944 0.011 0.033 0.012 
 48 khak1248    (0)   :  0.016 0.963 0.009 0.012 
 49 oldu1238    (7)   :  0.014 0.960 0.010 0.016 
 50 nucl1643    (0)   :  0.012 0.010 0.970 0.009 
 51 orok1265   (14)   :  0.012 0.008 0.015 0.964 
 52 midd1372   (14)   :  0.960 0.007 0.014 0.019 
 53 mogh1245   (28)   :  0.259 0.474 0.058 0.209 
 54 uigh1240    (7)   :  0.012 0.971 0.008 0.008 
 55 kara1467   (14)   :  0.014 0.967 0.008 0.010 
 56 russ1264   (14)   :  0.021 0.950 0.012 0.017 
 57 sout2954    (0)   :  0.014 0.008 0.963 0.014 
 58 berj1234    (0)   :  0.015 0.011 0.010 0.964 
 59 kham1281    (0)   :  0.053 0.867 0.017 0.064 
 60 dolg1241    (0)   :  0.015 0.964 0.009 0.012 


Estimated Allele Frequencies in each cluster
First column gives estimated ancestral frequencies


Locus 1 : TE003 
2 alleles
3.3% missing data
   1   (0.390) 0.396 0.981 0.024 0.086 
   0   (0.610) 0.604 0.019 0.976 0.914 

Locus 2 : TE004 
2 alleles
3.3% missing data
   0   (0.824) 0.840 0.996 0.992 0.385 
   1   (0.176) 0.160 0.004 0.008 0.615 

Locus 3 : TE005 
2 alleles
18.3% missing data
   0   (0.769) 0.785 0.993 0.988 0.154 
   1   (0.231) 0.215 0.007 0.012 0.846 

Locus 4 : TE006 
2 alleles
26.7% missing data
   0   (0.586) 0.563 0.982 0.113 0.962 
   1   (0.414) 0.437 0.018 0.887 0.038 

Locus 5 : TE007 
2 alleles
6.7% missing data
   0   (0.659) 0.640 0.993 0.706 0.966 
   1   (0.341) 0.360 0.007 0.294 0.034 

Locus 6 : TE008 
2 alleles
1.7% missing data
   1   (0.541) 0.499 0.935 0.911 0.956 
   0   (0.459) 0.501 0.065 0.089 0.044 

Locus 7 : TE031 
2 alleles
1.7% missing data
   1   (0.763) 0.790 0.868 0.040 0.980 
   0   (0.237) 0.210 0.132 0.960 0.020 

Locus 8 : TE037 
2 alleles
1.7% missing data
   1   (0.477) 0.477 0.875 0.607 0.142 
   0   (0.523) 0.523 0.125 0.393 0.858 

Locus 9 : TE038 
2 alleles
1.7% missing data
   1   (0.646) 0.663 0.993 0.035 0.676 
   0   (0.354) 0.337 0.007 0.965 0.324 

Locus 10 : TE039 
2 alleles
5.0% missing data
   1   (0.616) 0.604 0.515 0.969 0.881 
   0   (0.384) 0.396 0.485 0.031 0.119 

Locus 11 : TE078 
2 alleles
3.3% missing data
   0   (0.781) 0.762 0.995 0.990 0.980 
   1   (0.219) 0.238 0.005 0.010 0.020 

Locus 12 : TS079 
2 alleles
10.0% missing data
   0   (0.856) 0.874 0.997 0.994 0.550 
   1   (0.144) 0.126 0.003 0.006 0.450 

Locus 13 : TS080 
2 alleles
10.0% missing data
   0   (0.723) 0.746 0.086 0.987 0.766 
   1   (0.277) 0.254 0.914 0.013 0.234 

Locus 14 : TS088 
2 alleles
1.7% missing data
   0   (0.432) 0.370 0.950 0.971 0.947 
   1   (0.568) 0.630 0.050 0.029 0.053 

Values of parameters used in structure:
DATAFILE=phonology_structure,	OUTFILE=outfile_phonology_structure_K4_run31,	NUMINDS=60,	NUMLOCI=14,	MISSING=-9,	LABEL=1,	POPDATA=0,	POPFLAG=0,	PHENOTYPE=0,	EXTRACOLS=0,	MAXPOPS=4,	BURNIN=10000,	NUMREPS=100000,	USEPOPINFO=0,	INFERALPHA=1,	INFERLAMBDA=0,	POPSPECIFICLAMBDA=0,	POPALPHAS=0,	COMPUTEPROB=1,	NOADMIX=0,	ADMBURNIN=500,	UPDATEFREQ=100,	PRINTLIKES=0,	INTERMEDSAVE=0,	PRINTKLD=0,	PRINTNET=1,	PRINTLAMBDA=1,	ANCESTDIST=0,	NUMBOXES=1000,	ANCESTPINT=0.90000,	GENSBACK=2,	MIGRPRIOR=0.01000,	PRINTQHAT=0,	PRINTQSUM=1,	ALPHA=1.0000,	FREQSCORR=1,	FPRIORMEAN=0.0100,	FPRIORSD=0.0500,	ONEFST=0,	LAMBDA=1.0000,	UNIFPRIORALPHA=1,	ALPHAMAX=10.0000,	ALPHAPRIORA=1.0000,	ALPHAPRIORB=2.0000,	ALPHAPROPSD=0.0250,	STARTATPOPINFO=0,	RANDOMIZE=1,	LINKAGE=0,	METROFREQ=10,	REPORTHITRATE=0,	MARKOVPHASE=0,	PHASED=0,	PLOIDY=1,	PHASEINFO=0	LOCPRIOR=0, 	LOCPRIORINIT=1.000000, 	LOCDATA=0, 	LOCISPOP=0, 	LOCPRIORSTEP=0.100000, 	MAXLOCPRIOR=20.000000, 	SEED=1641280502,	
[STRAT parameters]:    NUMSIMSTATS=1000,	PHENOTYPECOL=-9,	POOLFREQ=10,	LOCUSxONLY=0,	EMERROR=0.00100,	MISSINGPHENO=-9,	