

----------------------------------------------------
STRUCTURE by Pritchard, Stephens and Donnelly (2000)
     and Falush, Stephens and Pritchard (2003)
       Code by Pritchard, Falush and Hubisz
             Version 2.3.4 (Jul 2012)
----------------------------------------------------



Command line arguments:   ./structure -m mainparams -K 6 -i phonology_structure -L 14 -o outfile_phonology_structure_K6_run10 
Input File:    phonology_structure

Run parameters:
   60 individuals
   14 loci
   6 populations assumed
   10000 Burn-in period
   100000 Reps


--------------------------------------------
Overall proportion of membership of the
sample in each of the 6 clusters

Inferred Clusters
  1      2      3      4      5      6    
0.219  0.168  0.147  0.167  0.123  0.177  

--------------------------------------------

Allele-freq. divergence among pops (Net nucleotide distance),
computed using point estimates of P.

      1       2       3       4       5       6      
 1      -    0.2642  0.0289  0.2101  0.0547  0.0103  
 2   0.2642     -    0.1811  0.2729  0.1642  0.2060  
 3   0.0289  0.1811     -    0.1506  0.0042  0.0047  
 4   0.2101  0.2729  0.1506     -    0.1370  0.1654  
 5   0.0547  0.1642  0.0042  0.1370     -    0.0176  
 6   0.0103  0.2060  0.0047  0.1654  0.0176     -    

Average distances (expected heterozygosity) between individuals in same cluster:
cluster  1  : 0.2181 
cluster  2  : 0.1129 
cluster  3  : 0.3673 
cluster  4  : 0.1966 
cluster  5  : 0.3957 
cluster  6  : 0.3222 

--------------------------------------------
Estimated Ln Prob of Data   = -332.5
Mean value of ln likelihood = -228.7
Variance of ln likelihood   = 207.7
Mean value of alpha         = 0.0398

Mean value of Fst_1         = 0.5888
Mean value of Fst_2         = 0.7048
Mean value of Fst_3         = 0.2741
Mean value of Fst_4         = 0.5691
Mean value of Fst_5         = 0.1336
Mean value of Fst_6         = 0.3948


Inferred ancestry of individuals:
        Label (%Miss) :  Inferred clusters
  1 torg1245   (21)   :  0.414 0.016 0.182 0.015 0.079 0.295 
  2 oldj1239   (14)   :  0.064 0.059 0.139 0.424 0.200 0.115 
  3 crim1257    (0)   :  0.520 0.006 0.159 0.007 0.019 0.290 
  4 bash1264    (7)   :  0.519 0.006 0.160 0.007 0.016 0.291 
  5 anat1259    (0)   :  0.502 0.024 0.152 0.006 0.031 0.284 
  6 okin1246    (0)   :  0.009 0.954 0.010 0.008 0.010 0.010 
  7 yaku1245    (0)   :  0.365 0.013 0.182 0.041 0.146 0.252 
  8 daur1238    (0)   :  0.243 0.007 0.232 0.011 0.275 0.232 
  9 east2337   (14)   :  0.082 0.009 0.293 0.024 0.373 0.218 
 10 ikem1235    (7)   :  0.010 0.937 0.015 0.008 0.017 0.014 
 11 sibe1251    (0)   :  0.017 0.005 0.014 0.930 0.015 0.017 
 12 nort2697    (0)   :  0.497 0.023 0.156 0.007 0.031 0.286 
 13 bona1250    (0)   :  0.080 0.035 0.285 0.037 0.350 0.213 
 14 ulch1241   (14)   :  0.146 0.010 0.105 0.485 0.124 0.130 
 15 nort2935   (14)   :  0.013 0.919 0.017 0.018 0.017 0.016 
 16 gaga1249    (0)   :  0.448 0.048 0.148 0.010 0.058 0.289 
 17 tara1319    (0)   :  0.008 0.950 0.012 0.007 0.013 0.011 
 18 moma1245   (21)   :  0.024 0.013 0.034 0.855 0.042 0.033 
 19 manc1252    (0)   :  0.150 0.022 0.185 0.246 0.224 0.174 
 20 shor1247    (0)   :  0.441 0.009 0.179 0.010 0.069 0.292 
 21 kaza1248    (0)   :  0.516 0.006 0.156 0.007 0.015 0.299 
 22 midd1351   (14)   :  0.377 0.023 0.190 0.027 0.119 0.264 
 23 chag1247   (71)   :  0.181 0.084 0.233 0.038 0.253 0.211 
 24 huih1238   (14)   :  0.045 0.022 0.052 0.773 0.060 0.049 
 25 ordo1245    (0)   :  0.239 0.007 0.236 0.011 0.277 0.230 
 26 turk1303    (0)   :  0.453 0.009 0.168 0.011 0.066 0.293 
 27 negi1245    (0)   :  0.009 0.019 0.013 0.931 0.017 0.011 
 28 nana1257    (0)   :  0.014 0.012 0.018 0.918 0.022 0.016 
 29 nort2690    (7)   :  0.250 0.062 0.234 0.012 0.226 0.216 
 30 shur1243    (0)   :  0.008 0.944 0.012 0.013 0.013 0.011 
 31 minh1238    (0)   :  0.085 0.060 0.305 0.007 0.328 0.215 
 32 udih1248    (0)   :  0.026 0.017 0.024 0.866 0.039 0.028 
 33 oira1262   (14)   :  0.307 0.011 0.215 0.014 0.194 0.260 
 34 hate1238    (7)   :  0.050 0.771 0.045 0.031 0.052 0.050 
 35 tata1255    (0)   :  0.516 0.006 0.160 0.007 0.023 0.287 
 36 turk1304    (0)   :  0.456 0.009 0.169 0.010 0.067 0.288 
 37 oroc1248    (0)   :  0.020 0.015 0.026 0.887 0.029 0.023 
 38 chuv1255    (0)   :  0.265 0.026 0.220 0.012 0.243 0.233 
 39 noga1249   (14)   :  0.380 0.025 0.192 0.028 0.117 0.259 
 40 dong1285    (7)   :  0.092 0.014 0.298 0.019 0.367 0.209 
 41 halh1238   (14)   :  0.132 0.015 0.282 0.019 0.346 0.206 
 42 ogam1239    (0)   :  0.030 0.759 0.065 0.009 0.088 0.050 
 43 cent2126    (7)   :  0.011 0.943 0.012 0.009 0.013 0.011 
 44 yona1241   (14)   :  0.096 0.028 0.292 0.027 0.349 0.207 
 45 kore1280    (0)   :  0.095 0.025 0.314 0.009 0.326 0.231 
 46 tuvi1240    (0)   :  0.293 0.010 0.200 0.019 0.237 0.241 
 47 huzh1238    (7)   :  0.084 0.030 0.309 0.011 0.343 0.223 
 48 khak1248    (0)   :  0.439 0.009 0.171 0.011 0.069 0.301 
 49 oldu1238    (7)   :  0.438 0.009 0.177 0.014 0.067 0.295 
 50 nucl1643    (0)   :  0.009 0.952 0.011 0.008 0.011 0.010 
 51 orok1265   (14)   :  0.008 0.014 0.009 0.945 0.012 0.011 
 52 midd1372   (14)   :  0.085 0.013 0.304 0.018 0.348 0.233 
 53 mogh1245   (28)   :  0.266 0.045 0.192 0.103 0.177 0.216 
 54 uigh1240    (7)   :  0.520 0.007 0.151 0.007 0.022 0.292 
 55 kara1467   (14)   :  0.517 0.007 0.151 0.009 0.025 0.291 
 56 russ1264   (14)   :  0.439 0.012 0.176 0.016 0.072 0.286 
 57 sout2954    (0)   :  0.008 0.945 0.012 0.012 0.012 0.010 
 58 berj1234    (0)   :  0.011 0.009 0.013 0.939 0.014 0.013 
 59 kham1281    (0)   :  0.361 0.013 0.186 0.043 0.147 0.251 
 60 dolg1241    (0)   :  0.447 0.009 0.172 0.011 0.068 0.294 


Estimated Allele Frequencies in each cluster
First column gives estimated ancestral frequencies


Locus 1 : TE003 
2 alleles
3.3% missing data
   1   (0.439) 0.869 0.023 0.604 0.066 0.503 0.710 
   0   (0.561) 0.131 0.977 0.396 0.934 0.497 0.290 

Locus 2 : TE004 
2 alleles
3.3% missing data
   0   (0.831) 0.964 0.992 0.892 0.331 0.865 0.924 
   1   (0.169) 0.036 0.008 0.108 0.669 0.135 0.076 

Locus 3 : TE005 
2 alleles
18.3% missing data
   0   (0.750) 0.948 0.988 0.845 0.121 0.785 0.870 
   1   (0.250) 0.052 0.012 0.155 0.879 0.215 0.130 

Locus 4 : TE006 
2 alleles
26.7% missing data
   0   (0.609) 0.890 0.102 0.688 0.967 0.635 0.774 
   1   (0.391) 0.110 0.898 0.312 0.033 0.365 0.226 

Locus 5 : TE007 
2 alleles
6.7% missing data
   0   (0.715) 0.930 0.713 0.781 0.973 0.732 0.834 
   1   (0.285) 0.070 0.287 0.219 0.027 0.268 0.166 

Locus 6 : TE008 
2 alleles
1.7% missing data
   1   (0.597) 0.816 0.931 0.635 0.966 0.560 0.716 
   0   (0.403) 0.184 0.069 0.365 0.034 0.440 0.284 

Locus 7 : TE031 
2 alleles
1.7% missing data
   1   (0.762) 0.860 0.037 0.833 0.980 0.806 0.838 
   0   (0.238) 0.140 0.963 0.167 0.020 0.194 0.162 

Locus 8 : TE037 
2 alleles
1.7% missing data
   1   (0.523) 0.760 0.611 0.598 0.120 0.508 0.664 
   0   (0.477) 0.240 0.389 0.402 0.880 0.492 0.336 

Locus 9 : TE038 
2 alleles
1.7% missing data
   1   (0.690) 0.933 0.035 0.797 0.666 0.741 0.849 
   0   (0.310) 0.067 0.965 0.203 0.334 0.259 0.151 

Locus 10 : TE039 
2 alleles
5.0% missing data
   1   (0.594) 0.524 0.970 0.586 0.926 0.618 0.564 
   0   (0.406) 0.476 0.030 0.414 0.074 0.382 0.436 

Locus 11 : TE078 
2 alleles
3.3% missing data
   0   (0.808) 0.951 0.991 0.844 0.984 0.816 0.890 
   1   (0.192) 0.049 0.009 0.156 0.016 0.184 0.110 

Locus 12 : TS079 
2 alleles
10.0% missing data
   0   (0.850) 0.971 0.993 0.912 0.505 0.881 0.937 
   1   (0.150) 0.029 0.007 0.088 0.495 0.119 0.063 

Locus 13 : TS080 
2 alleles
10.0% missing data
   0   (0.723) 0.233 0.987 0.553 0.771 0.668 0.428 
   1   (0.277) 0.767 0.013 0.447 0.229 0.332 0.572 

Locus 14 : TS088 
2 alleles
1.7% missing data
   0   (0.538) 0.820 0.977 0.583 0.961 0.507 0.687 
   1   (0.462) 0.180 0.023 0.417 0.039 0.493 0.313 

Values of parameters used in structure:
DATAFILE=phonology_structure,	OUTFILE=outfile_phonology_structure_K6_run10,	NUMINDS=60,	NUMLOCI=14,	MISSING=-9,	LABEL=1,	POPDATA=0,	POPFLAG=0,	PHENOTYPE=0,	EXTRACOLS=0,	MAXPOPS=6,	BURNIN=10000,	NUMREPS=100000,	USEPOPINFO=0,	INFERALPHA=1,	INFERLAMBDA=0,	POPSPECIFICLAMBDA=0,	POPALPHAS=0,	COMPUTEPROB=1,	NOADMIX=0,	ADMBURNIN=500,	UPDATEFREQ=100,	PRINTLIKES=0,	INTERMEDSAVE=0,	PRINTKLD=0,	PRINTNET=1,	PRINTLAMBDA=1,	ANCESTDIST=0,	NUMBOXES=1000,	ANCESTPINT=0.90000,	GENSBACK=2,	MIGRPRIOR=0.01000,	PRINTQHAT=0,	PRINTQSUM=1,	ALPHA=1.0000,	FREQSCORR=1,	FPRIORMEAN=0.0100,	FPRIORSD=0.0500,	ONEFST=0,	LAMBDA=1.0000,	UNIFPRIORALPHA=1,	ALPHAMAX=10.0000,	ALPHAPRIORA=1.0000,	ALPHAPRIORB=2.0000,	ALPHAPROPSD=0.0250,	STARTATPOPINFO=0,	RANDOMIZE=1,	LINKAGE=0,	METROFREQ=10,	REPORTHITRATE=0,	MARKOVPHASE=0,	PHASED=0,	PLOIDY=1,	PHASEINFO=0	LOCPRIOR=0, 	LOCPRIORINIT=1.000000, 	LOCDATA=0, 	LOCISPOP=0, 	LOCPRIORSTEP=0.100000, 	MAXLOCPRIOR=20.000000, 	SEED=1641226613,	
[STRAT parameters]:    NUMSIMSTATS=1000,	PHENOTYPECOL=-9,	POOLFREQ=10,	LOCUSxONLY=0,	EMERROR=0.00100,	MISSINGPHENO=-9,	