

----------------------------------------------------
STRUCTURE by Pritchard, Stephens and Donnelly (2000)
     and Falush, Stephens and Pritchard (2003)
       Code by Pritchard, Falush and Hubisz
             Version 2.3.4 (Jul 2012)
----------------------------------------------------



Command line arguments:   ./structure -m mainparams -K 5 -i phonology_structure -L 14 -o outfile_phonology_structure_K5_run41 
Input File:    phonology_structure

Run parameters:
   60 individuals
   14 loci
   5 populations assumed
   10000 Burn-in period
   100000 Reps


--------------------------------------------
Overall proportion of membership of the
sample in each of the 5 clusters

Inferred Clusters
  1      2      3      4      5    
0.188  0.185  0.179  0.188  0.261  

--------------------------------------------

Allele-freq. divergence among pops (Net nucleotide distance),
computed using point estimates of P.

      1       2       3       4       5      
 1      -    0.0271  0.0227  0.0434  0.0525  
 2   0.0271     -    0.0013  0.0225  0.0213  
 3   0.0227  0.0013     -    0.0164  0.0193  
 4   0.0434  0.0225  0.0164     -    0.0420  
 5   0.0525  0.0213  0.0193  0.0420     -    

Average distances (expected heterozygosity) between individuals in same cluster:
cluster  1  : 0.3248 
cluster  2  : 0.3749 
cluster  3  : 0.3663 
cluster  4  : 0.3435 
cluster  5  : 0.2765 

--------------------------------------------
Estimated Ln Prob of Data   = -3852.5
Mean value of ln likelihood = -345.6
Variance of ln likelihood   = 7013.8
Mean value of alpha         = 3.6221

Mean value of Fst_1         = 0.2997
Mean value of Fst_2         = 0.0780
Mean value of Fst_3         = 0.0091
Mean value of Fst_4         = 0.2187
Mean value of Fst_5         = 0.2994


Inferred ancestry of individuals:
        Label (%Miss) :  Inferred clusters
  1 torg1245   (21)   :  0.126 0.133 0.134 0.125 0.482 
  2 oldj1239   (14)   :  0.139 0.188 0.267 0.278 0.128 
  3 crim1257    (0)   :  0.122 0.123 0.124 0.122 0.510 
  4 bash1264    (7)   :  0.122 0.124 0.123 0.121 0.510 
  5 anat1259    (0)   :  0.129 0.128 0.133 0.121 0.490 
  6 okin1246    (0)   :  0.509 0.123 0.124 0.121 0.123 
  7 yaku1245    (0)   :  0.126 0.178 0.190 0.145 0.361 
  8 daur1238    (0)   :  0.122 0.347 0.258 0.126 0.147 
  9 east2337   (14)   :  0.123 0.376 0.246 0.130 0.125 
 10 ikem1235    (7)   :  0.505 0.125 0.127 0.121 0.122 
 11 sibe1251    (0)   :  0.120 0.124 0.127 0.504 0.125 
 12 nort2697    (0)   :  0.130 0.130 0.131 0.121 0.488 
 13 bona1250    (0)   :  0.137 0.316 0.291 0.133 0.123 
 14 ulch1241   (14)   :  0.123 0.178 0.219 0.307 0.173 
 15 nort2935   (14)   :  0.484 0.129 0.137 0.126 0.123 
 16 gaga1249    (0)   :  0.135 0.135 0.136 0.123 0.471 
 17 tara1319    (0)   :  0.509 0.124 0.124 0.121 0.122 
 18 moma1245   (21)   :  0.124 0.144 0.156 0.451 0.126 
 19 manc1252    (0)   :  0.128 0.182 0.237 0.266 0.187 
 20 shor1247    (0)   :  0.123 0.125 0.127 0.123 0.503 
 21 kaza1248    (0)   :  0.122 0.124 0.125 0.121 0.508 
 22 midd1351   (14)   :  0.131 0.168 0.185 0.134 0.382 
 23 chag1247   (71)   :  0.159 0.272 0.240 0.139 0.191 
 24 huih1238   (14)   :  0.127 0.140 0.153 0.446 0.135 
 25 ordo1245    (0)   :  0.122 0.347 0.260 0.125 0.146 
 26 turk1303    (0)   :  0.123 0.125 0.127 0.123 0.503 
 27 negi1245    (0)   :  0.126 0.124 0.128 0.500 0.122 
 28 nana1257    (0)   :  0.123 0.131 0.135 0.489 0.123 
 29 nort2690    (7)   :  0.156 0.223 0.246 0.124 0.250 
 30 shur1243    (0)   :  0.502 0.125 0.127 0.124 0.122 
 31 minh1238    (0)   :  0.143 0.345 0.269 0.121 0.122 
 32 udih1248    (0)   :  0.125 0.130 0.158 0.460 0.127 
 33 oira1262   (14)   :  0.124 0.229 0.214 0.126 0.307 
 34 hate1238    (7)   :  0.437 0.138 0.154 0.132 0.139 
 35 tata1255    (0)   :  0.122 0.123 0.124 0.121 0.510 
 36 turk1304    (0)   :  0.123 0.128 0.125 0.123 0.502 
 37 oroc1248    (0)   :  0.125 0.129 0.132 0.485 0.129 
 38 chuv1255    (0)   :  0.125 0.259 0.293 0.123 0.199 
 39 noga1249   (14)   :  0.130 0.167 0.187 0.134 0.382 
 40 dong1285    (7)   :  0.122 0.295 0.331 0.127 0.125 
 41 halh1238   (14)   :  0.125 0.366 0.248 0.127 0.134 
 42 ogam1239    (0)   :  0.428 0.172 0.156 0.123 0.121 
 43 cent2126    (7)   :  0.503 0.124 0.126 0.123 0.123 
 44 yona1241   (14)   :  0.129 0.287 0.331 0.130 0.123 
 45 kore1280    (0)   :  0.131 0.368 0.256 0.123 0.122 
 46 tuvi1240    (0)   :  0.124 0.294 0.255 0.130 0.197 
 47 huzh1238    (7)   :  0.136 0.374 0.243 0.124 0.122 
 48 khak1248    (0)   :  0.123 0.125 0.127 0.123 0.502 
 49 oldu1238    (7)   :  0.123 0.128 0.129 0.125 0.496 
 50 nucl1643    (0)   :  0.510 0.123 0.123 0.122 0.122 
 51 orok1265   (14)   :  0.125 0.124 0.126 0.504 0.121 
 52 midd1372   (14)   :  0.125 0.345 0.273 0.135 0.122 
 53 mogh1245   (28)   :  0.134 0.180 0.247 0.165 0.273 
 54 uigh1240    (7)   :  0.122 0.125 0.125 0.122 0.507 
 55 kara1467   (14)   :  0.122 0.125 0.124 0.122 0.508 
 56 russ1264   (14)   :  0.125 0.130 0.132 0.126 0.488 
 57 sout2954    (0)   :  0.503 0.124 0.126 0.125 0.121 
 58 berj1234    (0)   :  0.122 0.125 0.126 0.504 0.123 
 59 kham1281    (0)   :  0.126 0.176 0.188 0.146 0.364 
 60 dolg1241    (0)   :  0.122 0.127 0.126 0.123 0.501 


Estimated Allele Frequencies in each cluster
First column gives estimated ancestral frequencies


Locus 1 : TE003 
2 alleles
3.3% missing data
   1   (0.455) 0.334 0.493 0.451 0.347 0.714 
   0   (0.545) 0.666 0.507 0.549 0.653 0.286 

Locus 2 : TE004 
2 alleles
3.3% missing data
   0   (0.886) 0.914 0.888 0.889 0.648 0.912 
   1   (0.114) 0.086 0.112 0.111 0.352 0.088 

Locus 3 : TE005 
2 alleles
18.3% missing data
   0   (0.752) 0.857 0.780 0.754 0.519 0.858 
   1   (0.248) 0.143 0.220 0.246 0.481 0.142 

Locus 4 : TE006 
2 alleles
26.7% missing data
   0   (0.728) 0.487 0.704 0.731 0.830 0.835 
   1   (0.272) 0.513 0.296 0.269 0.170 0.165 

Locus 5 : TE007 
2 alleles
6.7% missing data
   0   (0.826) 0.797 0.794 0.829 0.902 0.912 
   1   (0.174) 0.203 0.206 0.171 0.098 0.088 

Locus 6 : TE008 
2 alleles
1.7% missing data
   1   (0.772) 0.860 0.690 0.772 0.876 0.884 
   0   (0.228) 0.140 0.310 0.228 0.124 0.116 

Locus 7 : TE031 
2 alleles
1.7% missing data
   1   (0.734) 0.465 0.759 0.736 0.838 0.804 
   0   (0.266) 0.535 0.241 0.264 0.162 0.196 

Locus 8 : TE037 
2 alleles
1.7% missing data
   1   (0.488) 0.594 0.508 0.489 0.390 0.721 
   0   (0.512) 0.406 0.492 0.511 0.610 0.279 

Locus 9 : TE038 
2 alleles
1.7% missing data
   1   (0.703) 0.429 0.727 0.705 0.689 0.814 
   0   (0.297) 0.571 0.273 0.295 0.311 0.186 

Locus 10 : TE039 
2 alleles
5.0% missing data
   1   (0.666) 0.798 0.673 0.662 0.772 0.595 
   0   (0.334) 0.202 0.327 0.338 0.228 0.405 

Locus 11 : TE078 
2 alleles
3.3% missing data
   0   (0.883) 0.948 0.877 0.884 0.942 0.948 
   1   (0.117) 0.052 0.123 0.116 0.058 0.052 

Locus 12 : TS079 
2 alleles
10.0% missing data
   0   (0.896) 0.942 0.904 0.898 0.753 0.942 
   1   (0.104) 0.058 0.096 0.102 0.247 0.058 

Locus 13 : TS080 
2 alleles
10.0% missing data
   0   (0.600) 0.733 0.603 0.603 0.640 0.365 
   1   (0.400) 0.267 0.397 0.397 0.360 0.635 

Locus 14 : TS088 
2 alleles
1.7% missing data
   0   (0.704) 0.859 0.637 0.706 0.849 0.857 
   1   (0.296) 0.141 0.363 0.294 0.151 0.143 

Values of parameters used in structure:
DATAFILE=phonology_structure,	OUTFILE=outfile_phonology_structure_K5_run41,	NUMINDS=60,	NUMLOCI=14,	MISSING=-9,	LABEL=1,	POPDATA=0,	POPFLAG=0,	PHENOTYPE=0,	EXTRACOLS=0,	MAXPOPS=5,	BURNIN=10000,	NUMREPS=100000,	USEPOPINFO=0,	INFERALPHA=1,	INFERLAMBDA=0,	POPSPECIFICLAMBDA=0,	POPALPHAS=0,	COMPUTEPROB=1,	NOADMIX=0,	ADMBURNIN=500,	UPDATEFREQ=100,	PRINTLIKES=0,	INTERMEDSAVE=0,	PRINTKLD=0,	PRINTNET=1,	PRINTLAMBDA=1,	ANCESTDIST=0,	NUMBOXES=1000,	ANCESTPINT=0.90000,	GENSBACK=2,	MIGRPRIOR=0.01000,	PRINTQHAT=0,	PRINTQSUM=1,	ALPHA=1.0000,	FREQSCORR=1,	FPRIORMEAN=0.0100,	FPRIORSD=0.0500,	ONEFST=0,	LAMBDA=1.0000,	UNIFPRIORALPHA=1,	ALPHAMAX=10.0000,	ALPHAPRIORA=1.0000,	ALPHAPRIORB=2.0000,	ALPHAPROPSD=0.0250,	STARTATPOPINFO=0,	RANDOMIZE=1,	LINKAGE=0,	METROFREQ=10,	REPORTHITRATE=0,	MARKOVPHASE=0,	PHASED=0,	PLOIDY=1,	PHASEINFO=0	LOCPRIOR=0, 	LOCPRIORINIT=1.000000, 	LOCDATA=0, 	LOCISPOP=0, 	LOCPRIORSTEP=0.100000, 	MAXLOCPRIOR=20.000000, 	SEED=1641287747,	
[STRAT parameters]:    NUMSIMSTATS=1000,	PHENOTYPECOL=-9,	POOLFREQ=10,	LOCUSxONLY=0,	EMERROR=0.00100,	MISSINGPHENO=-9,	