

----------------------------------------------------
STRUCTURE by Pritchard, Stephens and Donnelly (2000)
     and Falush, Stephens and Pritchard (2003)
       Code by Pritchard, Falush and Hubisz
             Version 2.3.4 (Jul 2012)
----------------------------------------------------



Command line arguments:   ./structure -m mainparams -K 4 -i phonology_structure -L 14 -o outfile_phonology_structure_K4_run41 
Input File:    phonology_structure

Run parameters:
   60 individuals
   14 loci
   4 populations assumed
   10000 Burn-in period
   100000 Reps


--------------------------------------------
Overall proportion of membership of the
sample in each of the 4 clusters

Inferred Clusters
  1      2      3      4    
0.222  0.189  0.176  0.413  

--------------------------------------------

Allele-freq. divergence among pops (Net nucleotide distance),
computed using point estimates of P.

      1       2       3       4      
 1      -    0.1438  0.1554  0.1546  
 2   0.1438     -    0.2613  0.2401  
 3   0.1554  0.2613     -    0.3183  
 4   0.1546  0.2401  0.3183     -    

Average distances (expected heterozygosity) between individuals in same cluster:
cluster  1  : 0.4128 
cluster  2  : 0.2132 
cluster  3  : 0.1183 
cluster  4  : 0.1075 

--------------------------------------------
Estimated Ln Prob of Data   = -267.8
Mean value of ln likelihood = -237.5
Variance of ln likelihood   = 60.6
Mean value of alpha         = 0.0438

Mean value of Fst_1         = 0.0360
Mean value of Fst_2         = 0.5461
Mean value of Fst_3         = 0.6947
Mean value of Fst_4         = 0.6846


Inferred ancestry of individuals:
        Label (%Miss) :  Inferred clusters
  1 torg1245   (21)   :  0.025 0.019 0.015 0.941 
  2 oldj1239   (14)   :  0.294 0.611 0.063 0.032 
  3 crim1257    (0)   :  0.010 0.008 0.007 0.975 
  4 bash1264    (7)   :  0.012 0.008 0.007 0.973 
  5 anat1259    (0)   :  0.014 0.007 0.023 0.956 
  6 okin1246    (0)   :  0.010 0.009 0.971 0.010 
  7 yaku1245    (0)   :  0.043 0.059 0.017 0.882 
  8 daur1238    (0)   :  0.598 0.023 0.009 0.370 
  9 east2337   (14)   :  0.942 0.024 0.011 0.022 
 10 ikem1235    (7)   :  0.017 0.009 0.965 0.009 
 11 sibe1251    (0)   :  0.011 0.962 0.006 0.021 
 12 nort2697    (0)   :  0.016 0.007 0.022 0.954 
 13 bona1250    (0)   :  0.884 0.055 0.047 0.013 
 14 ulch1241   (14)   :  0.094 0.652 0.011 0.243 
 15 nort2935   (14)   :  0.023 0.020 0.945 0.012 
 16 gaga1249    (0)   :  0.017 0.009 0.038 0.936 
 17 tara1319    (0)   :  0.013 0.007 0.973 0.008 
 18 moma1245   (21)   :  0.037 0.927 0.013 0.022 
 19 manc1252    (0)   :  0.327 0.434 0.031 0.209 
 20 shor1247    (0)   :  0.011 0.011 0.009 0.968 
 21 kaza1248    (0)   :  0.012 0.009 0.007 0.972 
 22 midd1351   (14)   :  0.135 0.046 0.033 0.785 
 23 chag1247   (71)   :  0.512 0.074 0.124 0.290 
 24 huih1238   (14)   :  0.055 0.872 0.025 0.048 
 25 ordo1245    (0)   :  0.600 0.022 0.009 0.369 
 26 turk1303    (0)   :  0.012 0.012 0.010 0.967 
 27 negi1245    (0)   :  0.015 0.954 0.022 0.009 
 28 nana1257    (0)   :  0.017 0.958 0.012 0.013 
 29 nort2690    (7)   :  0.434 0.019 0.105 0.443 
 30 shur1243    (0)   :  0.015 0.014 0.963 0.008 
 31 minh1238    (0)   :  0.926 0.008 0.057 0.009 
 32 udih1248    (0)   :  0.027 0.929 0.018 0.026 
 33 oira1262   (14)   :  0.210 0.020 0.012 0.758 
 34 hate1238    (7)   :  0.058 0.045 0.834 0.063 
 35 tata1255    (0)   :  0.011 0.009 0.007 0.973 
 36 turk1304    (0)   :  0.012 0.012 0.009 0.967 
 37 oroc1248    (0)   :  0.024 0.930 0.017 0.029 
 38 chuv1255    (0)   :  0.291 0.016 0.032 0.661 
 39 noga1249   (14)   :  0.135 0.047 0.032 0.786 
 40 dong1285    (7)   :  0.943 0.024 0.014 0.019 
 41 halh1238   (14)   :  0.853 0.027 0.018 0.102 
 42 ogam1239    (0)   :  0.153 0.011 0.828 0.008 
 43 cent2126    (7)   :  0.014 0.011 0.962 0.013 
 44 yona1241   (14)   :  0.922 0.038 0.029 0.011 
 45 kore1280    (0)   :  0.954 0.010 0.025 0.011 
 46 tuvi1240    (0)   :  0.266 0.041 0.014 0.678 
 47 huzh1238    (7)   :  0.946 0.012 0.030 0.012 
 48 khak1248    (0)   :  0.011 0.011 0.009 0.969 
 49 oldu1238    (7)   :  0.011 0.016 0.009 0.964 
 50 nucl1643    (0)   :  0.011 0.009 0.970 0.010 
 51 orok1265   (14)   :  0.013 0.963 0.016 0.008 
 52 midd1372   (14)   :  0.961 0.018 0.013 0.007 
 53 mogh1245   (28)   :  0.243 0.213 0.060 0.484 
 54 uigh1240    (7)   :  0.012 0.008 0.008 0.971 
 55 kara1467   (14)   :  0.014 0.010 0.008 0.968 
 56 russ1264   (14)   :  0.017 0.016 0.013 0.954 
 57 sout2954    (0)   :  0.014 0.014 0.964 0.008 
 58 berj1234    (0)   :  0.014 0.966 0.010 0.011 
 59 kham1281    (0)   :  0.049 0.060 0.017 0.875 
 60 dolg1241    (0)   :  0.012 0.012 0.009 0.967 


Estimated Allele Frequencies in each cluster
First column gives estimated ancestral frequencies


Locus 1 : TE003 
2 alleles
3.3% missing data
   1   (0.369) 0.376 0.078 0.022 0.981 
   0   (0.631) 0.624 0.922 0.978 0.019 

Locus 2 : TE004 
2 alleles
3.3% missing data
   0   (0.817) 0.837 0.376 0.991 0.996 
   1   (0.183) 0.163 0.624 0.009 0.004 

Locus 3 : TE005 
2 alleles
18.3% missing data
   0   (0.757) 0.775 0.148 0.988 0.992 
   1   (0.243) 0.225 0.852 0.012 0.008 

Locus 4 : TE006 
2 alleles
26.7% missing data
   0   (0.532) 0.505 0.960 0.108 0.982 
   1   (0.468) 0.495 0.040 0.892 0.018 

Locus 5 : TE007 
2 alleles
6.7% missing data
   0   (0.652) 0.631 0.968 0.705 0.993 
   1   (0.348) 0.369 0.032 0.295 0.007 

Locus 6 : TE008 
2 alleles
1.7% missing data
   1   (0.537) 0.488 0.959 0.911 0.925 
   0   (0.463) 0.512 0.041 0.089 0.075 

Locus 7 : TE031 
2 alleles
1.7% missing data
   1   (0.754) 0.785 0.980 0.039 0.868 
   0   (0.246) 0.215 0.020 0.961 0.132 

Locus 8 : TE037 
2 alleles
1.7% missing data
   1   (0.464) 0.463 0.138 0.605 0.864 
   0   (0.536) 0.537 0.862 0.395 0.136 

Locus 9 : TE038 
2 alleles
1.7% missing data
   1   (0.630) 0.650 0.675 0.033 0.993 
   0   (0.370) 0.350 0.325 0.967 0.007 

Locus 10 : TE039 
2 alleles
5.0% missing data
   1   (0.568) 0.556 0.885 0.967 0.520 
   0   (0.432) 0.444 0.115 0.033 0.480 

Locus 11 : TE078 
2 alleles
3.3% missing data
   0   (0.756) 0.735 0.980 0.988 0.995 
   1   (0.244) 0.265 0.020 0.012 0.005 

Locus 12 : TS079 
2 alleles
10.0% missing data
   0   (0.848) 0.869 0.543 0.993 0.997 
   1   (0.152) 0.131 0.457 0.007 0.003 

Locus 13 : TS080 
2 alleles
10.0% missing data
   0   (0.734) 0.761 0.769 0.988 0.086 
   1   (0.266) 0.239 0.231 0.012 0.914 

Locus 14 : TS088 
2 alleles
1.7% missing data
   0   (0.425) 0.352 0.950 0.970 0.944 
   1   (0.575) 0.648 0.050 0.030 0.056 

Values of parameters used in structure:
DATAFILE=phonology_structure,	OUTFILE=outfile_phonology_structure_K4_run41,	NUMINDS=60,	NUMLOCI=14,	MISSING=-9,	LABEL=1,	POPDATA=0,	POPFLAG=0,	PHENOTYPE=0,	EXTRACOLS=0,	MAXPOPS=4,	BURNIN=10000,	NUMREPS=100000,	USEPOPINFO=0,	INFERALPHA=1,	INFERLAMBDA=0,	POPSPECIFICLAMBDA=0,	POPALPHAS=0,	COMPUTEPROB=1,	NOADMIX=0,	ADMBURNIN=500,	UPDATEFREQ=100,	PRINTLIKES=0,	INTERMEDSAVE=0,	PRINTKLD=0,	PRINTNET=1,	PRINTLAMBDA=1,	ANCESTDIST=0,	NUMBOXES=1000,	ANCESTPINT=0.90000,	GENSBACK=2,	MIGRPRIOR=0.01000,	PRINTQHAT=0,	PRINTQSUM=1,	ALPHA=1.0000,	FREQSCORR=1,	FPRIORMEAN=0.0100,	FPRIORSD=0.0500,	ONEFST=0,	LAMBDA=1.0000,	UNIFPRIORALPHA=1,	ALPHAMAX=10.0000,	ALPHAPRIORA=1.0000,	ALPHAPRIORB=2.0000,	ALPHAPROPSD=0.0250,	STARTATPOPINFO=0,	RANDOMIZE=1,	LINKAGE=0,	METROFREQ=10,	REPORTHITRATE=0,	MARKOVPHASE=0,	PHASED=0,	PLOIDY=1,	PHASEINFO=0	LOCPRIOR=0, 	LOCPRIORINIT=1.000000, 	LOCDATA=0, 	LOCISPOP=0, 	LOCPRIORSTEP=0.100000, 	MAXLOCPRIOR=20.000000, 	SEED=1641287701,	
[STRAT parameters]:    NUMSIMSTATS=1000,	PHENOTYPECOL=-9,	POOLFREQ=10,	LOCUSxONLY=0,	EMERROR=0.00100,	MISSINGPHENO=-9,	