

----------------------------------------------------
STRUCTURE by Pritchard, Stephens and Donnelly (2000)
     and Falush, Stephens and Pritchard (2003)
       Code by Pritchard, Falush and Hubisz
             Version 2.3.4 (Jul 2012)
----------------------------------------------------



Command line arguments:   ./structure -m mainparams -K 7 -i phonology_structure -L 14 -o outfile_phonology_structure_K7_run41 
Input File:    phonology_structure

Run parameters:
   60 individuals
   14 loci
   7 populations assumed
   10000 Burn-in period
   100000 Reps


--------------------------------------------
Overall proportion of membership of the
sample in each of the 7 clusters

Inferred Clusters
  1      2      3      4      5      6      7    
0.163  0.100  0.156  0.198  0.103  0.108  0.172  

--------------------------------------------

Allele-freq. divergence among pops (Net nucleotide distance),
computed using point estimates of P.

      1       2       3       4       5       6       7      
 1      -    0.1490  0.2445  0.2443  0.1477  0.1503  0.2430  
 2   0.1490     -    0.1143  0.0514  0.0004  0.0004  0.0457  
 3   0.2445  0.1143     -    0.1954  0.1183  0.1229  0.1819  
 4   0.2443  0.0514  0.1954     -    0.0518  0.0507  0.0026  
 5   0.1477  0.0004  0.1183  0.0518     -    0.0003  0.0480  
 6   0.1503  0.0004  0.1229  0.0507  0.0003     -    0.0461  
 7   0.2430  0.0457  0.1819  0.0026  0.0480  0.0461     -    

Average distances (expected heterozygosity) between individuals in same cluster:
cluster  1  : 0.1397 
cluster  2  : 0.3931 
cluster  3  : 0.2215 
cluster  4  : 0.2127 
cluster  5  : 0.3960 
cluster  6  : 0.3911 
cluster  7  : 0.2207 

--------------------------------------------
Estimated Ln Prob of Data   = -1271.7
Mean value of ln likelihood = -242.4
Variance of ln likelihood   = 2058.8
Mean value of alpha         = 0.1544

Mean value of Fst_1         = 0.6821
Mean value of Fst_2         = 0.1010
Mean value of Fst_3         = 0.5342
Mean value of Fst_4         = 0.5742
Mean value of Fst_5         = 0.1049
Mean value of Fst_6         = 0.1829
Mean value of Fst_7         = 0.5709


Inferred ancestry of individuals:
        Label (%Miss) :  Inferred clusters
  1 torg1245   (21)   :  0.023 0.066 0.023 0.378 0.046 0.089 0.375 
  2 oldj1239   (14)   :  0.057 0.176 0.343 0.056 0.174 0.148 0.047 
  3 crim1257    (0)   :  0.014 0.023 0.015 0.519 0.069 0.047 0.313 
  4 bash1264    (7)   :  0.014 0.027 0.015 0.510 0.067 0.054 0.314 
  5 anat1259    (0)   :  0.028 0.039 0.015 0.487 0.079 0.053 0.299 
  6 okin1246    (0)   :  0.902 0.017 0.015 0.017 0.016 0.017 0.016 
  7 yaku1245    (0)   :  0.020 0.111 0.043 0.267 0.066 0.117 0.375 
  8 daur1238    (0)   :  0.014 0.196 0.020 0.155 0.167 0.179 0.268 
  9 east2337   (14)   :  0.018 0.256 0.032 0.084 0.265 0.275 0.070 
 10 ikem1235    (7)   :  0.880 0.023 0.015 0.017 0.023 0.024 0.017 
 11 sibe1251    (0)   :  0.013 0.025 0.864 0.024 0.023 0.022 0.027 
 12 nort2697    (0)   :  0.028 0.035 0.015 0.483 0.079 0.060 0.300 
 13 bona1250    (0)   :  0.046 0.238 0.043 0.073 0.261 0.287 0.052 
 14 ulch1241   (14)   :  0.018 0.117 0.382 0.110 0.113 0.116 0.143 
 15 nort2935   (14)   :  0.855 0.025 0.026 0.019 0.030 0.026 0.020 
 16 gaga1249    (0)   :  0.057 0.055 0.017 0.411 0.054 0.079 0.326 
 17 tara1319    (0)   :  0.893 0.022 0.014 0.016 0.021 0.019 0.015 
 18 moma1245   (21)   :  0.020 0.058 0.741 0.032 0.058 0.055 0.036 
 19 manc1252    (0)   :  0.027 0.196 0.194 0.122 0.209 0.163 0.088 
 20 shor1247    (0)   :  0.017 0.049 0.017 0.415 0.031 0.074 0.397 
 21 kaza1248    (0)   :  0.014 0.025 0.015 0.515 0.067 0.047 0.318 
 22 midd1351   (14)   :  0.029 0.108 0.032 0.322 0.150 0.131 0.228 
 23 chag1247   (71)   :  0.076 0.200 0.041 0.143 0.211 0.192 0.137 
 24 huih1238   (14)   :  0.029 0.070 0.675 0.046 0.066 0.061 0.053 
 25 ordo1245    (0)   :  0.014 0.195 0.019 0.159 0.170 0.175 0.268 
 26 turk1303    (0)   :  0.016 0.046 0.018 0.405 0.027 0.074 0.414 
 27 negi1245    (0)   :  0.027 0.032 0.852 0.016 0.028 0.026 0.019 
 28 nana1257    (0)   :  0.020 0.033 0.837 0.022 0.032 0.031 0.025 
 29 nort2690    (7)   :  0.066 0.169 0.021 0.203 0.215 0.188 0.137 
 30 shur1243    (0)   :  0.889 0.020 0.020 0.015 0.021 0.019 0.016 
 31 minh1238    (0)   :  0.067 0.256 0.018 0.079 0.256 0.275 0.050 
 32 udih1248    (0)   :  0.023 0.043 0.785 0.032 0.042 0.037 0.037 
 33 oira1262   (14)   :  0.018 0.134 0.023 0.263 0.120 0.133 0.307 
 34 hate1238    (7)   :  0.704 0.060 0.034 0.052 0.053 0.050 0.045 
 35 tata1255    (0)   :  0.014 0.024 0.015 0.512 0.065 0.048 0.322 
 36 turk1304    (0)   :  0.017 0.047 0.018 0.409 0.029 0.078 0.404 
 37 oroc1248    (0)   :  0.022 0.036 0.812 0.029 0.037 0.034 0.031 
 38 chuv1255    (0)   :  0.027 0.189 0.021 0.212 0.185 0.166 0.199 
 39 noga1249   (14)   :  0.028 0.113 0.031 0.322 0.156 0.133 0.217 
 40 dong1285    (7)   :  0.020 0.258 0.029 0.085 0.271 0.279 0.057 
 41 halh1238   (14)   :  0.023 0.253 0.028 0.103 0.238 0.240 0.116 
 42 ogam1239    (0)   :  0.697 0.078 0.018 0.023 0.077 0.079 0.028 
 43 cent2126    (7)   :  0.887 0.019 0.017 0.019 0.020 0.019 0.019 
 44 yona1241   (14)   :  0.032 0.268 0.036 0.073 0.254 0.281 0.056 
 45 kore1280    (0)   :  0.036 0.262 0.022 0.074 0.265 0.275 0.066 
 46 tuvi1240    (0)   :  0.017 0.172 0.029 0.195 0.137 0.148 0.303 
 47 huzh1238    (7)   :  0.043 0.237 0.022 0.075 0.262 0.305 0.056 
 48 khak1248    (0)   :  0.017 0.044 0.018 0.416 0.028 0.077 0.400 
 49 oldu1238    (7)   :  0.016 0.049 0.020 0.408 0.029 0.077 0.401 
 50 nucl1643    (0)   :  0.901 0.017 0.015 0.016 0.018 0.017 0.016 
 51 orok1265   (14)   :  0.021 0.023 0.878 0.016 0.023 0.021 0.017 
 52 midd1372   (14)   :  0.021 0.262 0.029 0.076 0.261 0.299 0.052 
 53 mogh1245   (28)   :  0.046 0.152 0.086 0.243 0.171 0.143 0.159 
 54 uigh1240    (7)   :  0.015 0.027 0.015 0.501 0.069 0.055 0.318 
 55 kara1467   (14)   :  0.015 0.027 0.016 0.503 0.071 0.052 0.317 
 56 russ1264   (14)   :  0.019 0.060 0.022 0.381 0.041 0.079 0.399 
 57 sout2954    (0)   :  0.881 0.022 0.021 0.017 0.022 0.021 0.017 
 58 berj1234    (0)   :  0.017 0.029 0.860 0.019 0.029 0.024 0.022 
 59 kham1281    (0)   :  0.022 0.114 0.045 0.267 0.073 0.110 0.370 
 60 dolg1241    (0)   :  0.016 0.050 0.018 0.402 0.028 0.076 0.409 


Estimated Allele Frequencies in each cluster
First column gives estimated ancestral frequencies


Locus 1 : TE003 
2 alleles
3.3% missing data
   1   (0.477) 0.051 0.525 0.095 0.859 0.519 0.530 0.870 
   0   (0.523) 0.949 0.475 0.905 0.141 0.481 0.470 0.130 

Locus 2 : TE004 
2 alleles
3.3% missing data
   0   (0.823) 0.984 0.853 0.352 0.959 0.853 0.866 0.954 
   1   (0.177) 0.016 0.147 0.648 0.041 0.147 0.134 0.046 

Locus 3 : TE005 
2 alleles
18.3% missing data
   0   (0.744) 0.976 0.774 0.160 0.938 0.767 0.783 0.924 
   1   (0.256) 0.024 0.226 0.840 0.062 0.233 0.217 0.076 

Locus 4 : TE006 
2 alleles
26.7% missing data
   0   (0.666) 0.132 0.700 0.952 0.908 0.675 0.662 0.911 
   1   (0.334) 0.868 0.300 0.048 0.092 0.325 0.338 0.089 

Locus 5 : TE007 
2 alleles
6.7% missing data
   0   (0.716) 0.719 0.739 0.961 0.932 0.730 0.717 0.931 
   1   (0.284) 0.281 0.261 0.039 0.068 0.270 0.283 0.069 

Locus 6 : TE008 
2 alleles
1.7% missing data
   1   (0.627) 0.931 0.598 0.951 0.847 0.606 0.604 0.794 
   0   (0.373) 0.069 0.402 0.049 0.153 0.394 0.396 0.206 

Locus 7 : TE031 
2 alleles
1.7% missing data
   1   (0.762) 0.076 0.794 0.964 0.843 0.790 0.811 0.873 
   0   (0.238) 0.924 0.206 0.036 0.157 0.210 0.189 0.127 

Locus 8 : TE037 
2 alleles
1.7% missing data
   1   (0.512) 0.616 0.493 0.147 0.791 0.524 0.534 0.700 
   0   (0.488) 0.384 0.507 0.853 0.209 0.476 0.466 0.300 

Locus 9 : TE038 
2 alleles
1.7% missing data
   1   (0.697) 0.072 0.731 0.664 0.923 0.733 0.751 0.926 
   0   (0.303) 0.928 0.269 0.336 0.077 0.267 0.249 0.074 

Locus 10 : TE039 
2 alleles
5.0% missing data
   1   (0.580) 0.954 0.612 0.911 0.496 0.551 0.587 0.647 
   0   (0.420) 0.046 0.388 0.089 0.504 0.449 0.413 0.353 

Locus 11 : TE078 
2 alleles
3.3% missing data
   0   (0.825) 0.988 0.835 0.978 0.956 0.831 0.828 0.957 
   1   (0.175) 0.012 0.165 0.022 0.044 0.169 0.172 0.043 

Locus 12 : TS079 
2 alleles
10.0% missing data
   0   (0.864) 0.988 0.885 0.517 0.970 0.886 0.898 0.968 
   1   (0.136) 0.012 0.115 0.483 0.030 0.114 0.102 0.032 

Locus 13 : TS080 
2 alleles
10.0% missing data
   0   (0.709) 0.963 0.657 0.756 0.226 0.678 0.663 0.210 
   1   (0.291) 0.037 0.343 0.244 0.774 0.322 0.337 0.790 

Locus 14 : TS088 
2 alleles
1.7% missing data
   0   (0.592) 0.968 0.569 0.946 0.848 0.574 0.554 0.812 
   1   (0.408) 0.032 0.431 0.054 0.152 0.426 0.446 0.188 

Values of parameters used in structure:
DATAFILE=phonology_structure,	OUTFILE=outfile_phonology_structure_K7_run41,	NUMINDS=60,	NUMLOCI=14,	MISSING=-9,	LABEL=1,	POPDATA=0,	POPFLAG=0,	PHENOTYPE=0,	EXTRACOLS=0,	MAXPOPS=7,	BURNIN=10000,	NUMREPS=100000,	USEPOPINFO=0,	INFERALPHA=1,	INFERLAMBDA=0,	POPSPECIFICLAMBDA=0,	POPALPHAS=0,	COMPUTEPROB=1,	NOADMIX=0,	ADMBURNIN=500,	UPDATEFREQ=100,	PRINTLIKES=0,	INTERMEDSAVE=0,	PRINTKLD=0,	PRINTNET=1,	PRINTLAMBDA=1,	ANCESTDIST=0,	NUMBOXES=1000,	ANCESTPINT=0.90000,	GENSBACK=2,	MIGRPRIOR=0.01000,	PRINTQHAT=0,	PRINTQSUM=1,	ALPHA=1.0000,	FREQSCORR=1,	FPRIORMEAN=0.0100,	FPRIORSD=0.0500,	ONEFST=0,	LAMBDA=1.0000,	UNIFPRIORALPHA=1,	ALPHAMAX=10.0000,	ALPHAPRIORA=1.0000,	ALPHAPRIORB=2.0000,	ALPHAPROPSD=0.0250,	STARTATPOPINFO=0,	RANDOMIZE=1,	LINKAGE=0,	METROFREQ=10,	REPORTHITRATE=0,	MARKOVPHASE=0,	PHASED=0,	PLOIDY=1,	PHASEINFO=0	LOCPRIOR=0, 	LOCPRIORINIT=1.000000, 	LOCDATA=0, 	LOCISPOP=0, 	LOCPRIORSTEP=0.100000, 	MAXLOCPRIOR=20.000000, 	SEED=1641287859,	
[STRAT parameters]:    NUMSIMSTATS=1000,	PHENOTYPECOL=-9,	POOLFREQ=10,	LOCUSxONLY=0,	EMERROR=0.00100,	MISSINGPHENO=-9,	