

----------------------------------------------------
STRUCTURE by Pritchard, Stephens and Donnelly (2000)
     and Falush, Stephens and Pritchard (2003)
       Code by Pritchard, Falush and Hubisz
             Version 2.3.4 (Jul 2012)
----------------------------------------------------



Command line arguments:   ./structure -m mainparams -K 7 -i phonology_structure -L 14 -o outfile_phonology_structure_K7_run50 
Input File:    phonology_structure

Run parameters:
   60 individuals
   14 loci
   7 populations assumed
   10000 Burn-in period
   100000 Reps


--------------------------------------------
Overall proportion of membership of the
sample in each of the 7 clusters

Inferred Clusters
  1      2      3      4      5      6      7    
0.164  0.139  0.129  0.120  0.146  0.159  0.143  

--------------------------------------------

Allele-freq. divergence among pops (Net nucleotide distance),
computed using point estimates of P.

      1       2       3       4       5       6       7      
 1      -    0.1903  0.1660  0.1681  0.2249  0.2623  0.1925  
 2   0.1903     -    0.0039  0.0039  0.0039  0.1558  0.0024  
 3   0.1660  0.0039     -    0.0001  0.0115  0.1378  0.0062  
 4   0.1681  0.0039  0.0001     -    0.0120  0.1412  0.0073  
 5   0.2249  0.0039  0.0115  0.0120     -    0.1737  0.0026  
 6   0.2623  0.1558  0.1378  0.1412  0.1737     -    0.1544  
 7   0.1925  0.0024  0.0062  0.0073  0.0026  0.1544     -    

Average distances (expected heterozygosity) between individuals in same cluster:
cluster  1  : 0.1251 
cluster  2  : 0.3388 
cluster  3  : 0.3747 
cluster  4  : 0.3745 
cluster  5  : 0.2923 
cluster  6  : 0.2041 
cluster  7  : 0.3171 

--------------------------------------------
Estimated Ln Prob of Data   = -794.2
Mean value of ln likelihood = -233.7
Variance of ln likelihood   = 1121.0
Mean value of alpha         = 0.0933

Mean value of Fst_1         = 0.6970
Mean value of Fst_2         = 0.3425
Mean value of Fst_3         = 0.2255
Mean value of Fst_4         = 0.2461
Mean value of Fst_5         = 0.4664
Mean value of Fst_6         = 0.5619
Mean value of Fst_7         = 0.3831


Inferred ancestry of individuals:
        Label (%Miss) :  Inferred clusters
  1 torg1245   (21)   :  0.019 0.158 0.183 0.126 0.191 0.020 0.303 
  2 oldj1239   (14)   :  0.059 0.126 0.143 0.141 0.071 0.360 0.101 
  3 crim1257    (0)   :  0.009 0.276 0.129 0.125 0.284 0.011 0.166 
  4 bash1264    (7)   :  0.010 0.276 0.128 0.133 0.278 0.011 0.165 
  5 anat1259    (0)   :  0.027 0.271 0.123 0.120 0.276 0.010 0.173 
  6 okin1246    (0)   :  0.921 0.014 0.014 0.013 0.013 0.011 0.014 
  7 yaku1245    (0)   :  0.018 0.139 0.153 0.144 0.239 0.040 0.266 
  8 daur1238    (0)   :  0.010 0.168 0.159 0.166 0.320 0.014 0.163 
  9 east2337   (14)   :  0.013 0.188 0.247 0.232 0.121 0.024 0.175 
 10 ikem1235    (7)   :  0.902 0.018 0.020 0.017 0.015 0.011 0.016 
 11 sibe1251    (0)   :  0.009 0.018 0.019 0.019 0.022 0.891 0.021 
 12 nort2697    (0)   :  0.026 0.279 0.124 0.118 0.276 0.010 0.166 
 13 bona1250    (0)   :  0.041 0.178 0.236 0.254 0.092 0.039 0.160 
 14 ulch1241   (14)   :  0.013 0.100 0.104 0.104 0.125 0.434 0.120 
 15 nort2935   (14)   :  0.880 0.022 0.021 0.020 0.017 0.020 0.019 
 16 gaga1249    (0)   :  0.057 0.192 0.160 0.108 0.213 0.014 0.256 
 17 tara1319    (0)   :  0.914 0.014 0.016 0.016 0.014 0.010 0.016 
 18 moma1245   (21)   :  0.016 0.038 0.038 0.033 0.034 0.807 0.033 
 19 manc1252    (0)   :  0.022 0.173 0.172 0.175 0.125 0.195 0.138 
 20 shor1247    (0)   :  0.012 0.148 0.188 0.120 0.200 0.013 0.318 
 21 kaza1248    (0)   :  0.010 0.276 0.126 0.124 0.282 0.011 0.171 
 22 midd1351   (14)   :  0.026 0.250 0.141 0.172 0.237 0.027 0.148 
 23 chag1247   (71)   :  0.077 0.177 0.187 0.190 0.170 0.039 0.160 
 24 huih1238   (14)   :  0.025 0.054 0.057 0.056 0.049 0.703 0.056 
 25 ordo1245    (0)   :  0.010 0.170 0.159 0.169 0.321 0.014 0.158 
 26 turk1303    (0)   :  0.012 0.152 0.186 0.116 0.197 0.014 0.323 
 27 negi1245    (0)   :  0.021 0.018 0.020 0.019 0.015 0.891 0.017 
 28 nana1257    (0)   :  0.015 0.024 0.024 0.023 0.021 0.869 0.024 
 29 nort2690    (7)   :  0.062 0.218 0.184 0.193 0.173 0.014 0.156 
 30 shur1243    (0)   :  0.912 0.014 0.016 0.015 0.013 0.015 0.014 
 31 minh1238    (0)   :  0.064 0.180 0.256 0.234 0.103 0.012 0.150 
 32 udih1248    (0)   :  0.021 0.032 0.034 0.036 0.030 0.817 0.031 
 33 oira1262   (14)   :  0.014 0.158 0.183 0.155 0.223 0.017 0.250 
 34 hate1238    (7)   :  0.724 0.049 0.055 0.046 0.039 0.034 0.053 
 35 tata1255    (0)   :  0.010 0.283 0.126 0.126 0.278 0.011 0.167 
 36 turk1304    (0)   :  0.013 0.144 0.187 0.120 0.202 0.014 0.320 
 37 oroc1248    (0)   :  0.018 0.029 0.028 0.028 0.025 0.842 0.030 
 38 chuv1255    (0)   :  0.025 0.202 0.184 0.171 0.234 0.015 0.168 
 39 noga1249   (14)   :  0.026 0.241 0.140 0.171 0.245 0.030 0.148 
 40 dong1285    (7)   :  0.015 0.187 0.256 0.249 0.112 0.022 0.158 
 41 halh1238   (14)   :  0.018 0.178 0.216 0.219 0.180 0.023 0.165 
 42 ogam1239    (0)   :  0.712 0.050 0.061 0.071 0.039 0.013 0.053 
 43 cent2126    (7)   :  0.905 0.017 0.018 0.016 0.014 0.013 0.017 
 44 yona1241   (14)   :  0.032 0.182 0.245 0.249 0.111 0.030 0.152 
 45 kore1280    (0)   :  0.033 0.180 0.239 0.242 0.132 0.014 0.160 
 46 tuvi1240    (0)   :  0.013 0.158 0.148 0.156 0.315 0.023 0.187 
 47 huzh1238    (7)   :  0.035 0.199 0.232 0.260 0.107 0.014 0.154 
 48 khak1248    (0)   :  0.012 0.149 0.190 0.115 0.208 0.013 0.314 
 49 oldu1238    (7)   :  0.012 0.155 0.187 0.112 0.202 0.017 0.315 
 50 nucl1643    (0)   :  0.922 0.013 0.014 0.015 0.012 0.011 0.013 
 51 orok1265   (14)   :  0.016 0.015 0.014 0.013 0.015 0.911 0.015 
 52 midd1372   (14)   :  0.017 0.175 0.263 0.267 0.104 0.021 0.153 
 53 mogh1245   (28)   :  0.043 0.212 0.160 0.175 0.187 0.079 0.143 
 54 uigh1240    (7)   :  0.011 0.271 0.129 0.130 0.279 0.010 0.170 
 55 kara1467   (14)   :  0.011 0.274 0.130 0.133 0.279 0.012 0.163 
 56 russ1264   (14)   :  0.015 0.157 0.186 0.127 0.193 0.018 0.305 
 57 sout2954    (0)   :  0.914 0.014 0.014 0.015 0.013 0.016 0.014 
 58 berj1234    (0)   :  0.012 0.020 0.019 0.017 0.018 0.896 0.018 
 59 kham1281    (0)   :  0.017 0.136 0.154 0.147 0.248 0.040 0.258 
 60 dolg1241    (0)   :  0.012 0.146 0.190 0.114 0.201 0.013 0.324 


Estimated Allele Frequencies in each cluster
First column gives estimated ancestral frequencies


Locus 1 : TE003 
2 alleles
3.3% missing data
   1   (0.453) 0.037 0.669 0.582 0.583 0.779 0.078 0.704 
   0   (0.547) 0.963 0.331 0.418 0.417 0.221 0.922 0.296 

Locus 2 : TE004 
2 alleles
3.3% missing data
   0   (0.828) 0.988 0.904 0.879 0.878 0.937 0.330 0.910 
   1   (0.172) 0.012 0.096 0.121 0.122 0.063 0.670 0.090 

Locus 3 : TE005 
2 alleles
18.3% missing data
   0   (0.754) 0.982 0.853 0.817 0.826 0.901 0.131 0.873 
   1   (0.246) 0.018 0.147 0.183 0.174 0.099 0.869 0.127 

Locus 4 : TE006 
2 alleles
26.7% missing data
   0   (0.624) 0.113 0.764 0.693 0.687 0.838 0.960 0.782 
   1   (0.376) 0.887 0.236 0.307 0.313 0.162 0.040 0.218 

Locus 5 : TE007 
2 alleles
6.7% missing data
   0   (0.716) 0.717 0.826 0.771 0.767 0.884 0.968 0.841 
   1   (0.284) 0.283 0.174 0.229 0.233 0.116 0.032 0.159 

Locus 6 : TE008 
2 alleles
1.7% missing data
   1   (0.627) 0.934 0.717 0.667 0.657 0.681 0.963 0.747 
   0   (0.373) 0.066 0.283 0.333 0.343 0.319 0.037 0.253 

Locus 7 : TE031 
2 alleles
1.7% missing data
   1   (0.762) 0.055 0.813 0.815 0.817 0.849 0.972 0.836 
   0   (0.238) 0.945 0.187 0.185 0.183 0.151 0.028 0.164 

Locus 8 : TE037 
2 alleles
1.7% missing data
   1   (0.519) 0.612 0.644 0.592 0.583 0.605 0.125 0.662 
   0   (0.481) 0.388 0.356 0.408 0.417 0.395 0.875 0.338 

Locus 9 : TE038 
2 alleles
1.7% missing data
   1   (0.705) 0.054 0.827 0.779 0.784 0.885 0.665 0.844 
   0   (0.295) 0.946 0.173 0.221 0.216 0.115 0.335 0.156 

Locus 10 : TE039 
2 alleles
5.0% missing data
   1   (0.590) 0.964 0.498 0.605 0.569 0.572 0.926 0.660 
   0   (0.410) 0.036 0.502 0.395 0.431 0.428 0.074 0.340 

Locus 11 : TE078 
2 alleles
3.3% missing data
   0   (0.815) 0.989 0.884 0.840 0.843 0.923 0.982 0.895 
   1   (0.185) 0.011 0.116 0.160 0.157 0.077 0.018 0.105 

Locus 12 : TS079 
2 alleles
10.0% missing data
   0   (0.857) 0.991 0.925 0.902 0.908 0.948 0.505 0.927 
   1   (0.143) 0.009 0.075 0.098 0.092 0.052 0.495 0.073 

Locus 13 : TS080 
2 alleles
10.0% missing data
   0   (0.694) 0.975 0.457 0.552 0.567 0.333 0.769 0.406 
   1   (0.306) 0.025 0.543 0.448 0.433 0.667 0.231 0.594 

Locus 14 : TS088 
2 alleles
1.7% missing data
   0   (0.554) 0.973 0.684 0.606 0.594 0.692 0.955 0.712 
   1   (0.446) 0.027 0.316 0.394 0.406 0.308 0.045 0.288 

Values of parameters used in structure:
DATAFILE=phonology_structure,	OUTFILE=outfile_phonology_structure_K7_run50,	NUMINDS=60,	NUMLOCI=14,	MISSING=-9,	LABEL=1,	POPDATA=0,	POPFLAG=0,	PHENOTYPE=0,	EXTRACOLS=0,	MAXPOPS=7,	BURNIN=10000,	NUMREPS=100000,	USEPOPINFO=0,	INFERALPHA=1,	INFERLAMBDA=0,	POPSPECIFICLAMBDA=0,	POPALPHAS=0,	COMPUTEPROB=1,	NOADMIX=0,	ADMBURNIN=500,	UPDATEFREQ=100,	PRINTLIKES=0,	INTERMEDSAVE=0,	PRINTKLD=0,	PRINTNET=1,	PRINTLAMBDA=1,	ANCESTDIST=0,	NUMBOXES=1000,	ANCESTPINT=0.90000,	GENSBACK=2,	MIGRPRIOR=0.01000,	PRINTQHAT=0,	PRINTQSUM=1,	ALPHA=1.0000,	FREQSCORR=1,	FPRIORMEAN=0.0100,	FPRIORSD=0.0500,	ONEFST=0,	LAMBDA=1.0000,	UNIFPRIORALPHA=1,	ALPHAMAX=10.0000,	ALPHAPRIORA=1.0000,	ALPHAPRIORB=2.0000,	ALPHAPROPSD=0.0250,	STARTATPOPINFO=0,	RANDOMIZE=1,	LINKAGE=0,	METROFREQ=10,	REPORTHITRATE=0,	MARKOVPHASE=0,	PHASED=0,	PLOIDY=1,	PHASEINFO=0	LOCPRIOR=0, 	LOCPRIORINIT=1.000000, 	LOCDATA=0, 	LOCISPOP=0, 	LOCPRIORSTEP=0.100000, 	MAXLOCPRIOR=20.000000, 	SEED=1641293321,	
[STRAT parameters]:    NUMSIMSTATS=1000,	PHENOTYPECOL=-9,	POOLFREQ=10,	LOCUSxONLY=0,	EMERROR=0.00100,	MISSINGPHENO=-9,	