

----------------------------------------------------
STRUCTURE by Pritchard, Stephens and Donnelly (2000)
     and Falush, Stephens and Pritchard (2003)
       Code by Pritchard, Falush and Hubisz
             Version 2.3.4 (Jul 2012)
----------------------------------------------------



Command line arguments:   ./structure -m mainparams -K 7 -i phonology_structure -L 14 -o outfile_phonology_structure_K7_run32 
Input File:    phonology_structure

Run parameters:
   60 individuals
   14 loci
   7 populations assumed
   10000 Burn-in period
   100000 Reps


--------------------------------------------
Overall proportion of membership of the
sample in each of the 7 clusters

Inferred Clusters
  1      2      3      4      5      6      7    
0.106  0.160  0.116  0.160  0.165  0.115  0.178  

--------------------------------------------

Allele-freq. divergence among pops (Net nucleotide distance),
computed using point estimates of P.

      1       2       3       4       5       6       7      
 1      -    0.1440  0.0014  0.0290  0.1696  0.0011  0.0346  
 2   0.1440     -    0.1522  0.1915  0.2791  0.1496  0.2018  
 3   0.0014  0.1522     -    0.0249  0.1751  0.0001  0.0275  
 4   0.0290  0.1915  0.0249     -    0.2468  0.0255  0.0020  
 5   0.1696  0.2791  0.1751  0.2468     -    0.1709  0.2479  
 6   0.0011  0.1496  0.0001  0.0255  0.1709     -    0.0284  
 7   0.0346  0.2018  0.0275  0.0020  0.2479  0.0284     -    

Average distances (expected heterozygosity) between individuals in same cluster:
cluster  1  : 0.3901 
cluster  2  : 0.1911 
cluster  3  : 0.3830 
cluster  4  : 0.2586 
cluster  5  : 0.1105 
cluster  6  : 0.3863 
cluster  7  : 0.2448 

--------------------------------------------
Estimated Ln Prob of Data   = -316.0
Mean value of ln likelihood = -228.9
Variance of ln likelihood   = 174.1
Mean value of alpha         = 0.0389

Mean value of Fst_1         = 0.1620
Mean value of Fst_2         = 0.5875
Mean value of Fst_3         = 0.2101
Mean value of Fst_4         = 0.5266
Mean value of Fst_5         = 0.7145
Mean value of Fst_6         = 0.1988
Mean value of Fst_7         = 0.5557


Inferred ancestry of individuals:
        Label (%Miss) :  Inferred clusters
  1 torg1245   (21)   :  0.097 0.015 0.088 0.316 0.015 0.090 0.377 
  2 oldj1239   (14)   :  0.156 0.367 0.142 0.065 0.050 0.156 0.065 
  3 crim1257    (0)   :  0.036 0.007 0.164 0.256 0.006 0.139 0.392 
  4 bash1264    (7)   :  0.037 0.007 0.160 0.266 0.006 0.140 0.383 
  5 anat1259    (0)   :  0.039 0.006 0.175 0.252 0.022 0.156 0.349 
  6 okin1246    (0)   :  0.010 0.007 0.009 0.008 0.948 0.010 0.008 
  7 yaku1245    (0)   :  0.144 0.036 0.072 0.370 0.014 0.084 0.280 
  8 daur1238    (0)   :  0.207 0.011 0.153 0.321 0.007 0.137 0.165 
  9 east2337   (14)   :  0.280 0.020 0.241 0.101 0.009 0.254 0.096 
 10 ikem1235    (7)   :  0.016 0.007 0.017 0.010 0.925 0.014 0.010 
 11 sibe1251    (0)   :  0.013 0.920 0.013 0.018 0.005 0.014 0.018 
 12 nort2697    (0)   :  0.044 0.006 0.169 0.247 0.023 0.155 0.356 
 13 bona1250    (0)   :  0.262 0.034 0.240 0.078 0.035 0.238 0.113 
 14 ulch1241   (14)   :  0.106 0.424 0.081 0.156 0.010 0.093 0.130 
 15 nort2935   (14)   :  0.017 0.017 0.017 0.013 0.904 0.018 0.013 
 16 gaga1249    (0)   :  0.082 0.010 0.112 0.283 0.054 0.118 0.342 
 17 tara1319    (0)   :  0.013 0.006 0.012 0.010 0.939 0.012 0.008 
 18 moma1245   (21)   :  0.037 0.821 0.034 0.029 0.012 0.040 0.028 
 19 manc1252    (0)   :  0.179 0.203 0.188 0.111 0.020 0.182 0.117 
 20 shor1247    (0)   :  0.095 0.010 0.077 0.327 0.008 0.083 0.399 
 21 kaza1248    (0)   :  0.035 0.007 0.166 0.258 0.006 0.143 0.385 
 22 midd1351   (14)   :  0.121 0.022 0.194 0.194 0.021 0.181 0.266 
 23 chag1247   (71)   :  0.211 0.032 0.204 0.134 0.075 0.199 0.145 
 24 huih1238   (14)   :  0.051 0.725 0.052 0.052 0.021 0.056 0.044 
 25 ordo1245    (0)   :  0.221 0.011 0.144 0.322 0.007 0.136 0.161 
 26 turk1303    (0)   :  0.085 0.010 0.073 0.330 0.009 0.095 0.398 
 27 negi1245    (0)   :  0.014 0.920 0.013 0.010 0.018 0.015 0.010 
 28 nana1257    (0)   :  0.019 0.905 0.017 0.015 0.012 0.017 0.015 
 29 nort2690    (7)   :  0.198 0.010 0.210 0.140 0.052 0.205 0.184 
 30 shur1243    (0)   :  0.012 0.012 0.012 0.010 0.934 0.012 0.009 
 31 minh1238    (0)   :  0.253 0.007 0.228 0.095 0.060 0.255 0.102 
 32 udih1248    (0)   :  0.029 0.841 0.028 0.028 0.015 0.033 0.025 
 33 oira1262   (14)   :  0.170 0.013 0.125 0.301 0.010 0.136 0.246 
 34 hate1238    (7)   :  0.046 0.030 0.050 0.041 0.741 0.048 0.044 
 35 tata1255    (0)   :  0.030 0.007 0.163 0.265 0.006 0.143 0.385 
 36 turk1304    (0)   :  0.088 0.010 0.081 0.327 0.009 0.089 0.397 
 37 oroc1248    (0)   :  0.026 0.864 0.026 0.021 0.015 0.024 0.025 
 38 chuv1255    (0)   :  0.187 0.012 0.182 0.228 0.023 0.187 0.181 
 39 noga1249   (14)   :  0.124 0.024 0.196 0.198 0.021 0.174 0.263 
 40 dong1285    (7)   :  0.274 0.018 0.250 0.101 0.012 0.250 0.095 
 41 halh1238   (14)   :  0.243 0.018 0.228 0.157 0.014 0.216 0.124 
 42 ogam1239    (0)   :  0.066 0.010 0.062 0.031 0.737 0.067 0.027 
 43 cent2126    (7)   :  0.013 0.010 0.013 0.011 0.929 0.013 0.012 
 44 yona1241   (14)   :  0.264 0.026 0.235 0.086 0.027 0.256 0.105 
 45 kore1280    (0)   :  0.264 0.010 0.248 0.104 0.026 0.247 0.102 
 46 tuvi1240    (0)   :  0.178 0.018 0.123 0.356 0.009 0.115 0.202 
 47 huzh1238    (7)   :  0.259 0.011 0.232 0.093 0.033 0.261 0.110 
 48 khak1248    (0)   :  0.088 0.010 0.075 0.337 0.009 0.085 0.396 
 49 oldu1238    (7)   :  0.090 0.013 0.077 0.328 0.009 0.089 0.395 
 50 nucl1643    (0)   :  0.009 0.008 0.011 0.008 0.945 0.010 0.009 
 51 orok1265   (14)   :  0.011 0.936 0.011 0.009 0.014 0.011 0.008 
 52 midd1372   (14)   :  0.260 0.015 0.259 0.085 0.013 0.258 0.111 
 53 mogh1245   (28)   :  0.139 0.079 0.196 0.158 0.039 0.187 0.202 
 54 uigh1240    (7)   :  0.033 0.007 0.163 0.261 0.007 0.143 0.386 
 55 kara1467   (14)   :  0.038 0.008 0.167 0.260 0.007 0.139 0.381 
 56 russ1264   (14)   :  0.094 0.016 0.086 0.316 0.011 0.094 0.382 
 57 sout2954    (0)   :  0.010 0.012 0.011 0.009 0.938 0.011 0.009 
 58 berj1234    (0)   :  0.017 0.920 0.014 0.012 0.009 0.016 0.011 
 59 kham1281    (0)   :  0.148 0.035 0.072 0.372 0.014 0.084 0.275 
 60 dolg1241    (0)   :  0.085 0.009 0.075 0.321 0.008 0.091 0.409 


Estimated Allele Frequencies in each cluster
First column gives estimated ancestral frequencies


Locus 1 : TE003 
2 alleles
3.3% missing data
   1   (0.466) 0.559 0.061 0.579 0.826 0.023 0.563 0.826 
   0   (0.534) 0.441 0.939 0.421 0.174 0.977 0.437 0.174 

Locus 2 : TE004 
2 alleles
3.3% missing data
   0   (0.822) 0.861 0.314 0.868 0.950 0.992 0.868 0.950 
   1   (0.178) 0.139 0.686 0.132 0.050 0.008 0.132 0.050 

Locus 3 : TE005 
2 alleles
18.3% missing data
   0   (0.746) 0.793 0.110 0.802 0.921 0.988 0.800 0.926 
   1   (0.254) 0.207 0.890 0.198 0.079 0.012 0.200 0.074 

Locus 4 : TE006 
2 alleles
26.7% missing data
   0   (0.607) 0.653 0.969 0.676 0.867 0.094 0.666 0.858 
   1   (0.393) 0.347 0.031 0.324 0.133 0.906 0.334 0.142 

Locus 5 : TE007 
2 alleles
6.7% missing data
   0   (0.697) 0.740 0.973 0.753 0.899 0.712 0.749 0.901 
   1   (0.303) 0.260 0.027 0.247 0.101 0.288 0.251 0.099 

Locus 6 : TE008 
2 alleles
1.7% missing data
   1   (0.612) 0.608 0.968 0.651 0.737 0.936 0.650 0.807 
   0   (0.388) 0.392 0.032 0.349 0.263 0.064 0.350 0.193 

Locus 7 : TE031 
2 alleles
1.7% missing data
   1   (0.768) 0.810 0.982 0.801 0.869 0.036 0.795 0.869 
   0   (0.232) 0.190 0.018 0.199 0.131 0.964 0.205 0.131 

Locus 8 : TE037 
2 alleles
1.7% missing data
   1   (0.529) 0.538 0.113 0.606 0.644 0.612 0.598 0.753 
   0   (0.471) 0.462 0.887 0.394 0.356 0.388 0.402 0.247 

Locus 9 : TE038 
2 alleles
1.7% missing data
   1   (0.684) 0.749 0.662 0.761 0.903 0.033 0.756 0.903 
   0   (0.316) 0.251 0.338 0.239 0.097 0.967 0.244 0.097 

Locus 10 : TE039 
2 alleles
5.0% missing data
   1   (0.563) 0.600 0.933 0.501 0.645 0.971 0.516 0.557 
   0   (0.437) 0.400 0.067 0.499 0.355 0.029 0.484 0.443 

Locus 11 : TE078 
2 alleles
3.3% missing data
   0   (0.812) 0.836 0.985 0.841 0.934 0.992 0.837 0.937 
   1   (0.188) 0.164 0.015 0.159 0.066 0.008 0.163 0.063 

Locus 12 : TS079 
2 alleles
10.0% missing data
   0   (0.866) 0.897 0.490 0.906 0.961 0.994 0.901 0.964 
   1   (0.134) 0.103 0.510 0.094 0.039 0.006 0.099 0.036 

Locus 13 : TS080 
2 alleles
10.0% missing data
   0   (0.716) 0.625 0.776 0.608 0.270 0.987 0.604 0.276 
   1   (0.284) 0.375 0.224 0.392 0.730 0.013 0.396 0.724 

Locus 14 : TS088 
2 alleles
1.7% missing data
   0   (0.532) 0.540 0.962 0.577 0.744 0.978 0.585 0.800 
   1   (0.468) 0.460 0.038 0.423 0.256 0.022 0.415 0.200 

Values of parameters used in structure:
DATAFILE=phonology_structure,	OUTFILE=outfile_phonology_structure_K7_run32,	NUMINDS=60,	NUMLOCI=14,	MISSING=-9,	LABEL=1,	POPDATA=0,	POPFLAG=0,	PHENOTYPE=0,	EXTRACOLS=0,	MAXPOPS=7,	BURNIN=10000,	NUMREPS=100000,	USEPOPINFO=0,	INFERALPHA=1,	INFERLAMBDA=0,	POPSPECIFICLAMBDA=0,	POPALPHAS=0,	COMPUTEPROB=1,	NOADMIX=0,	ADMBURNIN=500,	UPDATEFREQ=100,	PRINTLIKES=0,	INTERMEDSAVE=0,	PRINTKLD=0,	PRINTNET=1,	PRINTLAMBDA=1,	ANCESTDIST=0,	NUMBOXES=1000,	ANCESTPINT=0.90000,	GENSBACK=2,	MIGRPRIOR=0.01000,	PRINTQHAT=0,	PRINTQSUM=1,	ALPHA=1.0000,	FREQSCORR=1,	FPRIORMEAN=0.0100,	FPRIORSD=0.0500,	ONEFST=0,	LAMBDA=1.0000,	UNIFPRIORALPHA=1,	ALPHAMAX=10.0000,	ALPHAPRIORA=1.0000,	ALPHAPRIORB=2.0000,	ALPHAPROPSD=0.0250,	STARTATPOPINFO=0,	RANDOMIZE=1,	LINKAGE=0,	METROFREQ=10,	REPORTHITRATE=0,	MARKOVPHASE=0,	PHASED=0,	PLOIDY=1,	PHASEINFO=0	LOCPRIOR=0, 	LOCPRIORINIT=1.000000, 	LOCDATA=0, 	LOCISPOP=0, 	LOCPRIORSTEP=0.100000, 	MAXLOCPRIOR=20.000000, 	SEED=1641282832,	
[STRAT parameters]:    NUMSIMSTATS=1000,	PHENOTYPECOL=-9,	POOLFREQ=10,	LOCUSxONLY=0,	EMERROR=0.00100,	MISSINGPHENO=-9,	