

----------------------------------------------------
STRUCTURE by Pritchard, Stephens and Donnelly (2000)
     and Falush, Stephens and Pritchard (2003)
       Code by Pritchard, Falush and Hubisz
             Version 2.3.4 (Jul 2012)
----------------------------------------------------



Command line arguments:   ./structure -m mainparams -K 3 -i phonology_structure -L 14 -o outfile_phonology_structure_K3_run29 
Input File:    phonology_structure

Run parameters:
   60 individuals
   14 loci
   3 populations assumed
   10000 Burn-in period
   100000 Reps


--------------------------------------------
Overall proportion of membership of the
sample in each of the 3 clusters

Inferred Clusters
  1      2      3    
0.443  0.318  0.239  

--------------------------------------------

Allele-freq. divergence among pops (Net nucleotide distance),
computed using point estimates of P.

      1       2       3      
 1      -    0.1591  0.2627  
 2   0.1591     -    0.1366  
 3   0.2627  0.1366     -    

Average distances (expected heterozygosity) between individuals in same cluster:
cluster  1  : 0.1258 
cluster  2  : 0.3624 
cluster  3  : 0.2251 

--------------------------------------------
Estimated Ln Prob of Data   = -302.2
Mean value of ln likelihood = -275.2
Variance of ln likelihood   = 54.1
Mean value of alpha         = 0.0529

Mean value of Fst_1         = 0.6376
Mean value of Fst_2         = 0.1805
Mean value of Fst_3         = 0.5131


Inferred ancestry of individuals:
        Label (%Miss) :  Inferred clusters
  1 torg1245   (21)   :  0.950 0.029 0.021 
  2 oldj1239   (14)   :  0.024 0.817 0.159 
  3 crim1257    (0)   :  0.978 0.013 0.009 
  4 bash1264    (7)   :  0.979 0.012 0.009 
  5 anat1259    (0)   :  0.959 0.013 0.029 
  6 okin1246    (0)   :  0.014 0.014 0.971 
  7 yaku1245    (0)   :  0.928 0.053 0.019 
  8 daur1238    (0)   :  0.679 0.287 0.035 
  9 east2337   (14)   :  0.047 0.660 0.293 
 10 ikem1235    (7)   :  0.012 0.016 0.972 
 11 sibe1251    (0)   :  0.031 0.959 0.010 
 12 nort2697    (0)   :  0.959 0.013 0.028 
 13 bona1250    (0)   :  0.016 0.640 0.344 
 14 ulch1241   (14)   :  0.295 0.682 0.022 
 15 nort2935   (14)   :  0.016 0.036 0.947 
 16 gaga1249    (0)   :  0.946 0.015 0.039 
 17 tara1319    (0)   :  0.010 0.012 0.978 
 18 moma1245   (21)   :  0.045 0.932 0.023 
 19 manc1252    (0)   :  0.149 0.759 0.091 
 20 shor1247    (0)   :  0.975 0.014 0.011 
 21 kaza1248    (0)   :  0.979 0.011 0.009 
 22 midd1351   (14)   :  0.817 0.118 0.065 
 23 chag1247   (71)   :  0.408 0.311 0.281 
 24 huih1238   (14)   :  0.057 0.906 0.037 
 25 ordo1245    (0)   :  0.669 0.293 0.039 
 26 turk1303    (0)   :  0.971 0.017 0.011 
 27 negi1245    (0)   :  0.012 0.956 0.032 
 28 nana1257    (0)   :  0.018 0.965 0.016 
 29 nort2690    (7)   :  0.504 0.200 0.297 
 30 shur1243    (0)   :  0.012 0.021 0.967 
 31 minh1238    (0)   :  0.020 0.516 0.465 
 32 udih1248    (0)   :  0.032 0.944 0.024 
 33 oira1262   (14)   :  0.858 0.119 0.023 
 34 hate1238    (7)   :  0.066 0.073 0.861 
 35 tata1255    (0)   :  0.979 0.012 0.009 
 36 turk1304    (0)   :  0.973 0.016 0.012 
 37 oroc1248    (0)   :  0.023 0.959 0.018 
 38 chuv1255    (0)   :  0.842 0.106 0.052 
 39 noga1249   (14)   :  0.818 0.122 0.060 
 40 dong1285    (7)   :  0.031 0.650 0.320 
 41 halh1238   (14)   :  0.266 0.545 0.190 
 42 ogam1239    (0)   :  0.011 0.063 0.926 
 43 cent2126    (7)   :  0.019 0.024 0.956 
 44 yona1241   (14)   :  0.016 0.648 0.336 
 45 kore1280    (0)   :  0.023 0.620 0.357 
 46 tuvi1240    (0)   :  0.839 0.138 0.023 
 47 huzh1238    (7)   :  0.019 0.597 0.384 
 48 khak1248    (0)   :  0.974 0.014 0.012 
 49 oldu1238    (7)   :  0.972 0.017 0.011 
 50 nucl1643    (0)   :  0.015 0.015 0.971 
 51 orok1265   (14)   :  0.014 0.960 0.026 
 52 midd1372   (14)   :  0.010 0.658 0.332 
 53 mogh1245   (28)   :  0.455 0.402 0.142 
 54 uigh1240    (7)   :  0.978 0.012 0.010 
 55 kara1467   (14)   :  0.974 0.016 0.010 
 56 russ1264   (14)   :  0.960 0.025 0.015 
 57 sout2954    (0)   :  0.012 0.021 0.968 
 58 berj1234    (0)   :  0.018 0.965 0.017 
 59 kham1281    (0)   :  0.930 0.052 0.018 
 60 dolg1241    (0)   :  0.974 0.014 0.011 


Estimated Allele Frequencies in each cluster
First column gives estimated ancestral frequencies


Locus 1 : TE003 
2 alleles
3.3% missing data
   1   (0.314) 0.977 0.210 0.079 
   0   (0.686) 0.023 0.790 0.921 

Locus 2 : TE004 
2 alleles
3.3% missing data
   0   (0.720) 0.993 0.575 0.960 
   1   (0.280) 0.007 0.425 0.040 

Locus 3 : TE005 
2 alleles
18.3% missing data
   0   (0.588) 0.982 0.370 0.943 
   1   (0.412) 0.018 0.630 0.057 

Locus 4 : TE006 
2 alleles
26.7% missing data
   0   (0.654) 0.983 0.804 0.168 
   1   (0.346) 0.017 0.196 0.832 

Locus 5 : TE007 
2 alleles
6.7% missing data
   0   (0.738) 0.994 0.823 0.666 
   1   (0.262) 0.006 0.177 0.334 

Locus 6 : TE008 
2 alleles
1.7% missing data
   1   (0.670) 0.882 0.768 0.816 
   0   (0.330) 0.118 0.232 0.184 

Locus 7 : TE031 
2 alleles
1.7% missing data
   1   (0.751) 0.869 0.900 0.189 
   0   (0.249) 0.131 0.100 0.811 

Locus 8 : TE037 
2 alleles
1.7% missing data
   1   (0.433) 0.811 0.309 0.576 
   0   (0.567) 0.189 0.691 0.424 

Locus 9 : TE038 
2 alleles
1.7% missing data
   1   (0.616) 0.991 0.667 0.154 
   0   (0.384) 0.009 0.333 0.846 

Locus 10 : TE039 
2 alleles
5.0% missing data
   1   (0.659) 0.545 0.741 0.871 
   0   (0.341) 0.455 0.259 0.129 

Locus 11 : TE078 
2 alleles
3.3% missing data
   0   (0.821) 0.996 0.875 0.928 
   1   (0.179) 0.004 0.125 0.072 

Locus 12 : TS079 
2 alleles
10.0% missing data
   0   (0.785) 0.994 0.694 0.968 
   1   (0.215) 0.006 0.306 0.032 

Locus 13 : TS080 
2 alleles
10.0% missing data
   0   (0.768) 0.103 0.790 0.973 
   1   (0.232) 0.897 0.210 0.027 

Locus 14 : TS088 
2 alleles
1.7% missing data
   0   (0.616) 0.912 0.707 0.839 
   1   (0.384) 0.088 0.293 0.161 

Values of parameters used in structure:
DATAFILE=phonology_structure,	OUTFILE=outfile_phonology_structure_K3_run29,	NUMINDS=60,	NUMLOCI=14,	MISSING=-9,	LABEL=1,	POPDATA=0,	POPFLAG=0,	PHENOTYPE=0,	EXTRACOLS=0,	MAXPOPS=3,	BURNIN=10000,	NUMREPS=100000,	USEPOPINFO=0,	INFERALPHA=1,	INFERLAMBDA=0,	POPSPECIFICLAMBDA=0,	POPALPHAS=0,	COMPUTEPROB=1,	NOADMIX=0,	ADMBURNIN=500,	UPDATEFREQ=100,	PRINTLIKES=0,	INTERMEDSAVE=0,	PRINTKLD=0,	PRINTNET=1,	PRINTLAMBDA=1,	ANCESTDIST=0,	NUMBOXES=1000,	ANCESTPINT=0.90000,	GENSBACK=2,	MIGRPRIOR=0.01000,	PRINTQHAT=0,	PRINTQSUM=1,	ALPHA=1.0000,	FREQSCORR=1,	FPRIORMEAN=0.0100,	FPRIORSD=0.0500,	ONEFST=0,	LAMBDA=1.0000,	UNIFPRIORALPHA=1,	ALPHAMAX=10.0000,	ALPHAPRIORA=1.0000,	ALPHAPRIORB=2.0000,	ALPHAPROPSD=0.0250,	STARTATPOPINFO=0,	RANDOMIZE=1,	LINKAGE=0,	METROFREQ=10,	REPORTHITRATE=0,	MARKOVPHASE=0,	PHASED=0,	PLOIDY=1,	PHASEINFO=0	LOCPRIOR=0, 	LOCPRIORINIT=1.000000, 	LOCDATA=0, 	LOCISPOP=0, 	LOCPRIORSTEP=0.100000, 	MAXLOCPRIOR=20.000000, 	SEED=1641275411,	
[STRAT parameters]:    NUMSIMSTATS=1000,	PHENOTYPECOL=-9,	POOLFREQ=10,	LOCUSxONLY=0,	EMERROR=0.00100,	MISSINGPHENO=-9,	