

----------------------------------------------------
STRUCTURE by Pritchard, Stephens and Donnelly (2000)
     and Falush, Stephens and Pritchard (2003)
       Code by Pritchard, Falush and Hubisz
             Version 2.3.4 (Jul 2012)
----------------------------------------------------



Command line arguments:   ./structure -m mainparams -K 3 -i phonology_structure -L 14 -o outfile_phonology_structure_K3_run2 
Input File:    phonology_structure

Run parameters:
   60 individuals
   14 loci
   3 populations assumed
   10000 Burn-in period
   100000 Reps


--------------------------------------------
Overall proportion of membership of the
sample in each of the 3 clusters

Inferred Clusters
  1      2      3    
0.329  0.445  0.226  

--------------------------------------------

Allele-freq. divergence among pops (Net nucleotide distance),
computed using point estimates of P.

      1       2       3      
 1      -    0.1563  0.1394  
 2   0.1563     -    0.2717  
 3   0.1394  0.2717     -    

Average distances (expected heterozygosity) between individuals in same cluster:
cluster  1  : 0.3731 
cluster  2  : 0.1275 
cluster  3  : 0.2053 

--------------------------------------------
Estimated Ln Prob of Data   = -301.2
Mean value of ln likelihood = -275.5
Variance of ln likelihood   = 51.4
Mean value of alpha         = 0.0526

Mean value of Fst_1         = 0.1386
Mean value of Fst_2         = 0.6352
Mean value of Fst_3         = 0.5540


Inferred ancestry of individuals:
        Label (%Miss) :  Inferred clusters
  1 torg1245   (21)   :  0.028 0.951 0.022 
  2 oldj1239   (14)   :  0.831 0.024 0.144 
  3 crim1257    (0)   :  0.013 0.979 0.009 
  4 bash1264    (7)   :  0.013 0.978 0.009 
  5 anat1259    (0)   :  0.014 0.960 0.026 
  6 okin1246    (0)   :  0.015 0.014 0.971 
  7 yaku1245    (0)   :  0.046 0.937 0.016 
  8 daur1238    (0)   :  0.282 0.686 0.032 
  9 east2337   (14)   :  0.723 0.048 0.229 
 10 ikem1235    (7)   :  0.015 0.012 0.973 
 11 sibe1251    (0)   :  0.957 0.033 0.009 
 12 nort2697    (0)   :  0.014 0.961 0.025 
 13 bona1250    (0)   :  0.702 0.016 0.282 
 14 ulch1241   (14)   :  0.669 0.311 0.020 
 15 nort2935   (14)   :  0.037 0.017 0.946 
 16 gaga1249    (0)   :  0.016 0.947 0.037 
 17 tara1319    (0)   :  0.012 0.010 0.977 
 18 moma1245   (21)   :  0.929 0.047 0.024 
 19 manc1252    (0)   :  0.791 0.138 0.072 
 20 shor1247    (0)   :  0.014 0.975 0.011 
 21 kaza1248    (0)   :  0.012 0.979 0.009 
 22 midd1351   (14)   :  0.125 0.821 0.054 
 23 chag1247   (71)   :  0.328 0.420 0.252 
 24 huih1238   (14)   :  0.908 0.061 0.031 
 25 ordo1245    (0)   :  0.285 0.682 0.033 
 26 turk1303    (0)   :  0.014 0.974 0.012 
 27 negi1245    (0)   :  0.952 0.013 0.035 
 28 nana1257    (0)   :  0.963 0.019 0.018 
 29 nort2690    (7)   :  0.205 0.531 0.264 
 30 shur1243    (0)   :  0.022 0.012 0.966 
 31 minh1238    (0)   :  0.587 0.019 0.394 
 32 udih1248    (0)   :  0.941 0.036 0.024 
 33 oira1262   (14)   :  0.108 0.868 0.024 
 34 hate1238    (7)   :  0.075 0.067 0.858 
 35 tata1255    (0)   :  0.012 0.979 0.009 
 36 turk1304    (0)   :  0.015 0.973 0.011 
 37 oroc1248    (0)   :  0.962 0.022 0.016 
 38 chuv1255    (0)   :  0.103 0.852 0.046 
 39 noga1249   (14)   :  0.120 0.826 0.053 
 40 dong1285    (7)   :  0.718 0.030 0.252 
 41 halh1238   (14)   :  0.590 0.257 0.153 
 42 ogam1239    (0)   :  0.074 0.012 0.914 
 43 cent2126    (7)   :  0.024 0.019 0.957 
 44 yona1241   (14)   :  0.718 0.015 0.267 
 45 kore1280    (0)   :  0.687 0.023 0.290 
 46 tuvi1240    (0)   :  0.126 0.852 0.022 
 47 huzh1238    (7)   :  0.662 0.019 0.318 
 48 khak1248    (0)   :  0.016 0.973 0.011 
 49 oldu1238    (7)   :  0.019 0.970 0.011 
 50 nucl1643    (0)   :  0.015 0.014 0.971 
 51 orok1265   (14)   :  0.956 0.015 0.030 
 52 midd1372   (14)   :  0.725 0.010 0.265 
 53 mogh1245   (28)   :  0.424 0.452 0.124 
 54 uigh1240    (7)   :  0.013 0.976 0.011 
 55 kara1467   (14)   :  0.016 0.973 0.011 
 56 russ1264   (14)   :  0.025 0.959 0.016 
 57 sout2954    (0)   :  0.020 0.011 0.969 
 58 berj1234    (0)   :  0.965 0.017 0.017 
 59 kham1281    (0)   :  0.045 0.937 0.018 
 60 dolg1241    (0)   :  0.017 0.971 0.011 


Estimated Allele Frequencies in each cluster
First column gives estimated ancestral frequencies


Locus 1 : TE003 
2 alleles
3.3% missing data
   1   (0.298) 0.215 0.976 0.064 
   0   (0.702) 0.785 0.024 0.936 

Locus 2 : TE004 
2 alleles
3.3% missing data
   0   (0.701) 0.588 0.992 0.965 
   1   (0.299) 0.412 0.008 0.035 

Locus 3 : TE005 
2 alleles
18.3% missing data
   0   (0.562) 0.392 0.980 0.949 
   1   (0.438) 0.608 0.020 0.051 

Locus 4 : TE006 
2 alleles
26.7% missing data
   0   (0.666) 0.781 0.983 0.158 
   1   (0.334) 0.219 0.017 0.842 

Locus 5 : TE007 
2 alleles
6.7% missing data
   0   (0.740) 0.805 0.994 0.672 
   1   (0.260) 0.195 0.006 0.328 

Locus 6 : TE008 
2 alleles
1.7% missing data
   1   (0.673) 0.748 0.880 0.836 
   0   (0.327) 0.252 0.120 0.164 

Locus 7 : TE031 
2 alleles
1.7% missing data
   1   (0.772) 0.891 0.867 0.159 
   0   (0.228) 0.109 0.133 0.841 

Locus 8 : TE037 
2 alleles
1.7% missing data
   1   (0.422) 0.326 0.806 0.579 
   0   (0.578) 0.674 0.194 0.421 

Locus 9 : TE038 
2 alleles
1.7% missing data
   1   (0.627) 0.666 0.991 0.129 
   0   (0.373) 0.334 0.009 0.871 

Locus 10 : TE039 
2 alleles
5.0% missing data
   1   (0.665) 0.728 0.546 0.893 
   0   (0.335) 0.272 0.454 0.107 

Locus 11 : TE078 
2 alleles
3.3% missing data
   0   (0.820) 0.861 0.996 0.942 
   1   (0.180) 0.139 0.004 0.058 

Locus 12 : TS079 
2 alleles
10.0% missing data
   0   (0.777) 0.707 0.994 0.974 
   1   (0.223) 0.293 0.006 0.026 

Locus 13 : TS080 
2 alleles
10.0% missing data
   0   (0.773) 0.797 0.105 0.977 
   1   (0.227) 0.203 0.895 0.023 

Locus 14 : TS088 
2 alleles
1.7% missing data
   0   (0.605) 0.673 0.911 0.866 
   1   (0.395) 0.327 0.089 0.134 

Values of parameters used in structure:
DATAFILE=phonology_structure,	OUTFILE=outfile_phonology_structure_K3_run2,	NUMINDS=60,	NUMLOCI=14,	MISSING=-9,	LABEL=1,	POPDATA=0,	POPFLAG=0,	PHENOTYPE=0,	EXTRACOLS=0,	MAXPOPS=3,	BURNIN=10000,	NUMREPS=100000,	USEPOPINFO=0,	INFERALPHA=1,	INFERLAMBDA=0,	POPSPECIFICLAMBDA=0,	POPALPHAS=0,	COMPUTEPROB=1,	NOADMIX=0,	ADMBURNIN=500,	UPDATEFREQ=100,	PRINTLIKES=0,	INTERMEDSAVE=0,	PRINTKLD=0,	PRINTNET=1,	PRINTLAMBDA=1,	ANCESTDIST=0,	NUMBOXES=1000,	ANCESTPINT=0.90000,	GENSBACK=2,	MIGRPRIOR=0.01000,	PRINTQHAT=0,	PRINTQSUM=1,	ALPHA=1.0000,	FREQSCORR=1,	FPRIORMEAN=0.0100,	FPRIORSD=0.0500,	ONEFST=0,	LAMBDA=1.0000,	UNIFPRIORALPHA=1,	ALPHAMAX=10.0000,	ALPHAPRIORA=1.0000,	ALPHAPRIORB=2.0000,	ALPHAPROPSD=0.0250,	STARTATPOPINFO=0,	RANDOMIZE=1,	LINKAGE=0,	METROFREQ=10,	REPORTHITRATE=0,	MARKOVPHASE=0,	PHASED=0,	PLOIDY=1,	PHASEINFO=0	LOCPRIOR=0, 	LOCPRIORINIT=1.000000, 	LOCDATA=0, 	LOCISPOP=0, 	LOCPRIORSTEP=0.100000, 	MAXLOCPRIOR=20.000000, 	SEED=1641217303,	
[STRAT parameters]:    NUMSIMSTATS=1000,	PHENOTYPECOL=-9,	POOLFREQ=10,	LOCUSxONLY=0,	EMERROR=0.00100,	MISSINGPHENO=-9,	