

----------------------------------------------------
STRUCTURE by Pritchard, Stephens and Donnelly (2000)
     and Falush, Stephens and Pritchard (2003)
       Code by Pritchard, Falush and Hubisz
             Version 2.3.4 (Jul 2012)
----------------------------------------------------



Command line arguments:   ./structure -m mainparams -K 5 -i phonology_structure -L 14 -o outfile_phonology_structure_K5_run11 
Input File:    phonology_structure

Run parameters:
   60 individuals
   14 loci
   5 populations assumed
   10000 Burn-in period
   100000 Reps


--------------------------------------------
Overall proportion of membership of the
sample in each of the 5 clusters

Inferred Clusters
  1      2      3      4      5    
0.170  0.179  0.311  0.173  0.167  

--------------------------------------------

Allele-freq. divergence among pops (Net nucleotide distance),
computed using point estimates of P.

      1       2       3       4       5      
 1      -    0.1539  0.0810  0.2104  0.0150  
 2   0.1539     -    0.2662  0.2652  0.1472  
 3   0.0810  0.2662     -    0.3243  0.1283  
 4   0.2104  0.2652  0.3243     -    0.1670  
 5   0.0150  0.1472  0.1283  0.1670     -    

Average distances (expected heterozygosity) between individuals in same cluster:
cluster  1  : 0.3369 
cluster  2  : 0.2040 
cluster  3  : 0.0888 
cluster  4  : 0.1164 
cluster  5  : 0.3986 

--------------------------------------------
Estimated Ln Prob of Data   = -324.5
Mean value of ln likelihood = -225.3
Variance of ln likelihood   = 198.3
Mean value of alpha         = 0.0413

Mean value of Fst_1         = 0.3361
Mean value of Fst_2         = 0.5488
Mean value of Fst_3         = 0.7289
Mean value of Fst_4         = 0.6911
Mean value of Fst_5         = 0.1928


Inferred ancestry of individuals:
        Label (%Miss) :  Inferred clusters
  1 torg1245   (21)   :  0.206 0.016 0.676 0.017 0.086 
  2 oldj1239   (14)   :  0.128 0.560 0.034 0.063 0.215 
  3 crim1257    (0)   :  0.027 0.008 0.944 0.007 0.015 
  4 bash1264    (7)   :  0.030 0.008 0.939 0.007 0.017 
  5 anat1259    (0)   :  0.041 0.007 0.910 0.022 0.021 
  6 okin1246    (0)   :  0.009 0.008 0.010 0.963 0.010 
  7 yaku1245    (0)   :  0.437 0.047 0.317 0.015 0.185 
  8 daur1238    (0)   :  0.621 0.013 0.040 0.006 0.320 
  9 east2337   (14)   :  0.355 0.028 0.016 0.011 0.590 
 10 ikem1235    (7)   :  0.013 0.008 0.009 0.952 0.018 
 11 sibe1251    (0)   :  0.016 0.949 0.018 0.006 0.012 
 12 nort2697    (0)   :  0.041 0.007 0.909 0.023 0.021 
 13 bona1250    (0)   :  0.303 0.045 0.012 0.040 0.600 
 14 ulch1241   (14)   :  0.214 0.535 0.117 0.011 0.123 
 15 nort2935   (14)   :  0.014 0.018 0.010 0.940 0.018 
 16 gaga1249    (0)   :  0.133 0.010 0.756 0.046 0.055 
 17 tara1319    (0)   :  0.011 0.006 0.007 0.961 0.014 
 18 moma1245   (21)   :  0.035 0.899 0.018 0.012 0.035 
 19 manc1252    (0)   :  0.143 0.371 0.231 0.026 0.229 
 20 shor1247    (0)   :  0.200 0.012 0.705 0.009 0.075 
 21 kaza1248    (0)   :  0.031 0.008 0.939 0.006 0.015 
 22 midd1351   (14)   :  0.081 0.035 0.758 0.027 0.099 
 23 chag1247   (71)   :  0.293 0.048 0.222 0.102 0.335 
 24 huih1238   (14)   :  0.059 0.824 0.040 0.023 0.054 
 25 ordo1245    (0)   :  0.611 0.013 0.045 0.007 0.324 
 26 turk1303    (0)   :  0.192 0.011 0.713 0.011 0.073 
 27 negi1245    (0)   :  0.012 0.947 0.008 0.019 0.014 
 28 nana1257    (0)   :  0.018 0.939 0.012 0.012 0.019 
 29 nort2690    (7)   :  0.186 0.016 0.417 0.088 0.292 
 30 shur1243    (0)   :  0.011 0.013 0.007 0.955 0.013 
 31 minh1238    (0)   :  0.311 0.008 0.009 0.067 0.606 
 32 udih1248    (0)   :  0.027 0.912 0.023 0.017 0.021 
 33 oira1262   (14)   :  0.451 0.016 0.287 0.012 0.234 
 34 hate1238    (7)   :  0.040 0.036 0.059 0.822 0.042 
 35 tata1255    (0)   :  0.028 0.008 0.940 0.006 0.019 
 36 turk1304    (0)   :  0.206 0.011 0.700 0.010 0.074 
 37 oroc1248    (0)   :  0.022 0.914 0.026 0.016 0.023 
 38 chuv1255    (0)   :  0.396 0.015 0.308 0.031 0.251 
 39 noga1249   (14)   :  0.090 0.035 0.743 0.027 0.105 
 40 dong1285    (7)   :  0.324 0.022 0.019 0.014 0.620 
 41 halh1238   (14)   :  0.446 0.023 0.039 0.018 0.473 
 42 ogam1239    (0)   :  0.071 0.010 0.006 0.803 0.110 
 43 cent2126    (7)   :  0.011 0.010 0.013 0.954 0.012 
 44 yona1241   (14)   :  0.312 0.036 0.011 0.027 0.614 
 45 kore1280    (0)   :  0.347 0.010 0.009 0.025 0.609 
 46 tuvi1240    (0)   :  0.576 0.021 0.122 0.010 0.271 
 47 huzh1238    (7)   :  0.308 0.011 0.010 0.030 0.641 
 48 khak1248    (0)   :  0.200 0.011 0.707 0.009 0.073 
 49 oldu1238    (7)   :  0.197 0.016 0.696 0.010 0.081 
 50 nucl1643    (0)   :  0.009 0.008 0.010 0.963 0.010 
 51 orok1265   (14)   :  0.010 0.959 0.007 0.014 0.010 
 52 midd1372   (14)   :  0.322 0.020 0.006 0.014 0.638 
 53 mogh1245   (28)   :  0.120 0.149 0.501 0.056 0.173 
 54 uigh1240    (7)   :  0.032 0.008 0.935 0.007 0.017 
 55 kara1467   (14)   :  0.033 0.009 0.931 0.007 0.020 
 56 russ1264   (14)   :  0.189 0.017 0.697 0.013 0.083 
 57 sout2954    (0)   :  0.011 0.012 0.007 0.958 0.011 
 58 berj1234    (0)   :  0.014 0.953 0.010 0.009 0.014 
 59 kham1281    (0)   :  0.445 0.048 0.312 0.014 0.182 
 60 dolg1241    (0)   :  0.195 0.011 0.709 0.009 0.075 


Estimated Allele Frequencies in each cluster
First column gives estimated ancestral frequencies


Locus 1 : TE003 
2 alleles
3.3% missing data
   1   (0.442) 0.703 0.070 0.975 0.025 0.502 
   0   (0.558) 0.297 0.930 0.025 0.975 0.498 

Locus 2 : TE004 
2 alleles
3.3% missing data
   0   (0.811) 0.918 0.349 0.994 0.991 0.873 
   1   (0.189) 0.082 0.651 0.006 0.009 0.127 

Locus 3 : TE005 
2 alleles
18.3% missing data
   0   (0.748) 0.869 0.134 0.992 0.987 0.804 
   1   (0.252) 0.131 0.866 0.008 0.013 0.196 

Locus 4 : TE006 
2 alleles
26.7% missing data
   0   (0.606) 0.757 0.965 0.975 0.111 0.577 
   1   (0.394) 0.243 0.035 0.025 0.889 0.423 

Locus 5 : TE007 
2 alleles
6.7% missing data
   0   (0.700) 0.813 0.971 0.993 0.710 0.676 
   1   (0.300) 0.187 0.029 0.007 0.290 0.324 

Locus 6 : TE008 
2 alleles
1.7% missing data
   1   (0.610) 0.537 0.966 0.982 0.923 0.523 
   0   (0.390) 0.463 0.034 0.018 0.077 0.477 

Locus 7 : TE031 
2 alleles
1.7% missing data
   1   (0.738) 0.864 0.978 0.847 0.039 0.828 
   0   (0.262) 0.136 0.022 0.153 0.961 0.172 

Locus 8 : TE037 
2 alleles
1.7% missing data
   1   (0.511) 0.459 0.132 0.964 0.610 0.496 
   0   (0.489) 0.541 0.868 0.036 0.390 0.504 

Locus 9 : TE038 
2 alleles
1.7% missing data
   1   (0.654) 0.827 0.663 0.992 0.036 0.725 
   0   (0.346) 0.173 0.337 0.008 0.964 0.275 

Locus 10 : TE039 
2 alleles
5.0% missing data
   1   (0.625) 0.753 0.905 0.370 0.970 0.623 
   0   (0.375) 0.247 0.095 0.630 0.030 0.377 

Locus 11 : TE078 
2 alleles
3.3% missing data
   0   (0.797) 0.866 0.983 0.995 0.990 0.767 
   1   (0.203) 0.134 0.017 0.005 0.010 0.233 

Locus 12 : TS079 
2 alleles
10.0% missing data
   0   (0.833) 0.926 0.524 0.996 0.992 0.895 
   1   (0.167) 0.074 0.476 0.004 0.008 0.105 

Locus 13 : TS080 
2 alleles
10.0% missing data
   0   (0.706) 0.443 0.772 0.118 0.986 0.686 
   1   (0.294) 0.557 0.228 0.882 0.014 0.314 

Locus 14 : TS088 
2 alleles
1.7% missing data
   0   (0.551) 0.532 0.961 0.983 0.977 0.424 
   1   (0.449) 0.468 0.039 0.017 0.023 0.576 

Values of parameters used in structure:
DATAFILE=phonology_structure,	OUTFILE=outfile_phonology_structure_K5_run11,	NUMINDS=60,	NUMLOCI=14,	MISSING=-9,	LABEL=1,	POPDATA=0,	POPFLAG=0,	PHENOTYPE=0,	EXTRACOLS=0,	MAXPOPS=5,	BURNIN=10000,	NUMREPS=100000,	USEPOPINFO=0,	INFERALPHA=1,	INFERLAMBDA=0,	POPSPECIFICLAMBDA=0,	POPALPHAS=0,	COMPUTEPROB=1,	NOADMIX=0,	ADMBURNIN=500,	UPDATEFREQ=100,	PRINTLIKES=0,	INTERMEDSAVE=0,	PRINTKLD=0,	PRINTNET=1,	PRINTLAMBDA=1,	ANCESTDIST=0,	NUMBOXES=1000,	ANCESTPINT=0.90000,	GENSBACK=2,	MIGRPRIOR=0.01000,	PRINTQHAT=0,	PRINTQSUM=1,	ALPHA=1.0000,	FREQSCORR=1,	FPRIORMEAN=0.0100,	FPRIORSD=0.0500,	ONEFST=0,	LAMBDA=1.0000,	UNIFPRIORALPHA=1,	ALPHAMAX=10.0000,	ALPHAPRIORA=1.0000,	ALPHAPRIORB=2.0000,	ALPHAPROPSD=0.0250,	STARTATPOPINFO=0,	RANDOMIZE=1,	LINKAGE=0,	METROFREQ=10,	REPORTHITRATE=0,	MARKOVPHASE=0,	PHASED=0,	PLOIDY=1,	PHASEINFO=0	LOCPRIOR=0, 	LOCPRIORINIT=1.000000, 	LOCDATA=0, 	LOCISPOP=0, 	LOCPRIORSTEP=0.100000, 	MAXLOCPRIOR=20.000000, 	SEED=1641228969,	
[STRAT parameters]:    NUMSIMSTATS=1000,	PHENOTYPECOL=-9,	POOLFREQ=10,	LOCUSxONLY=0,	EMERROR=0.00100,	MISSINGPHENO=-9,	