

----------------------------------------------------
STRUCTURE by Pritchard, Stephens and Donnelly (2000)
     and Falush, Stephens and Pritchard (2003)
       Code by Pritchard, Falush and Hubisz
             Version 2.3.4 (Jul 2012)
----------------------------------------------------



Command line arguments:   ./structure -m mainparams -K 6 -i phonology_structure -L 14 -o outfile_phonology_structure_K6_run33 
Input File:    phonology_structure

Run parameters:
   60 individuals
   14 loci
   6 populations assumed
   10000 Burn-in period
   100000 Reps


--------------------------------------------
Overall proportion of membership of the
sample in each of the 6 clusters

Inferred Clusters
  1      2      3      4      5      6    
0.167  0.131  0.228  0.168  0.131  0.175  

--------------------------------------------

Allele-freq. divergence among pops (Net nucleotide distance),
computed using point estimates of P.

      1       2       3       4       5       6      
 1      -    0.1500  0.2165  0.2748  0.1448  0.1691  
 2   0.1500     -    0.0451  0.1829  0.0042  0.0157  
 3   0.2165  0.0451     -    0.2710  0.0480  0.0081  
 4   0.2748  0.1829  0.2710     -    0.1628  0.2170  
 5   0.1448  0.0042  0.0480  0.1628     -    0.0189  
 6   0.1691  0.0157  0.0081  0.2170  0.0189     -    

Average distances (expected heterozygosity) between individuals in same cluster:
cluster  1  : 0.1949 
cluster  2  : 0.3776 
cluster  3  : 0.2109 
cluster  4  : 0.1121 
cluster  5  : 0.3951 
cluster  6  : 0.3023 

--------------------------------------------
Estimated Ln Prob of Data   = -319.7
Mean value of ln likelihood = -228.8
Variance of ln likelihood   = 181.8
Mean value of alpha         = 0.0399

Mean value of Fst_1         = 0.5766
Mean value of Fst_2         = 0.2156
Mean value of Fst_3         = 0.6017
Mean value of Fst_4         = 0.7096
Mean value of Fst_5         = 0.1419
Mean value of Fst_6         = 0.4264


Inferred ancestry of individuals:
        Label (%Miss) :  Inferred clusters
  1 torg1245   (21)   :  0.016 0.112 0.461 0.016 0.074 0.321 
  2 oldj1239   (14)   :  0.397 0.171 0.062 0.056 0.201 0.114 
  3 crim1257    (0)   :  0.008 0.027 0.563 0.006 0.128 0.268 
  4 bash1264    (7)   :  0.007 0.023 0.568 0.006 0.135 0.261 
  5 anat1259    (0)   :  0.007 0.033 0.547 0.023 0.136 0.253 
  6 okin1246    (0)   :  0.007 0.009 0.009 0.953 0.011 0.010 
  7 yaku1245    (0)   :  0.036 0.252 0.325 0.013 0.069 0.304 
  8 daur1238    (0)   :  0.011 0.376 0.222 0.006 0.144 0.241 
  9 east2337   (14)   :  0.020 0.316 0.085 0.010 0.390 0.178 
 10 ikem1235    (7)   :  0.007 0.015 0.010 0.939 0.017 0.013 
 11 sibe1251    (0)   :  0.928 0.015 0.019 0.006 0.013 0.020 
 12 nort2697    (0)   :  0.006 0.038 0.540 0.024 0.136 0.256 
 13 bona1250    (0)   :  0.035 0.307 0.080 0.037 0.370 0.171 
 14 ulch1241   (14)   :  0.450 0.150 0.136 0.011 0.105 0.147 
 15 nort2935   (14)   :  0.019 0.017 0.013 0.918 0.019 0.014 
 16 gaga1249    (0)   :  0.011 0.088 0.474 0.047 0.085 0.295 
 17 tara1319    (0)   :  0.006 0.015 0.008 0.946 0.015 0.011 
 18 moma1245   (21)   :  0.863 0.036 0.024 0.013 0.036 0.029 
 19 manc1252    (0)   :  0.272 0.143 0.151 0.022 0.237 0.175 
 20 shor1247    (0)   :  0.011 0.101 0.484 0.009 0.052 0.344 
 21 kaza1248    (0)   :  0.007 0.023 0.568 0.006 0.126 0.270 
 22 midd1351   (14)   :  0.030 0.107 0.403 0.024 0.215 0.221 
 23 chag1247   (71)   :  0.039 0.255 0.168 0.085 0.269 0.183 
 24 huih1238   (14)   :  0.785 0.043 0.043 0.024 0.053 0.052 
 25 ordo1245    (0)   :  0.010 0.369 0.224 0.006 0.143 0.247 
 26 turk1303    (0)   :  0.010 0.100 0.490 0.009 0.053 0.338 
 27 negi1245    (0)   :  0.933 0.012 0.009 0.019 0.014 0.014 
 28 nana1257    (0)   :  0.916 0.018 0.014 0.012 0.023 0.017 
 29 nort2690    (7)   :  0.012 0.201 0.240 0.066 0.279 0.202 
 30 shur1243    (0)   :  0.012 0.012 0.009 0.946 0.012 0.009 
 31 minh1238    (0)   :  0.007 0.308 0.084 0.061 0.359 0.180 
 32 udih1248    (0)   :  0.863 0.029 0.026 0.017 0.034 0.031 
 33 oira1262   (14)   :  0.014 0.263 0.298 0.011 0.129 0.285 
 34 hate1238    (7)   :  0.032 0.043 0.049 0.768 0.056 0.052 
 35 tata1255    (0)   :  0.008 0.022 0.561 0.006 0.128 0.275 
 36 turk1304    (0)   :  0.010 0.103 0.474 0.009 0.057 0.348 
 37 oroc1248    (0)   :  0.893 0.019 0.025 0.015 0.025 0.023 
 38 chuv1255    (0)   :  0.012 0.288 0.255 0.024 0.208 0.213 
 39 noga1249   (14)   :  0.029 0.109 0.404 0.025 0.204 0.229 
 40 dong1285    (7)   :  0.019 0.335 0.090 0.013 0.352 0.190 
 41 halh1238   (14)   :  0.019 0.324 0.146 0.016 0.298 0.197 
 42 ogam1239    (0)   :  0.010 0.078 0.025 0.756 0.085 0.045 
 43 cent2126    (7)   :  0.009 0.013 0.012 0.940 0.015 0.011 
 44 yona1241   (14)   :  0.031 0.307 0.093 0.025 0.349 0.195 
 45 kore1280    (0)   :  0.009 0.343 0.100 0.024 0.341 0.183 
 46 tuvi1240    (0)   :  0.018 0.342 0.249 0.010 0.107 0.274 
 47 huzh1238    (7)   :  0.010 0.340 0.082 0.032 0.363 0.172 
 48 khak1248    (0)   :  0.011 0.102 0.481 0.009 0.052 0.344 
 49 oldu1238    (7)   :  0.014 0.101 0.478 0.009 0.056 0.342 
 50 nucl1643    (0)   :  0.008 0.011 0.010 0.950 0.012 0.010 
 51 orok1265   (14)   :  0.948 0.010 0.008 0.014 0.010 0.009 
 52 midd1372   (14)   :  0.018 0.325 0.088 0.013 0.374 0.182 
 53 mogh1245   (28)   :  0.100 0.143 0.275 0.045 0.240 0.196 
 54 uigh1240    (7)   :  0.007 0.025 0.564 0.008 0.129 0.267 
 55 kara1467   (14)   :  0.009 0.030 0.555 0.007 0.129 0.270 
 56 russ1264   (14)   :  0.015 0.103 0.464 0.012 0.066 0.340 
 57 sout2954    (0)   :  0.012 0.011 0.009 0.946 0.013 0.009 
 58 berj1234    (0)   :  0.945 0.012 0.010 0.009 0.012 0.012 
 59 kham1281    (0)   :  0.035 0.251 0.327 0.014 0.067 0.306 
 60 dolg1241    (0)   :  0.011 0.095 0.485 0.009 0.049 0.351 


Estimated Allele Frequencies in each cluster
First column gives estimated ancestral frequencies


Locus 1 : TE003 
2 alleles
3.3% missing data
   1   (0.478) 0.065 0.622 0.884 0.024 0.547 0.744 
   0   (0.522) 0.935 0.378 0.116 0.976 0.453 0.256 

Locus 2 : TE004 
2 alleles
3.3% missing data
   0   (0.839) 0.321 0.894 0.967 0.993 0.870 0.931 
   1   (0.161) 0.679 0.106 0.033 0.007 0.130 0.069 

Locus 3 : TE005 
2 alleles
18.3% missing data
   0   (0.738) 0.119 0.812 0.944 0.987 0.779 0.883 
   1   (0.262) 0.881 0.188 0.056 0.013 0.221 0.117 

Locus 4 : TE006 
2 alleles
26.7% missing data
   0   (0.586) 0.967 0.658 0.901 0.099 0.628 0.815 
   1   (0.414) 0.033 0.342 0.099 0.901 0.372 0.185 

Locus 5 : TE007 
2 alleles
6.7% missing data
   0   (0.693) 0.972 0.753 0.934 0.710 0.725 0.858 
   1   (0.307) 0.028 0.247 0.066 0.290 0.275 0.142 

Locus 6 : TE008 
2 alleles
1.7% missing data
   1   (0.606) 0.968 0.550 0.822 0.933 0.640 0.746 
   0   (0.394) 0.032 0.450 0.178 0.067 0.360 0.254 

Locus 7 : TE031 
2 alleles
1.7% missing data
   1   (0.757) 0.980 0.826 0.857 0.037 0.783 0.846 
   0   (0.243) 0.020 0.174 0.143 0.963 0.217 0.154 

Locus 8 : TE037 
2 alleles
1.7% missing data
   1   (0.520) 0.122 0.479 0.769 0.612 0.581 0.657 
   0   (0.480) 0.878 0.521 0.231 0.388 0.419 0.343 

Locus 9 : TE038 
2 alleles
1.7% missing data
   1   (0.684) 0.668 0.769 0.937 0.034 0.734 0.863 
   0   (0.316) 0.332 0.231 0.063 0.966 0.266 0.137 

Locus 10 : TE039 
2 alleles
5.0% missing data
   1   (0.590) 0.927 0.663 0.513 0.971 0.525 0.616 
   0   (0.410) 0.073 0.337 0.487 0.029 0.475 0.384 

Locus 11 : TE078 
2 alleles
3.3% missing data
   0   (0.818) 0.985 0.846 0.955 0.992 0.834 0.905 
   1   (0.182) 0.015 0.154 0.045 0.008 0.166 0.095 

Locus 12 : TS079 
2 alleles
10.0% missing data
   0   (0.859) 0.505 0.909 0.974 0.994 0.890 0.937 
   1   (0.141) 0.495 0.091 0.026 0.006 0.110 0.063 

Locus 13 : TS080 
2 alleles
10.0% missing data
   0   (0.720) 0.778 0.565 0.213 0.988 0.650 0.368 
   1   (0.280) 0.222 0.435 0.787 0.012 0.350 0.632 

Locus 14 : TS088 
2 alleles
1.7% missing data
   0   (0.509) 0.960 0.509 0.824 0.976 0.547 0.707 
   1   (0.491) 0.040 0.491 0.176 0.024 0.453 0.293 

Values of parameters used in structure:
DATAFILE=phonology_structure,	OUTFILE=outfile_phonology_structure_K6_run33,	NUMINDS=60,	NUMLOCI=14,	MISSING=-9,	LABEL=1,	POPDATA=0,	POPFLAG=0,	PHENOTYPE=0,	EXTRACOLS=0,	MAXPOPS=6,	BURNIN=10000,	NUMREPS=100000,	USEPOPINFO=0,	INFERALPHA=1,	INFERLAMBDA=0,	POPSPECIFICLAMBDA=0,	POPALPHAS=0,	COMPUTEPROB=1,	NOADMIX=0,	ADMBURNIN=500,	UPDATEFREQ=100,	PRINTLIKES=0,	INTERMEDSAVE=0,	PRINTKLD=0,	PRINTNET=1,	PRINTLAMBDA=1,	ANCESTDIST=0,	NUMBOXES=1000,	ANCESTPINT=0.90000,	GENSBACK=2,	MIGRPRIOR=0.01000,	PRINTQHAT=0,	PRINTQSUM=1,	ALPHA=1.0000,	FREQSCORR=1,	FPRIORMEAN=0.0100,	FPRIORSD=0.0500,	ONEFST=0,	LAMBDA=1.0000,	UNIFPRIORALPHA=1,	ALPHAMAX=10.0000,	ALPHAPRIORA=1.0000,	ALPHAPRIORB=2.0000,	ALPHAPROPSD=0.0250,	STARTATPOPINFO=0,	RANDOMIZE=1,	LINKAGE=0,	METROFREQ=10,	REPORTHITRATE=0,	MARKOVPHASE=0,	PHASED=0,	PLOIDY=1,	PHASEINFO=0	LOCPRIOR=0, 	LOCPRIORINIT=1.000000, 	LOCDATA=0, 	LOCISPOP=0, 	LOCPRIORSTEP=0.100000, 	MAXLOCPRIOR=20.000000, 	SEED=1641283315,	
[STRAT parameters]:    NUMSIMSTATS=1000,	PHENOTYPECOL=-9,	POOLFREQ=10,	LOCUSxONLY=0,	EMERROR=0.00100,	MISSINGPHENO=-9,	