

----------------------------------------------------
STRUCTURE by Pritchard, Stephens and Donnelly (2000)
     and Falush, Stephens and Pritchard (2003)
       Code by Pritchard, Falush and Hubisz
             Version 2.3.4 (Jul 2012)
----------------------------------------------------



Command line arguments:   ./structure -m mainparams -K 3 -i phonology_structure -L 14 -o outfile_phonology_structure_K3_run27 
Input File:    phonology_structure

Run parameters:
   60 individuals
   14 loci
   3 populations assumed
   10000 Burn-in period
   100000 Reps


--------------------------------------------
Overall proportion of membership of the
sample in each of the 3 clusters

Inferred Clusters
  1      2      3    
0.243  0.446  0.311  

--------------------------------------------

Allele-freq. divergence among pops (Net nucleotide distance),
computed using point estimates of P.

      1       2       3      
 1      -    0.2578  0.1349  
 2   0.2578     -    0.1605  
 3   0.1349  0.1605     -    

Average distances (expected heterozygosity) between individuals in same cluster:
cluster  1  : 0.2340 
cluster  2  : 0.1282 
cluster  3  : 0.3576 

--------------------------------------------
Estimated Ln Prob of Data   = -304.7
Mean value of ln likelihood = -275.2
Variance of ln likelihood   = 59.0
Mean value of alpha         = 0.0523

Mean value of Fst_1         = 0.4952
Mean value of Fst_2         = 0.6302
Mean value of Fst_3         = 0.1903


Inferred ancestry of individuals:
        Label (%Miss) :  Inferred clusters
  1 torg1245   (21)   :  0.023 0.950 0.028 
  2 oldj1239   (14)   :  0.183 0.025 0.792 
  3 crim1257    (0)   :  0.009 0.980 0.011 
  4 bash1264    (7)   :  0.010 0.978 0.012 
  5 anat1259    (0)   :  0.026 0.960 0.014 
  6 okin1246    (0)   :  0.971 0.014 0.015 
  7 yaku1245    (0)   :  0.017 0.929 0.053 
  8 daur1238    (0)   :  0.037 0.695 0.268 
  9 east2337   (14)   :  0.314 0.053 0.634 
 10 ikem1235    (7)   :  0.971 0.013 0.016 
 11 sibe1251    (0)   :  0.009 0.031 0.961 
 12 nort2697    (0)   :  0.025 0.961 0.014 
 13 bona1250    (0)   :  0.373 0.017 0.610 
 14 ulch1241   (14)   :  0.020 0.302 0.678 
 15 nort2935   (14)   :  0.941 0.016 0.043 
 16 gaga1249    (0)   :  0.036 0.949 0.015 
 17 tara1319    (0)   :  0.977 0.010 0.013 
 18 moma1245   (21)   :  0.026 0.045 0.930 
 19 manc1252    (0)   :  0.095 0.148 0.757 
 20 shor1247    (0)   :  0.011 0.973 0.016 
 21 kaza1248    (0)   :  0.009 0.978 0.012 
 22 midd1351   (14)   :  0.064 0.830 0.106 
 23 chag1247   (71)   :  0.286 0.418 0.296 
 24 huih1238   (14)   :  0.034 0.056 0.910 
 25 ordo1245    (0)   :  0.040 0.703 0.258 
 26 turk1303    (0)   :  0.011 0.975 0.014 
 27 negi1245    (0)   :  0.034 0.012 0.955 
 28 nana1257    (0)   :  0.017 0.018 0.965 
 29 nort2690    (7)   :  0.298 0.513 0.189 
 30 shur1243    (0)   :  0.966 0.012 0.022 
 31 minh1238    (0)   :  0.491 0.019 0.490 
 32 udih1248    (0)   :  0.023 0.033 0.944 
 33 oira1262   (14)   :  0.023 0.876 0.101 
 34 hate1238    (7)   :  0.856 0.067 0.077 
 35 tata1255    (0)   :  0.009 0.980 0.011 
 36 turk1304    (0)   :  0.011 0.974 0.015 
 37 oroc1248    (0)   :  0.016 0.024 0.960 
 38 chuv1255    (0)   :  0.052 0.859 0.089 
 39 noga1249   (14)   :  0.061 0.831 0.108 
 40 dong1285    (7)   :  0.345 0.033 0.621 
 41 halh1238   (14)   :  0.200 0.287 0.513 
 42 ogam1239    (0)   :  0.931 0.011 0.058 
 43 cent2126    (7)   :  0.957 0.020 0.023 
 44 yona1241   (14)   :  0.366 0.015 0.619 
 45 kore1280    (0)   :  0.390 0.024 0.587 
 46 tuvi1240    (0)   :  0.025 0.860 0.115 
 47 huzh1238    (7)   :  0.415 0.019 0.566 
 48 khak1248    (0)   :  0.011 0.974 0.015 
 49 oldu1238    (7)   :  0.011 0.972 0.017 
 50 nucl1643    (0)   :  0.972 0.014 0.014 
 51 orok1265   (14)   :  0.026 0.013 0.961 
 52 midd1372   (14)   :  0.363 0.010 0.626 
 53 mogh1245   (28)   :  0.153 0.453 0.395 
 54 uigh1240    (7)   :  0.011 0.975 0.013 
 55 kara1467   (14)   :  0.011 0.975 0.014 
 56 russ1264   (14)   :  0.017 0.960 0.023 
 57 sout2954    (0)   :  0.965 0.012 0.023 
 58 berj1234    (0)   :  0.016 0.017 0.967 
 59 kham1281    (0)   :  0.017 0.935 0.047 
 60 dolg1241    (0)   :  0.011 0.975 0.014 


Estimated Allele Frequencies in each cluster
First column gives estimated ancestral frequencies


Locus 1 : TE003 
2 alleles
3.3% missing data
   1   (0.312) 0.082 0.976 0.201 
   0   (0.688) 0.918 0.024 0.799 

Locus 2 : TE004 
2 alleles
3.3% missing data
   0   (0.717) 0.958 0.993 0.565 
   1   (0.283) 0.042 0.007 0.435 

Locus 3 : TE005 
2 alleles
18.3% missing data
   0   (0.588) 0.939 0.982 0.363 
   1   (0.412) 0.061 0.018 0.637 

Locus 4 : TE006 
2 alleles
26.7% missing data
   0   (0.658) 0.173 0.982 0.811 
   1   (0.342) 0.827 0.018 0.189 

Locus 5 : TE007 
2 alleles
6.7% missing data
   0   (0.744) 0.662 0.994 0.831 
   1   (0.256) 0.338 0.006 0.169 

Locus 6 : TE008 
2 alleles
1.7% missing data
   1   (0.674) 0.807 0.877 0.779 
   0   (0.326) 0.193 0.123 0.221 

Locus 7 : TE031 
2 alleles
1.7% missing data
   1   (0.747) 0.205 0.866 0.899 
   0   (0.253) 0.795 0.134 0.101 

Locus 8 : TE037 
2 alleles
1.7% missing data
   1   (0.429) 0.574 0.807 0.300 
   0   (0.571) 0.426 0.193 0.700 

Locus 9 : TE038 
2 alleles
1.7% missing data
   1   (0.622) 0.165 0.991 0.673 
   0   (0.378) 0.835 0.009 0.327 

Locus 10 : TE039 
2 alleles
5.0% missing data
   1   (0.661) 0.860 0.546 0.750 
   0   (0.339) 0.140 0.454 0.250 

Locus 11 : TE078 
2 alleles
3.3% missing data
   0   (0.815) 0.921 0.995 0.874 
   1   (0.185) 0.079 0.005 0.126 

Locus 12 : TS079 
2 alleles
10.0% missing data
   0   (0.783) 0.967 0.994 0.688 
   1   (0.217) 0.033 0.006 0.312 

Locus 13 : TS080 
2 alleles
10.0% missing data
   0   (0.767) 0.972 0.107 0.792 
   1   (0.233) 0.028 0.893 0.208 

Locus 14 : TS088 
2 alleles
1.7% missing data
   0   (0.618) 0.824 0.908 0.718 
   1   (0.382) 0.176 0.092 0.282 

Values of parameters used in structure:
DATAFILE=phonology_structure,	OUTFILE=outfile_phonology_structure_K3_run27,	NUMINDS=60,	NUMLOCI=14,	MISSING=-9,	LABEL=1,	POPDATA=0,	POPFLAG=0,	PHENOTYPE=0,	EXTRACOLS=0,	MAXPOPS=3,	BURNIN=10000,	NUMREPS=100000,	USEPOPINFO=0,	INFERALPHA=1,	INFERLAMBDA=0,	POPSPECIFICLAMBDA=0,	POPALPHAS=0,	COMPUTEPROB=1,	NOADMIX=0,	ADMBURNIN=500,	UPDATEFREQ=100,	PRINTLIKES=0,	INTERMEDSAVE=0,	PRINTKLD=0,	PRINTNET=1,	PRINTLAMBDA=1,	ANCESTDIST=0,	NUMBOXES=1000,	ANCESTPINT=0.90000,	GENSBACK=2,	MIGRPRIOR=0.01000,	PRINTQHAT=0,	PRINTQSUM=1,	ALPHA=1.0000,	FREQSCORR=1,	FPRIORMEAN=0.0100,	FPRIORSD=0.0500,	ONEFST=0,	LAMBDA=1.0000,	UNIFPRIORALPHA=1,	ALPHAMAX=10.0000,	ALPHAPRIORA=1.0000,	ALPHAPRIORB=2.0000,	ALPHAPROPSD=0.0250,	STARTATPOPINFO=0,	RANDOMIZE=1,	LINKAGE=0,	METROFREQ=10,	REPORTHITRATE=0,	MARKOVPHASE=0,	PHASED=0,	PLOIDY=1,	PHASEINFO=0	LOCPRIOR=0, 	LOCPRIORINIT=1.000000, 	LOCDATA=0, 	LOCISPOP=0, 	LOCPRIORSTEP=0.100000, 	MAXLOCPRIOR=20.000000, 	SEED=1641274230,	
[STRAT parameters]:    NUMSIMSTATS=1000,	PHENOTYPECOL=-9,	POOLFREQ=10,	LOCUSxONLY=0,	EMERROR=0.00100,	MISSINGPHENO=-9,	