

----------------------------------------------------
STRUCTURE by Pritchard, Stephens and Donnelly (2000)
     and Falush, Stephens and Pritchard (2003)
       Code by Pritchard, Falush and Hubisz
             Version 2.3.4 (Jul 2012)
----------------------------------------------------



Command line arguments:   ./structure -m mainparams -K 4 -i phonology_structure -L 14 -o outfile_phonology_structure_K4_run34 
Input File:    phonology_structure

Run parameters:
   60 individuals
   14 loci
   4 populations assumed
   10000 Burn-in period
   100000 Reps


--------------------------------------------
Overall proportion of membership of the
sample in each of the 4 clusters

Inferred Clusters
  1      2      3      4    
0.407  0.177  0.224  0.192  

--------------------------------------------

Allele-freq. divergence among pops (Net nucleotide distance),
computed using point estimates of P.

      1       2       3       4      
 1      -    0.3171  0.1509  0.2372  
 2   0.3171     -    0.1644  0.2580  
 3   0.1509  0.1644     -    0.1461  
 4   0.2372  0.2580  0.1461     -    

Average distances (expected heterozygosity) between individuals in same cluster:
cluster  1  : 0.1059 
cluster  2  : 0.1187 
cluster  3  : 0.4044 
cluster  4  : 0.2165 

--------------------------------------------
Estimated Ln Prob of Data   = -272.4
Mean value of ln likelihood = -237.5
Variance of ln likelihood   = 69.9
Mean value of alpha         = 0.0454

Mean value of Fst_1         = 0.6721
Mean value of Fst_2         = 0.6912
Mean value of Fst_3         = 0.0754
Mean value of Fst_4         = 0.5235


Inferred ancestry of individuals:
        Label (%Miss) :  Inferred clusters
  1 torg1245   (21)   :  0.934 0.017 0.029 0.020 
  2 oldj1239   (14)   :  0.033 0.064 0.246 0.656 
  3 crim1257    (0)   :  0.971 0.007 0.013 0.009 
  4 bash1264    (7)   :  0.972 0.007 0.012 0.009 
  5 anat1259    (0)   :  0.954 0.022 0.017 0.007 
  6 okin1246    (0)   :  0.010 0.972 0.010 0.009 
  7 yaku1245    (0)   :  0.871 0.018 0.046 0.065 
  8 daur1238    (0)   :  0.341 0.010 0.627 0.022 
  9 east2337   (14)   :  0.020 0.011 0.943 0.027 
 10 ikem1235    (7)   :  0.009 0.964 0.018 0.009 
 11 sibe1251    (0)   :  0.022 0.006 0.011 0.961 
 12 nort2697    (0)   :  0.948 0.023 0.020 0.008 
 13 bona1250    (0)   :  0.014 0.050 0.873 0.063 
 14 ulch1241   (14)   :  0.243 0.012 0.092 0.653 
 15 nort2935   (14)   :  0.012 0.949 0.019 0.020 
 16 gaga1249    (0)   :  0.933 0.039 0.019 0.010 
 17 tara1319    (0)   :  0.008 0.970 0.015 0.007 
 18 moma1245   (21)   :  0.022 0.014 0.035 0.929 
 19 manc1252    (0)   :  0.209 0.031 0.297 0.463 
 20 shor1247    (0)   :  0.967 0.009 0.012 0.012 
 21 kaza1248    (0)   :  0.973 0.007 0.011 0.009 
 22 midd1351   (14)   :  0.758 0.033 0.156 0.053 
 23 chag1247   (71)   :  0.252 0.121 0.559 0.069 
 24 huih1238   (14)   :  0.050 0.027 0.054 0.870 
 25 ordo1245    (0)   :  0.337 0.010 0.630 0.023 
 26 turk1303    (0)   :  0.967 0.010 0.011 0.011 
 27 negi1245    (0)   :  0.008 0.020 0.015 0.957 
 28 nana1257    (0)   :  0.013 0.012 0.017 0.957 
 29 nort2690    (7)   :  0.409 0.104 0.466 0.021 
 30 shur1243    (0)   :  0.008 0.966 0.013 0.013 
 31 minh1238    (0)   :  0.010 0.068 0.913 0.009 
 32 udih1248    (0)   :  0.028 0.019 0.022 0.931 
 33 oira1262   (14)   :  0.716 0.012 0.247 0.025 
 34 hate1238    (7)   :  0.065 0.843 0.046 0.046 
 35 tata1255    (0)   :  0.972 0.007 0.012 0.009 
 36 turk1304    (0)   :  0.967 0.010 0.012 0.011 
 37 oroc1248    (0)   :  0.027 0.017 0.025 0.931 
 38 chuv1255    (0)   :  0.649 0.031 0.302 0.018 
 39 noga1249   (14)   :  0.763 0.036 0.148 0.052 
 40 dong1285    (7)   :  0.021 0.016 0.933 0.031 
 41 halh1238   (14)   :  0.085 0.017 0.869 0.028 
 42 ogam1239    (0)   :  0.008 0.825 0.154 0.013 
 43 cent2126    (7)   :  0.014 0.963 0.012 0.011 
 44 yona1241   (14)   :  0.012 0.034 0.901 0.052 
 45 kore1280    (0)   :  0.011 0.028 0.951 0.011 
 46 tuvi1240    (0)   :  0.651 0.016 0.291 0.042 
 47 huzh1238    (7)   :  0.012 0.035 0.941 0.013 
 48 khak1248    (0)   :  0.965 0.010 0.013 0.012 
 49 oldu1238    (7)   :  0.960 0.010 0.014 0.016 
 50 nucl1643    (0)   :  0.010 0.970 0.011 0.009 
 51 orok1265   (14)   :  0.009 0.015 0.011 0.965 
 52 midd1372   (14)   :  0.007 0.016 0.951 0.025 
 53 mogh1245   (28)   :  0.469 0.062 0.240 0.228 
 54 uigh1240    (7)   :  0.970 0.008 0.013 0.009 
 55 kara1467   (14)   :  0.964 0.009 0.016 0.011 
 56 russ1264   (14)   :  0.946 0.013 0.021 0.021 
 57 sout2954    (0)   :  0.009 0.964 0.013 0.014 
 58 berj1234    (0)   :  0.012 0.011 0.014 0.963 
 59 kham1281    (0)   :  0.873 0.016 0.050 0.061 
 60 dolg1241    (0)   :  0.963 0.010 0.015 0.012 


Estimated Allele Frequencies in each cluster
First column gives estimated ancestral frequencies


Locus 1 : TE003 
2 alleles
3.3% missing data
   1   (0.418) 0.981 0.025 0.430 0.086 
   0   (0.582) 0.019 0.975 0.570 0.914 

Locus 2 : TE004 
2 alleles
3.3% missing data
   0   (0.806) 0.995 0.991 0.847 0.383 
   1   (0.194) 0.005 0.009 0.153 0.617 

Locus 3 : TE005 
2 alleles
18.3% missing data
   0   (0.746) 0.991 0.987 0.783 0.152 
   1   (0.254) 0.009 0.013 0.217 0.848 

Locus 4 : TE006 
2 alleles
26.7% missing data
   0   (0.580) 0.983 0.113 0.521 0.961 
   1   (0.420) 0.017 0.887 0.479 0.039 

Locus 5 : TE007 
2 alleles
6.7% missing data
   0   (0.682) 0.993 0.708 0.636 0.968 
   1   (0.318) 0.007 0.292 0.364 0.032 

Locus 6 : TE008 
2 alleles
1.7% missing data
   1   (0.564) 0.930 0.913 0.462 0.958 
   0   (0.436) 0.070 0.087 0.538 0.042 

Locus 7 : TE031 
2 alleles
1.7% missing data
   1   (0.742) 0.865 0.039 0.807 0.978 
   0   (0.258) 0.135 0.961 0.193 0.022 

Locus 8 : TE037 
2 alleles
1.7% missing data
   1   (0.478) 0.865 0.606 0.480 0.145 
   0   (0.522) 0.135 0.394 0.520 0.855 

Locus 9 : TE038 
2 alleles
1.7% missing data
   1   (0.651) 0.992 0.036 0.693 0.673 
   0   (0.349) 0.008 0.964 0.307 0.327 

Locus 10 : TE039 
2 alleles
5.0% missing data
   1   (0.606) 0.520 0.968 0.578 0.877 
   0   (0.394) 0.480 0.032 0.422 0.123 

Locus 11 : TE078 
2 alleles
3.3% missing data
   0   (0.789) 0.995 0.990 0.743 0.980 
   1   (0.211) 0.005 0.010 0.257 0.020 

Locus 12 : TS079 
2 alleles
10.0% missing data
   0   (0.833) 0.996 0.992 0.875 0.548 
   1   (0.167) 0.004 0.008 0.125 0.452 

Locus 13 : TS080 
2 alleles
10.0% missing data
   0   (0.725) 0.081 0.987 0.785 0.770 
   1   (0.275) 0.919 0.013 0.215 0.230 

Locus 14 : TS088 
2 alleles
1.7% missing data
   0   (0.500) 0.950 0.973 0.346 0.951 
   1   (0.500) 0.050 0.027 0.654 0.049 

Values of parameters used in structure:
DATAFILE=phonology_structure,	OUTFILE=outfile_phonology_structure_K4_run34,	NUMINDS=60,	NUMLOCI=14,	MISSING=-9,	LABEL=1,	POPDATA=0,	POPFLAG=0,	PHENOTYPE=0,	EXTRACOLS=0,	MAXPOPS=4,	BURNIN=10000,	NUMREPS=100000,	USEPOPINFO=0,	INFERALPHA=1,	INFERLAMBDA=0,	POPSPECIFICLAMBDA=0,	POPALPHAS=0,	COMPUTEPROB=1,	NOADMIX=0,	ADMBURNIN=500,	UPDATEFREQ=100,	PRINTLIKES=0,	INTERMEDSAVE=0,	PRINTKLD=0,	PRINTNET=1,	PRINTLAMBDA=1,	ANCESTDIST=0,	NUMBOXES=1000,	ANCESTPINT=0.90000,	GENSBACK=2,	MIGRPRIOR=0.01000,	PRINTQHAT=0,	PRINTQSUM=1,	ALPHA=1.0000,	FREQSCORR=1,	FPRIORMEAN=0.0100,	FPRIORSD=0.0500,	ONEFST=0,	LAMBDA=1.0000,	UNIFPRIORALPHA=1,	ALPHAMAX=10.0000,	ALPHAPRIORA=1.0000,	ALPHAPRIORB=2.0000,	ALPHAPROPSD=0.0250,	STARTATPOPINFO=0,	RANDOMIZE=1,	LINKAGE=0,	METROFREQ=10,	REPORTHITRATE=0,	MARKOVPHASE=0,	PHASED=0,	PLOIDY=1,	PHASEINFO=0	LOCPRIOR=0, 	LOCPRIORINIT=1.000000, 	LOCDATA=0, 	LOCISPOP=0, 	LOCPRIORSTEP=0.100000, 	MAXLOCPRIOR=20.000000, 	SEED=1641283756,	
[STRAT parameters]:    NUMSIMSTATS=1000,	PHENOTYPECOL=-9,	POOLFREQ=10,	LOCUSxONLY=0,	EMERROR=0.00100,	MISSINGPHENO=-9,	