

----------------------------------------------------
STRUCTURE by Pritchard, Stephens and Donnelly (2000)
     and Falush, Stephens and Pritchard (2003)
       Code by Pritchard, Falush and Hubisz
             Version 2.3.4 (Jul 2012)
----------------------------------------------------



Command line arguments:   ./structure -m mainparams -K 6 -i phonology_structure -L 14 -o outfile_phonology_structure_K6_run18 
Input File:    phonology_structure

Run parameters:
   60 individuals
   14 loci
   6 populations assumed
   10000 Burn-in period
   100000 Reps


--------------------------------------------
Overall proportion of membership of the
sample in each of the 6 clusters

Inferred Clusters
  1      2      3      4      5      6    
0.140  0.141  0.225  0.167  0.162  0.165  

--------------------------------------------

Allele-freq. divergence among pops (Net nucleotide distance),
computed using point estimates of P.

      1       2       3       4       5       6      
 1      -    0.0000  0.0265  0.0263  0.0046  0.0308  
 2   0.0000     -    0.0277  0.0270  0.0051  0.0314  
 3   0.0265  0.0277     -    0.0555  0.0123  0.0701  
 4   0.0263  0.0270  0.0555     -    0.0297  0.0530  
 5   0.0046  0.0051  0.0123  0.0297     -    0.0442  
 6   0.0308  0.0314  0.0701  0.0530  0.0442     -    

Average distances (expected heterozygosity) between individuals in same cluster:
cluster  1  : 0.3866 
cluster  2  : 0.3861 
cluster  3  : 0.2644 
cluster  4  : 0.3445 
cluster  5  : 0.3497 
cluster  6  : 0.3186 

--------------------------------------------
Estimated Ln Prob of Data   = -4015.8
Mean value of ln likelihood = -331.8
Variance of ln likelihood   = 7367.9
Mean value of alpha         = 2.3872

Mean value of Fst_1         = 0.0226
Mean value of Fst_2         = 0.0345
Mean value of Fst_3         = 0.3867
Mean value of Fst_4         = 0.2780
Mean value of Fst_5         = 0.1672
Mean value of Fst_6         = 0.3304


Inferred ancestry of individuals:
        Label (%Miss) :  Inferred clusters
  1 torg1245   (21)   :  0.099 0.100 0.416 0.093 0.200 0.092 
  2 oldj1239   (14)   :  0.171 0.178 0.099 0.292 0.137 0.122 
  3 crim1257    (0)   :  0.087 0.088 0.504 0.086 0.151 0.085 
  4 bash1264    (7)   :  0.088 0.087 0.502 0.086 0.151 0.086 
  5 anat1259    (0)   :  0.098 0.094 0.470 0.087 0.155 0.096 
  6 okin1246    (0)   :  0.104 0.101 0.085 0.095 0.102 0.513 
  7 yaku1245    (0)   :  0.122 0.126 0.283 0.117 0.258 0.095 
  8 daur1238    (0)   :  0.188 0.186 0.131 0.116 0.284 0.094 
  9 east2337   (14)   :  0.259 0.261 0.100 0.112 0.167 0.101 
 10 ikem1235    (7)   :  0.107 0.105 0.087 0.094 0.102 0.507 
 11 sibe1251    (0)   :  0.106 0.103 0.090 0.498 0.105 0.099 
 12 nort2697    (0)   :  0.099 0.097 0.468 0.088 0.154 0.095 
 13 bona1250    (0)   :  0.254 0.256 0.098 0.117 0.161 0.114 
 14 ulch1241   (14)   :  0.134 0.131 0.140 0.330 0.165 0.100 
 15 nort2935   (14)   :  0.105 0.105 0.086 0.099 0.105 0.500 
 16 gaga1249    (0)   :  0.101 0.101 0.417 0.093 0.182 0.107 
 17 tara1319    (0)   :  0.103 0.105 0.085 0.095 0.100 0.513 
 18 moma1245   (21)   :  0.110 0.111 0.092 0.470 0.114 0.103 
 19 manc1252    (0)   :  0.192 0.197 0.157 0.204 0.142 0.108 
 20 shor1247    (0)   :  0.090 0.090 0.439 0.090 0.204 0.087 
 21 kaza1248    (0)   :  0.088 0.088 0.503 0.086 0.149 0.085 
 22 midd1351   (14)   :  0.147 0.145 0.334 0.102 0.168 0.103 
 23 chag1247   (71)   :  0.207 0.214 0.150 0.112 0.186 0.130 
 24 huih1238   (14)   :  0.118 0.122 0.102 0.429 0.122 0.107 
 25 ordo1245    (0)   :  0.188 0.184 0.135 0.123 0.278 0.091 
 26 turk1303    (0)   :  0.091 0.090 0.434 0.090 0.208 0.087 
 27 negi1245    (0)   :  0.104 0.103 0.086 0.497 0.106 0.104 
 28 nana1257    (0)   :  0.104 0.106 0.088 0.494 0.104 0.105 
 29 nort2690    (7)   :  0.199 0.202 0.208 0.096 0.173 0.122 
 30 shur1243    (0)   :  0.102 0.102 0.085 0.098 0.101 0.512 
 31 minh1238    (0)   :  0.248 0.259 0.094 0.102 0.175 0.122 
 32 udih1248    (0)   :  0.111 0.109 0.092 0.475 0.111 0.101 
 33 oira1262   (14)   :  0.156 0.168 0.234 0.106 0.242 0.094 
 34 hate1238    (7)   :  0.126 0.117 0.106 0.103 0.115 0.433 
 35 tata1255    (0)   :  0.089 0.089 0.503 0.085 0.150 0.085 
 36 turk1304    (0)   :  0.091 0.090 0.434 0.090 0.209 0.087 
 37 oroc1248    (0)   :  0.108 0.112 0.091 0.479 0.106 0.104 
 38 chuv1255    (0)   :  0.193 0.180 0.189 0.105 0.231 0.103 
 39 noga1249   (14)   :  0.143 0.142 0.342 0.105 0.164 0.104 
 40 dong1285    (7)   :  0.254 0.267 0.099 0.104 0.175 0.101 
 41 halh1238   (14)   :  0.235 0.246 0.111 0.114 0.195 0.099 
 42 ogam1239    (0)   :  0.136 0.141 0.087 0.097 0.115 0.424 
 43 cent2126    (7)   :  0.100 0.103 0.088 0.095 0.104 0.510 
 44 yona1241   (14)   :  0.273 0.247 0.095 0.106 0.170 0.110 
 45 kore1280    (0)   :  0.249 0.269 0.098 0.103 0.176 0.106 
 46 tuvi1240    (0)   :  0.169 0.165 0.167 0.121 0.282 0.096 
 47 huzh1238    (7)   :  0.257 0.261 0.096 0.108 0.167 0.111 
 48 khak1248    (0)   :  0.089 0.090 0.439 0.090 0.205 0.088 
 49 oldu1238    (7)   :  0.090 0.089 0.437 0.091 0.205 0.087 
 50 nucl1643    (0)   :  0.102 0.102 0.086 0.096 0.102 0.512 
 51 orok1265   (14)   :  0.102 0.101 0.086 0.502 0.104 0.105 
 52 midd1372   (14)   :  0.257 0.273 0.095 0.105 0.167 0.103 
 53 mogh1245   (28)   :  0.176 0.165 0.250 0.140 0.154 0.115 
 54 uigh1240    (7)   :  0.090 0.090 0.502 0.086 0.146 0.086 
 55 kara1467   (14)   :  0.090 0.092 0.498 0.087 0.147 0.086 
 56 russ1264   (14)   :  0.096 0.095 0.426 0.094 0.200 0.090 
 57 sout2954    (0)   :  0.103 0.101 0.086 0.097 0.101 0.512 
 58 berj1234    (0)   :  0.103 0.104 0.086 0.500 0.105 0.101 
 59 kham1281    (0)   :  0.121 0.124 0.271 0.125 0.264 0.096 
 60 dolg1241    (0)   :  0.090 0.089 0.440 0.091 0.204 0.087 


Estimated Allele Frequencies in each cluster
First column gives estimated ancestral frequencies


Locus 1 : TE003 
2 alleles
3.3% missing data
   1   (0.519) 0.523 0.516 0.746 0.332 0.636 0.299 
   0   (0.481) 0.477 0.484 0.254 0.668 0.364 0.701 

Locus 2 : TE004 
2 alleles
3.3% missing data
   0   (0.838) 0.840 0.843 0.924 0.632 0.875 0.914 
   1   (0.162) 0.160 0.157 0.076 0.368 0.125 0.086 

Locus 3 : TE005 
2 alleles
18.3% missing data
   0   (0.784) 0.787 0.791 0.880 0.489 0.806 0.863 
   1   (0.216) 0.213 0.209 0.120 0.511 0.194 0.137 

Locus 4 : TE006 
2 alleles
26.7% missing data
   0   (0.679) 0.682 0.676 0.853 0.835 0.770 0.453 
   1   (0.321) 0.318 0.324 0.147 0.165 0.230 0.547 

Locus 5 : TE007 
2 alleles
6.7% missing data
   0   (0.774) 0.778 0.772 0.913 0.899 0.843 0.784 
   1   (0.226) 0.222 0.228 0.087 0.101 0.157 0.216 

Locus 6 : TE008 
2 alleles
1.7% missing data
   1   (0.712) 0.713 0.711 0.877 0.865 0.718 0.864 
   0   (0.288) 0.287 0.289 0.123 0.135 0.282 0.136 

Locus 7 : TE031 
2 alleles
1.7% missing data
   1   (0.757) 0.758 0.767 0.807 0.847 0.783 0.427 
   0   (0.243) 0.242 0.233 0.193 0.153 0.217 0.573 

Locus 8 : TE037 
2 alleles
1.7% missing data
   1   (0.553) 0.554 0.551 0.756 0.381 0.559 0.603 
   0   (0.447) 0.446 0.449 0.244 0.619 0.441 0.397 

Locus 9 : TE038 
2 alleles
1.7% missing data
   1   (0.658) 0.663 0.670 0.831 0.680 0.750 0.395 
   0   (0.342) 0.337 0.330 0.169 0.320 0.250 0.605 

Locus 10 : TE039 
2 alleles
5.0% missing data
   1   (0.634) 0.636 0.636 0.552 0.779 0.677 0.801 
   0   (0.366) 0.364 0.364 0.448 0.221 0.323 0.199 

Locus 11 : TE078 
2 alleles
3.3% missing data
   0   (0.869) 0.873 0.866 0.947 0.940 0.918 0.941 
   1   (0.131) 0.127 0.134 0.053 0.060 0.082 0.059 

Locus 12 : TS079 
2 alleles
10.0% missing data
   0   (0.890) 0.891 0.897 0.946 0.731 0.913 0.939 
   1   (0.110) 0.109 0.103 0.054 0.269 0.087 0.061 

Locus 13 : TS080 
2 alleles
10.0% missing data
   0   (0.637) 0.633 0.644 0.336 0.660 0.493 0.766 
   1   (0.363) 0.367 0.356 0.664 0.340 0.507 0.234 

Locus 14 : TS088 
2 alleles
1.7% missing data
   0   (0.619) 0.624 0.613 0.860 0.847 0.697 0.868 
   1   (0.381) 0.376 0.387 0.140 0.153 0.303 0.132 

Values of parameters used in structure:
DATAFILE=phonology_structure,	OUTFILE=outfile_phonology_structure_K6_run18,	NUMINDS=60,	NUMLOCI=14,	MISSING=-9,	LABEL=1,	POPDATA=0,	POPFLAG=0,	PHENOTYPE=0,	EXTRACOLS=0,	MAXPOPS=6,	BURNIN=10000,	NUMREPS=100000,	USEPOPINFO=0,	INFERALPHA=1,	INFERLAMBDA=0,	POPSPECIFICLAMBDA=0,	POPALPHAS=0,	COMPUTEPROB=1,	NOADMIX=0,	ADMBURNIN=500,	UPDATEFREQ=100,	PRINTLIKES=0,	INTERMEDSAVE=0,	PRINTKLD=0,	PRINTNET=1,	PRINTLAMBDA=1,	ANCESTDIST=0,	NUMBOXES=1000,	ANCESTPINT=0.90000,	GENSBACK=2,	MIGRPRIOR=0.01000,	PRINTQHAT=0,	PRINTQSUM=1,	ALPHA=1.0000,	FREQSCORR=1,	FPRIORMEAN=0.0100,	FPRIORSD=0.0500,	ONEFST=0,	LAMBDA=1.0000,	UNIFPRIORALPHA=1,	ALPHAMAX=10.0000,	ALPHAPRIORA=1.0000,	ALPHAPRIORB=2.0000,	ALPHAPROPSD=0.0250,	STARTATPOPINFO=0,	RANDOMIZE=1,	LINKAGE=0,	METROFREQ=10,	REPORTHITRATE=0,	MARKOVPHASE=0,	PHASED=0,	PLOIDY=1,	PHASEINFO=0	LOCPRIOR=0, 	LOCPRIORINIT=1.000000, 	LOCDATA=0, 	LOCISPOP=0, 	LOCPRIORSTEP=0.100000, 	MAXLOCPRIOR=20.000000, 	SEED=1641245972,	
[STRAT parameters]:    NUMSIMSTATS=1000,	PHENOTYPECOL=-9,	POOLFREQ=10,	LOCUSxONLY=0,	EMERROR=0.00100,	MISSINGPHENO=-9,	