

----------------------------------------------------
STRUCTURE by Pritchard, Stephens and Donnelly (2000)
     and Falush, Stephens and Pritchard (2003)
       Code by Pritchard, Falush and Hubisz
             Version 2.3.4 (Jul 2012)
----------------------------------------------------



Command line arguments:   ./structure -m mainparams -K 6 -i phonology_structure -L 14 -o outfile_phonology_structure_K6_run7 
Input File:    phonology_structure

Run parameters:
   60 individuals
   14 loci
   6 populations assumed
   10000 Burn-in period
   100000 Reps


--------------------------------------------
Overall proportion of membership of the
sample in each of the 6 clusters

Inferred Clusters
  1      2      3      4      5      6    
0.143  0.196  0.168  0.198  0.166  0.128  

--------------------------------------------

Allele-freq. divergence among pops (Net nucleotide distance),
computed using point estimates of P.

      1       2       3       4       5       6      
 1      -    0.0199  0.1718  0.0126  0.1393  0.0033  
 2   0.0199     -    0.2435  0.0036  0.1856  0.0222  
 3   0.1718  0.2435     -    0.2196  0.2734  0.1818  
 4   0.0126  0.0036  0.2196     -    0.1701  0.0194  
 5   0.1393  0.1856  0.2734  0.1701     -    0.1380  
 6   0.0033  0.0222  0.1818  0.0194  0.1380     -    

Average distances (expected heterozygosity) between individuals in same cluster:
cluster  1  : 0.3794 
cluster  2  : 0.2656 
cluster  3  : 0.1126 
cluster  4  : 0.3046 
cluster  5  : 0.1986 
cluster  6  : 0.3780 

--------------------------------------------
Estimated Ln Prob of Data   = -330.9
Mean value of ln likelihood = -231.8
Variance of ln likelihood   = 198.2
Mean value of alpha         = 0.0397

Mean value of Fst_1         = 0.1573
Mean value of Fst_2         = 0.5053
Mean value of Fst_3         = 0.7113
Mean value of Fst_4         = 0.4275
Mean value of Fst_5         = 0.5632
Mean value of Fst_6         = 0.2088


Inferred ancestry of individuals:
        Label (%Miss) :  Inferred clusters
  1 torg1245   (21)   :  0.149 0.377 0.015 0.319 0.015 0.125 
  2 oldj1239   (14)   :  0.177 0.063 0.055 0.129 0.410 0.166 
  3 crim1257    (0)   :  0.173 0.338 0.006 0.453 0.008 0.023 
  4 bash1264    (7)   :  0.173 0.336 0.006 0.454 0.007 0.022 
  5 anat1259    (0)   :  0.177 0.331 0.022 0.430 0.006 0.034 
  6 okin1246    (0)   :  0.011 0.009 0.953 0.010 0.008 0.009 
  7 yaku1245    (0)   :  0.100 0.392 0.014 0.197 0.043 0.255 
  8 daur1238    (0)   :  0.161 0.332 0.007 0.143 0.012 0.344 
  9 east2337   (14)   :  0.346 0.145 0.010 0.196 0.020 0.283 
 10 ikem1235    (7)   :  0.014 0.010 0.944 0.012 0.007 0.013 
 11 sibe1251    (0)   :  0.015 0.018 0.006 0.018 0.926 0.017 
 12 nort2697    (0)   :  0.174 0.334 0.023 0.430 0.006 0.033 
 13 bona1250    (0)   :  0.321 0.130 0.039 0.189 0.036 0.285 
 14 ulch1241   (14)   :  0.111 0.156 0.010 0.111 0.475 0.137 
 15 nort2935   (14)   :  0.020 0.014 0.916 0.014 0.017 0.019 
 16 gaga1249    (0)   :  0.152 0.342 0.049 0.358 0.010 0.089 
 17 tara1319    (0)   :  0.012 0.009 0.953 0.009 0.006 0.011 
 18 moma1245   (21)   :  0.042 0.031 0.013 0.034 0.844 0.038 
 19 manc1252    (0)   :  0.229 0.133 0.022 0.188 0.243 0.185 
 20 shor1247    (0)   :  0.122 0.396 0.009 0.349 0.010 0.115 
 21 kaza1248    (0)   :  0.173 0.337 0.006 0.451 0.007 0.025 
 22 midd1351   (14)   :  0.210 0.278 0.024 0.361 0.030 0.096 
 23 chag1247   (71)   :  0.245 0.206 0.081 0.203 0.040 0.226 
 24 huih1238   (14)   :  0.054 0.044 0.021 0.048 0.771 0.062 
 25 ordo1245    (0)   :  0.162 0.337 0.007 0.143 0.012 0.341 
 26 turk1303    (0)   :  0.132 0.383 0.009 0.347 0.010 0.118 
 27 negi1245    (0)   :  0.018 0.010 0.019 0.015 0.922 0.016 
 28 nana1257    (0)   :  0.018 0.016 0.012 0.021 0.908 0.025 
 29 nort2690    (7)   :  0.259 0.212 0.071 0.257 0.012 0.188 
 30 shur1243    (0)   :  0.011 0.009 0.945 0.011 0.013 0.012 
 31 minh1238    (0)   :  0.278 0.142 0.071 0.185 0.007 0.316 
 32 udih1248    (0)   :  0.037 0.025 0.017 0.036 0.852 0.035 
 33 oira1262   (14)   :  0.175 0.358 0.011 0.206 0.016 0.235 
 34 hate1238    (7)   :  0.059 0.044 0.768 0.053 0.031 0.045 
 35 tata1255    (0)   :  0.176 0.331 0.006 0.456 0.007 0.024 
 36 turk1304    (0)   :  0.132 0.382 0.009 0.345 0.011 0.122 
 37 oroc1248    (0)   :  0.028 0.020 0.015 0.028 0.883 0.024 
 38 chuv1255    (0)   :  0.212 0.254 0.027 0.227 0.013 0.267 
 39 noga1249   (14)   :  0.207 0.287 0.025 0.359 0.028 0.094 
 40 dong1285    (7)   :  0.315 0.141 0.013 0.193 0.019 0.319 
 41 halh1238   (14)   :  0.296 0.210 0.015 0.183 0.021 0.276 
 42 ogam1239    (0)   :  0.064 0.035 0.773 0.037 0.009 0.081 
 43 cent2126    (7)   :  0.014 0.010 0.941 0.012 0.009 0.013 
 44 yona1241   (14)   :  0.327 0.127 0.025 0.191 0.030 0.300 
 45 kore1280    (0)   :  0.306 0.154 0.027 0.179 0.009 0.325 
 46 tuvi1240    (0)   :  0.124 0.371 0.009 0.142 0.021 0.333 
 47 huzh1238    (7)   :  0.291 0.161 0.033 0.195 0.010 0.310 
 48 khak1248    (0)   :  0.131 0.393 0.009 0.348 0.010 0.109 
 49 oldu1238    (7)   :  0.134 0.389 0.008 0.338 0.014 0.116 
 50 nucl1643    (0)   :  0.010 0.009 0.955 0.009 0.008 0.009 
 51 orok1265   (14)   :  0.015 0.009 0.015 0.012 0.936 0.013 
 52 midd1372   (14)   :  0.339 0.138 0.013 0.193 0.017 0.300 
 53 mogh1245   (28)   :  0.223 0.212 0.043 0.270 0.108 0.145 
 54 uigh1240    (7)   :  0.170 0.340 0.008 0.455 0.007 0.021 
 55 kara1467   (14)   :  0.176 0.331 0.007 0.451 0.009 0.027 
 56 russ1264   (14)   :  0.137 0.384 0.011 0.334 0.016 0.117 
 57 sout2954    (0)   :  0.011 0.010 0.943 0.009 0.012 0.014 
 58 berj1234    (0)   :  0.013 0.011 0.009 0.015 0.936 0.015 
 59 kham1281    (0)   :  0.100 0.392 0.013 0.198 0.042 0.254 
 60 dolg1241    (0)   :  0.132 0.392 0.009 0.346 0.011 0.111 


Estimated Allele Frequencies in each cluster
First column gives estimated ancestral frequencies


Locus 1 : TE003 
2 alleles
3.3% missing data
   1   (0.443) 0.563 0.813 0.022 0.730 0.068 0.574 
   0   (0.557) 0.437 0.187 0.978 0.270 0.932 0.426 

Locus 2 : TE004 
2 alleles
3.3% missing data
   0   (0.834) 0.885 0.956 0.993 0.915 0.332 0.879 
   1   (0.166) 0.115 0.044 0.007 0.085 0.668 0.121 

Locus 3 : TE005 
2 alleles
18.3% missing data
   0   (0.740) 0.801 0.921 0.988 0.860 0.123 0.821 
   1   (0.260) 0.199 0.079 0.012 0.140 0.877 0.179 

Locus 4 : TE006 
2 alleles
26.7% missing data
   0   (0.661) 0.732 0.874 0.102 0.826 0.970 0.702 
   1   (0.339) 0.268 0.126 0.898 0.174 0.030 0.298 

Locus 5 : TE007 
2 alleles
6.7% missing data
   0   (0.702) 0.770 0.887 0.707 0.853 0.971 0.760 
   1   (0.298) 0.230 0.113 0.293 0.147 0.029 0.240 

Locus 6 : TE008 
2 alleles
1.7% missing data
   1   (0.617) 0.678 0.736 0.931 0.780 0.965 0.575 
   0   (0.383) 0.322 0.264 0.069 0.220 0.035 0.425 

Locus 7 : TE031 
2 alleles
1.7% missing data
   1   (0.793) 0.809 0.878 0.037 0.835 0.982 0.837 
   0   (0.207) 0.191 0.122 0.963 0.165 0.018 0.163 

Locus 8 : TE037 
2 alleles
1.7% missing data
   1   (0.538) 0.620 0.679 0.612 0.723 0.125 0.476 
   0   (0.462) 0.380 0.321 0.388 0.277 0.875 0.524 

Locus 9 : TE038 
2 alleles
1.7% missing data
   1   (0.667) 0.731 0.892 0.033 0.847 0.667 0.771 
   0   (0.333) 0.269 0.108 0.967 0.153 0.333 0.229 

Locus 10 : TE039 
2 alleles
5.0% missing data
   1   (0.598) 0.568 0.624 0.972 0.483 0.923 0.662 
   0   (0.402) 0.432 0.376 0.028 0.517 0.077 0.338 

Locus 11 : TE078 
2 alleles
3.3% missing data
   0   (0.795) 0.829 0.918 0.991 0.910 0.982 0.836 
   1   (0.205) 0.171 0.082 0.009 0.090 0.018 0.164 

Locus 12 : TS079 
2 alleles
10.0% missing data
   0   (0.858) 0.892 0.964 0.994 0.934 0.508 0.897 
   1   (0.142) 0.108 0.036 0.006 0.066 0.492 0.103 

Locus 13 : TS080 
2 alleles
10.0% missing data
   0   (0.737) 0.606 0.310 0.988 0.387 0.774 0.565 
   1   (0.263) 0.394 0.690 0.012 0.613 0.226 0.435 

Locus 14 : TS088 
2 alleles
1.7% missing data
   0   (0.476) 0.558 0.703 0.975 0.728 0.954 0.528 
   1   (0.524) 0.442 0.297 0.025 0.272 0.046 0.472 

Values of parameters used in structure:
DATAFILE=phonology_structure,	OUTFILE=outfile_phonology_structure_K6_run7,	NUMINDS=60,	NUMLOCI=14,	MISSING=-9,	LABEL=1,	POPDATA=0,	POPFLAG=0,	PHENOTYPE=0,	EXTRACOLS=0,	MAXPOPS=6,	BURNIN=10000,	NUMREPS=100000,	USEPOPINFO=0,	INFERALPHA=1,	INFERLAMBDA=0,	POPSPECIFICLAMBDA=0,	POPALPHAS=0,	COMPUTEPROB=1,	NOADMIX=0,	ADMBURNIN=500,	UPDATEFREQ=100,	PRINTLIKES=0,	INTERMEDSAVE=0,	PRINTKLD=0,	PRINTNET=1,	PRINTLAMBDA=1,	ANCESTDIST=0,	NUMBOXES=1000,	ANCESTPINT=0.90000,	GENSBACK=2,	MIGRPRIOR=0.01000,	PRINTQHAT=0,	PRINTQSUM=1,	ALPHA=1.0000,	FREQSCORR=1,	FPRIORMEAN=0.0100,	FPRIORSD=0.0500,	ONEFST=0,	LAMBDA=1.0000,	UNIFPRIORALPHA=1,	ALPHAMAX=10.0000,	ALPHAPRIORA=1.0000,	ALPHAPRIORB=2.0000,	ALPHAPROPSD=0.0250,	STARTATPOPINFO=0,	RANDOMIZE=1,	LINKAGE=0,	METROFREQ=10,	REPORTHITRATE=0,	MARKOVPHASE=0,	PHASED=0,	PLOIDY=1,	PHASEINFO=0	LOCPRIOR=0, 	LOCPRIORINIT=1.000000, 	LOCDATA=0, 	LOCISPOP=0, 	LOCPRIORSTEP=0.100000, 	MAXLOCPRIOR=20.000000, 	SEED=1641220316,	
[STRAT parameters]:    NUMSIMSTATS=1000,	PHENOTYPECOL=-9,	POOLFREQ=10,	LOCUSxONLY=0,	EMERROR=0.00100,	MISSINGPHENO=-9,	