

----------------------------------------------------
STRUCTURE by Pritchard, Stephens and Donnelly (2000)
     and Falush, Stephens and Pritchard (2003)
       Code by Pritchard, Falush and Hubisz
             Version 2.3.4 (Jul 2012)
----------------------------------------------------



Command line arguments:   ./structure -m mainparams -K 7 -i phonology_structure -L 14 -o outfile_phonology_structure_K7_run21 
Input File:    phonology_structure

Run parameters:
   60 individuals
   14 loci
   7 populations assumed
   10000 Burn-in period
   100000 Reps


--------------------------------------------
Overall proportion of membership of the
sample in each of the 7 clusters

Inferred Clusters
  1      2      3      4      5      6      7    
0.162  0.149  0.101  0.143  0.120  0.161  0.164  

--------------------------------------------

Allele-freq. divergence among pops (Net nucleotide distance),
computed using point estimates of P.

      1       2       3       4       5       6       7      
 1      -    0.1711  0.1448  0.1687  0.1544  0.1863  0.2768  
 2   0.1711     -    0.0168  0.0003  0.0036  0.0028  0.2060  
 3   0.1448  0.0168     -    0.0178  0.0050  0.0318  0.1601  
 4   0.1687  0.0003  0.0178     -    0.0040  0.0021  0.2056  
 5   0.1544  0.0036  0.0050  0.0040     -    0.0116  0.1818  
 6   0.1863  0.0028  0.0318  0.0021  0.0116     -    0.2299  
 7   0.2768  0.2060  0.1601  0.2056  0.1818  0.2299     -    

Average distances (expected heterozygosity) between individuals in same cluster:
cluster  1  : 0.1922 
cluster  2  : 0.3259 
cluster  3  : 0.3913 
cluster  4  : 0.3178 
cluster  5  : 0.3589 
cluster  6  : 0.2736 
cluster  7  : 0.1116 

--------------------------------------------
Estimated Ln Prob of Data   = -344.9
Mean value of ln likelihood = -231.9
Variance of ln likelihood   = 226.1
Mean value of alpha         = 0.0395

Mean value of Fst_1         = 0.5826
Mean value of Fst_2         = 0.3687
Mean value of Fst_3         = 0.1135
Mean value of Fst_4         = 0.3544
Mean value of Fst_5         = 0.2375
Mean value of Fst_6         = 0.4684
Mean value of Fst_7         = 0.7083


Inferred ancestry of individuals:
        Label (%Miss) :  Inferred clusters
  1 torg1245   (21)   :  0.017 0.202 0.069 0.243 0.144 0.308 0.016 
  2 oldj1239   (14)   :  0.412 0.102 0.159 0.086 0.112 0.075 0.054 
  3 crim1257    (0)   :  0.007 0.304 0.018 0.239 0.130 0.297 0.006 
  4 bash1264    (7)   :  0.007 0.305 0.020 0.233 0.135 0.293 0.006 
  5 anat1259    (0)   :  0.007 0.304 0.027 0.223 0.124 0.292 0.023 
  6 okin1246    (0)   :  0.007 0.011 0.010 0.009 0.011 0.010 0.941 
  7 yaku1245    (0)   :  0.037 0.180 0.095 0.226 0.166 0.283 0.013 
  8 daur1238    (0)   :  0.012 0.199 0.177 0.182 0.209 0.215 0.007 
  9 east2337   (14)   :  0.022 0.166 0.291 0.158 0.233 0.120 0.010 
 10 ikem1235    (7)   :  0.008 0.015 0.016 0.012 0.015 0.013 0.921 
 11 sibe1251    (0)   :  0.924 0.013 0.012 0.016 0.014 0.017 0.005 
 12 nort2697    (0)   :  0.007 0.302 0.028 0.219 0.136 0.287 0.022 
 13 bona1250    (0)   :  0.038 0.164 0.274 0.158 0.216 0.111 0.038 
 14 ulch1241   (14)   :  0.461 0.102 0.087 0.114 0.106 0.119 0.011 
 15 nort2935   (14)   :  0.019 0.015 0.019 0.015 0.017 0.014 0.901 
 16 gaga1249    (0)   :  0.010 0.239 0.055 0.217 0.130 0.295 0.053 
 17 tara1319    (0)   :  0.006 0.011 0.016 0.010 0.014 0.011 0.932 
 18 moma1245   (21)   :  0.824 0.033 0.038 0.028 0.034 0.030 0.013 
 19 manc1252    (0)   :  0.194 0.151 0.190 0.155 0.148 0.141 0.021 
 20 shor1247    (0)   :  0.009 0.209 0.062 0.249 0.144 0.318 0.009 
 21 kaza1248    (0)   :  0.007 0.302 0.017 0.240 0.128 0.299 0.006 
 22 midd1351   (14)   :  0.027 0.247 0.107 0.202 0.154 0.241 0.022 
 23 chag1247   (71)   :  0.033 0.169 0.209 0.168 0.193 0.156 0.071 
 24 huih1238   (14)   :  0.723 0.050 0.054 0.051 0.056 0.046 0.020 
 25 ordo1245    (0)   :  0.011 0.202 0.175 0.187 0.214 0.205 0.006 
 26 turk1303    (0)   :  0.010 0.218 0.060 0.249 0.140 0.315 0.008 
 27 negi1245    (0)   :  0.922 0.012 0.014 0.011 0.012 0.010 0.018 
 28 nana1257    (0)   :  0.896 0.018 0.019 0.022 0.020 0.014 0.011 
 29 nort2690    (7)   :  0.011 0.184 0.187 0.201 0.181 0.184 0.053 
 30 shur1243    (0)   :  0.013 0.011 0.013 0.010 0.010 0.010 0.934 
 31 minh1238    (0)   :  0.007 0.163 0.292 0.142 0.223 0.110 0.063 
 32 udih1248    (0)   :  0.857 0.027 0.024 0.026 0.027 0.025 0.016 
 33 oira1262   (14)   :  0.013 0.197 0.134 0.220 0.173 0.253 0.010 
 34 hate1238    (7)   :  0.028 0.047 0.052 0.046 0.048 0.046 0.733 
 35 tata1255    (0)   :  0.007 0.302 0.018 0.231 0.133 0.303 0.006 
 36 turk1304    (0)   :  0.009 0.219 0.061 0.254 0.144 0.304 0.009 
 37 oroc1248    (0)   :  0.864 0.025 0.026 0.025 0.024 0.023 0.015 
 38 chuv1255    (0)   :  0.012 0.207 0.173 0.192 0.186 0.207 0.023 
 39 noga1249   (14)   :  0.025 0.237 0.107 0.214 0.154 0.240 0.022 
 40 dong1285    (7)   :  0.016 0.163 0.315 0.156 0.216 0.121 0.012 
 41 halh1238   (14)   :  0.018 0.174 0.266 0.161 0.224 0.144 0.013 
 42 ogam1239    (0)   :  0.009 0.051 0.079 0.042 0.053 0.034 0.732 
 43 cent2126    (7)   :  0.010 0.011 0.012 0.012 0.012 0.013 0.931 
 44 yona1241   (14)   :  0.029 0.157 0.308 0.153 0.216 0.111 0.026 
 45 kore1280    (0)   :  0.010 0.163 0.302 0.147 0.228 0.122 0.027 
 46 tuvi1240    (0)   :  0.019 0.204 0.137 0.206 0.182 0.242 0.009 
 47 huzh1238    (7)   :  0.010 0.178 0.290 0.156 0.215 0.118 0.034 
 48 khak1248    (0)   :  0.010 0.214 0.062 0.252 0.135 0.319 0.008 
 49 oldu1238    (7)   :  0.013 0.211 0.063 0.249 0.143 0.313 0.009 
 50 nucl1643    (0)   :  0.008 0.010 0.011 0.010 0.009 0.010 0.942 
 51 orok1265   (14)   :  0.939 0.009 0.012 0.008 0.010 0.009 0.013 
 52 midd1372   (14)   :  0.020 0.156 0.325 0.151 0.214 0.120 0.013 
 53 mogh1245   (28)   :  0.079 0.192 0.153 0.182 0.165 0.190 0.039 
 54 uigh1240    (7)   :  0.007 0.300 0.019 0.237 0.136 0.295 0.007 
 55 kara1467   (14)   :  0.009 0.305 0.019 0.227 0.130 0.303 0.007 
 56 russ1264   (14)   :  0.014 0.201 0.071 0.250 0.138 0.316 0.010 
 57 sout2954    (0)   :  0.013 0.010 0.013 0.009 0.011 0.009 0.934 
 58 berj1234    (0)   :  0.927 0.011 0.015 0.012 0.014 0.011 0.009 
 59 kham1281    (0)   :  0.040 0.179 0.091 0.226 0.163 0.287 0.014 
 60 dolg1241    (0)   :  0.010 0.205 0.063 0.255 0.140 0.318 0.009 


Estimated Allele Frequencies in each cluster
First column gives estimated ancestral frequencies


Locus 1 : TE003 
2 alleles
3.3% missing data
   1   (0.446) 0.062 0.701 0.480 0.693 0.597 0.772 0.023 
   0   (0.554) 0.938 0.299 0.520 0.307 0.403 0.228 0.977 

Locus 2 : TE004 
2 alleles
3.3% missing data
   0   (0.844) 0.322 0.915 0.863 0.916 0.900 0.947 0.992 
   1   (0.156) 0.678 0.085 0.137 0.084 0.100 0.053 0.008 

Locus 3 : TE005 
2 alleles
18.3% missing data
   0   (0.805) 0.113 0.883 0.825 0.898 0.869 0.919 0.990 
   1   (0.195) 0.887 0.117 0.175 0.102 0.131 0.081 0.010 

Locus 4 : TE006 
2 alleles
26.7% missing data
   0   (0.633) 0.970 0.776 0.634 0.790 0.724 0.839 0.098 
   1   (0.367) 0.030 0.224 0.366 0.210 0.276 0.161 0.902 

Locus 5 : TE007 
2 alleles
6.7% missing data
   0   (0.725) 0.975 0.835 0.731 0.846 0.799 0.889 0.712 
   1   (0.275) 0.025 0.165 0.269 0.154 0.201 0.111 0.288 

Locus 6 : TE008 
2 alleles
1.7% missing data
   1   (0.602) 0.967 0.706 0.585 0.731 0.647 0.763 0.935 
   0   (0.398) 0.033 0.294 0.415 0.269 0.353 0.237 0.065 

Locus 7 : TE031 
2 alleles
1.7% missing data
   1   (0.773) 0.982 0.821 0.805 0.829 0.823 0.856 0.037 
   0   (0.227) 0.018 0.179 0.195 0.171 0.177 0.144 0.963 

Locus 8 : TE037 
2 alleles
1.7% missing data
   1   (0.537) 0.110 0.651 0.547 0.670 0.601 0.707 0.611 
   0   (0.463) 0.890 0.349 0.453 0.330 0.399 0.293 0.389 

Locus 9 : TE038 
2 alleles
1.7% missing data
   1   (0.722) 0.658 0.843 0.744 0.863 0.803 0.891 0.036 
   0   (0.278) 0.342 0.157 0.256 0.137 0.197 0.109 0.964 

Locus 10 : TE039 
2 alleles
5.0% missing data
   1   (0.585) 0.932 0.527 0.597 0.569 0.588 0.577 0.971 
   0   (0.415) 0.068 0.473 0.403 0.431 0.412 0.423 0.029 

Locus 11 : TE078 
2 alleles
3.3% missing data
   0   (0.807) 0.984 0.892 0.800 0.889 0.847 0.916 0.991 
   1   (0.193) 0.016 0.108 0.200 0.111 0.153 0.084 0.009 

Locus 12 : TS079 
2 alleles
10.0% missing data
   0   (0.870) 0.495 0.935 0.893 0.925 0.916 0.955 0.994 
   1   (0.130) 0.505 0.065 0.107 0.075 0.084 0.045 0.006 

Locus 13 : TS080 
2 alleles
10.0% missing data
   0   (0.712) 0.772 0.423 0.689 0.433 0.548 0.340 0.987 
   1   (0.288) 0.228 0.577 0.311 0.567 0.452 0.660 0.013 

Locus 14 : TS088 
2 alleles
1.7% missing data
   0   (0.543) 0.962 0.686 0.521 0.697 0.607 0.756 0.977 
   1   (0.457) 0.038 0.314 0.479 0.303 0.393 0.244 0.023 

Values of parameters used in structure:
DATAFILE=phonology_structure,	OUTFILE=outfile_phonology_structure_K7_run21,	NUMINDS=60,	NUMLOCI=14,	MISSING=-9,	LABEL=1,	POPDATA=0,	POPFLAG=0,	PHENOTYPE=0,	EXTRACOLS=0,	MAXPOPS=7,	BURNIN=10000,	NUMREPS=100000,	USEPOPINFO=0,	INFERALPHA=1,	INFERLAMBDA=0,	POPSPECIFICLAMBDA=0,	POPALPHAS=0,	COMPUTEPROB=1,	NOADMIX=0,	ADMBURNIN=500,	UPDATEFREQ=100,	PRINTLIKES=0,	INTERMEDSAVE=0,	PRINTKLD=0,	PRINTNET=1,	PRINTLAMBDA=1,	ANCESTDIST=0,	NUMBOXES=1000,	ANCESTPINT=0.90000,	GENSBACK=2,	MIGRPRIOR=0.01000,	PRINTQHAT=0,	PRINTQSUM=1,	ALPHA=1.0000,	FREQSCORR=1,	FPRIORMEAN=0.0100,	FPRIORSD=0.0500,	ONEFST=0,	LAMBDA=1.0000,	UNIFPRIORALPHA=1,	ALPHAMAX=10.0000,	ALPHAPRIORA=1.0000,	ALPHAPRIORB=2.0000,	ALPHAPROPSD=0.0250,	STARTATPOPINFO=0,	RANDOMIZE=1,	LINKAGE=0,	METROFREQ=10,	REPORTHITRATE=0,	MARKOVPHASE=0,	PHASED=0,	PLOIDY=1,	PHASEINFO=0	LOCPRIOR=0, 	LOCPRIORINIT=1.000000, 	LOCDATA=0, 	LOCISPOP=0, 	LOCPRIORSTEP=0.100000, 	MAXLOCPRIOR=20.000000, 	SEED=1641259202,	
[STRAT parameters]:    NUMSIMSTATS=1000,	PHENOTYPECOL=-9,	POOLFREQ=10,	LOCUSxONLY=0,	EMERROR=0.00100,	MISSINGPHENO=-9,	