

----------------------------------------------------
STRUCTURE by Pritchard, Stephens and Donnelly (2000)
     and Falush, Stephens and Pritchard (2003)
       Code by Pritchard, Falush and Hubisz
             Version 2.3.4 (Jul 2012)
----------------------------------------------------



Command line arguments:   ./structure -m mainparams -K 4 -i phonology_structure -L 14 -o outfile_phonology_structure_K4_run3 
Input File:    phonology_structure

Run parameters:
   60 individuals
   14 loci
   4 populations assumed
   10000 Burn-in period
   100000 Reps


--------------------------------------------
Overall proportion of membership of the
sample in each of the 4 clusters

Inferred Clusters
  1      2      3      4    
0.409  0.192  0.222  0.176  

--------------------------------------------

Allele-freq. divergence among pops (Net nucleotide distance),
computed using point estimates of P.

      1       2       3       4      
 1      -    0.2343  0.1520  0.3169  
 2   0.2343     -    0.1471  0.2567  
 3   0.1520  0.1471     -    0.1657  
 4   0.3169  0.2567  0.1657     -    

Average distances (expected heterozygosity) between individuals in same cluster:
cluster  1  : 0.1077 
cluster  2  : 0.2183 
cluster  3  : 0.4042 
cluster  4  : 0.1181 

--------------------------------------------
Estimated Ln Prob of Data   = -270.4
Mean value of ln likelihood = -236.9
Variance of ln likelihood   = 66.9
Mean value of alpha         = 0.0434

Mean value of Fst_1         = 0.6712
Mean value of Fst_2         = 0.5175
Mean value of Fst_3         = 0.0862
Mean value of Fst_4         = 0.6922


Inferred ancestry of individuals:
        Label (%Miss) :  Inferred clusters
  1 torg1245   (21)   :  0.942 0.019 0.023 0.016 
  2 oldj1239   (14)   :  0.031 0.658 0.248 0.063 
  3 crim1257    (0)   :  0.973 0.009 0.012 0.007 
  4 bash1264    (7)   :  0.971 0.009 0.013 0.007 
  5 anat1259    (0)   :  0.955 0.008 0.015 0.022 
  6 okin1246    (0)   :  0.010 0.009 0.010 0.971 
  7 yaku1245    (0)   :  0.874 0.061 0.048 0.016 
  8 daur1238    (0)   :  0.366 0.024 0.601 0.009 
  9 east2337   (14)   :  0.020 0.028 0.941 0.011 
 10 ikem1235    (7)   :  0.009 0.009 0.016 0.965 
 11 sibe1251    (0)   :  0.019 0.965 0.010 0.006 
 12 nort2697    (0)   :  0.956 0.008 0.014 0.022 
 13 bona1250    (0)   :  0.013 0.057 0.885 0.044 
 14 ulch1241   (14)   :  0.238 0.660 0.090 0.012 
 15 nort2935   (14)   :  0.011 0.020 0.016 0.953 
 16 gaga1249    (0)   :  0.940 0.009 0.017 0.034 
 17 tara1319    (0)   :  0.008 0.007 0.014 0.972 
 18 moma1245   (21)   :  0.020 0.934 0.032 0.014 
 19 manc1252    (0)   :  0.202 0.474 0.293 0.031 
 20 shor1247    (0)   :  0.967 0.012 0.012 0.009 
 21 kaza1248    (0)   :  0.974 0.008 0.011 0.007 
 22 midd1351   (14)   :  0.760 0.050 0.157 0.032 
 23 chag1247   (71)   :  0.250 0.074 0.559 0.118 
 24 huih1238   (14)   :  0.046 0.876 0.052 0.026 
 25 ordo1245    (0)   :  0.363 0.024 0.604 0.009 
 26 turk1303    (0)   :  0.968 0.012 0.011 0.009 
 27 negi1245    (0)   :  0.008 0.958 0.014 0.020 
 28 nana1257    (0)   :  0.012 0.961 0.015 0.011 
 29 nort2690    (7)   :  0.409 0.019 0.473 0.099 
 30 shur1243    (0)   :  0.008 0.014 0.011 0.967 
 31 minh1238    (0)   :  0.009 0.009 0.922 0.060 
 32 udih1248    (0)   :  0.025 0.936 0.022 0.017 
 33 oira1262   (14)   :  0.724 0.021 0.243 0.012 
 34 hate1238    (7)   :  0.062 0.046 0.046 0.847 
 35 tata1255    (0)   :  0.974 0.008 0.010 0.007 
 36 turk1304    (0)   :  0.968 0.012 0.011 0.009 
 37 oroc1248    (0)   :  0.024 0.938 0.021 0.017 
 38 chuv1255    (0)   :  0.673 0.017 0.278 0.032 
 39 noga1249   (14)   :  0.757 0.054 0.157 0.032 
 40 dong1285    (7)   :  0.019 0.027 0.939 0.015 
 41 halh1238   (14)   :  0.094 0.026 0.863 0.017 
 42 ogam1239    (0)   :  0.008 0.011 0.146 0.834 
 43 cent2126    (7)   :  0.013 0.011 0.012 0.965 
 44 yona1241   (14)   :  0.012 0.046 0.910 0.032 
 45 kore1280    (0)   :  0.011 0.010 0.955 0.024 
 46 tuvi1240    (0)   :  0.670 0.044 0.270 0.016 
 47 huzh1238    (7)   :  0.011 0.012 0.945 0.032 
 48 khak1248    (0)   :  0.967 0.012 0.012 0.009 
 49 oldu1238    (7)   :  0.962 0.015 0.013 0.010 
 50 nucl1643    (0)   :  0.010 0.009 0.011 0.971 
 51 orok1265   (14)   :  0.008 0.966 0.011 0.015 
 52 midd1372   (14)   :  0.007 0.022 0.957 0.015 
 53 mogh1245   (28)   :  0.476 0.233 0.229 0.062 
 54 uigh1240    (7)   :  0.969 0.009 0.015 0.008 
 55 kara1467   (14)   :  0.966 0.012 0.015 0.008 
 56 russ1264   (14)   :  0.950 0.017 0.020 0.012 
 57 sout2954    (0)   :  0.008 0.014 0.012 0.966 
 58 berj1234    (0)   :  0.011 0.965 0.014 0.010 
 59 kham1281    (0)   :  0.878 0.059 0.047 0.016 
 60 dolg1241    (0)   :  0.964 0.012 0.014 0.010 


Estimated Allele Frequencies in each cluster
First column gives estimated ancestral frequencies


Locus 1 : TE003 
2 alleles
3.3% missing data
   1   (0.421) 0.981 0.089 0.432 0.025 
   0   (0.579) 0.019 0.911 0.568 0.975 

Locus 2 : TE004 
2 alleles
3.3% missing data
   0   (0.800) 0.995 0.386 0.847 0.990 
   1   (0.200) 0.005 0.614 0.153 0.010 

Locus 3 : TE005 
2 alleles
18.3% missing data
   0   (0.742) 0.991 0.156 0.782 0.987 
   1   (0.258) 0.009 0.844 0.218 0.013 

Locus 4 : TE006 
2 alleles
26.7% missing data
   0   (0.585) 0.983 0.961 0.515 0.114 
   1   (0.415) 0.017 0.039 0.485 0.886 

Locus 5 : TE007 
2 alleles
6.7% missing data
   0   (0.683) 0.993 0.968 0.629 0.708 
   1   (0.317) 0.007 0.032 0.371 0.292 

Locus 6 : TE008 
2 alleles
1.7% missing data
   1   (0.574) 0.925 0.958 0.462 0.914 
   0   (0.426) 0.075 0.042 0.538 0.086 

Locus 7 : TE031 
2 alleles
1.7% missing data
   1   (0.740) 0.863 0.977 0.815 0.039 
   0   (0.260) 0.137 0.023 0.185 0.961 

Locus 8 : TE037 
2 alleles
1.7% missing data
   1   (0.486) 0.861 0.151 0.490 0.605 
   0   (0.514) 0.139 0.849 0.510 0.395 

Locus 9 : TE038 
2 alleles
1.7% missing data
   1   (0.641) 0.992 0.673 0.688 0.034 
   0   (0.359) 0.008 0.327 0.312 0.966 

Locus 10 : TE039 
2 alleles
5.0% missing data
   1   (0.613) 0.521 0.876 0.577 0.970 
   0   (0.387) 0.479 0.124 0.423 0.030 

Locus 11 : TE078 
2 alleles
3.3% missing data
   0   (0.792) 0.995 0.981 0.737 0.990 
   1   (0.208) 0.005 0.019 0.263 0.010 

Locus 12 : TS079 
2 alleles
10.0% missing data
   0   (0.824) 0.996 0.549 0.874 0.992 
   1   (0.176) 0.004 0.451 0.126 0.008 

Locus 13 : TS080 
2 alleles
10.0% missing data
   0   (0.722) 0.081 0.766 0.791 0.987 
   1   (0.278) 0.919 0.234 0.209 0.013 

Locus 14 : TS088 
2 alleles
1.7% missing data
   0   (0.508) 0.947 0.953 0.335 0.975 
   1   (0.492) 0.053 0.047 0.665 0.025 

Values of parameters used in structure:
DATAFILE=phonology_structure,	OUTFILE=outfile_phonology_structure_K4_run3,	NUMINDS=60,	NUMLOCI=14,	MISSING=-9,	LABEL=1,	POPDATA=0,	POPFLAG=0,	PHENOTYPE=0,	EXTRACOLS=0,	MAXPOPS=4,	BURNIN=10000,	NUMREPS=100000,	USEPOPINFO=0,	INFERALPHA=1,	INFERLAMBDA=0,	POPSPECIFICLAMBDA=0,	POPALPHAS=0,	COMPUTEPROB=1,	NOADMIX=0,	ADMBURNIN=500,	UPDATEFREQ=100,	PRINTLIKES=0,	INTERMEDSAVE=0,	PRINTKLD=0,	PRINTNET=1,	PRINTLAMBDA=1,	ANCESTDIST=0,	NUMBOXES=1000,	ANCESTPINT=0.90000,	GENSBACK=2,	MIGRPRIOR=0.01000,	PRINTQHAT=0,	PRINTQSUM=1,	ALPHA=1.0000,	FREQSCORR=1,	FPRIORMEAN=0.0100,	FPRIORSD=0.0500,	ONEFST=0,	LAMBDA=1.0000,	UNIFPRIORALPHA=1,	ALPHAMAX=10.0000,	ALPHAPRIORA=1.0000,	ALPHAPRIORB=2.0000,	ALPHAPROPSD=0.0250,	STARTATPOPINFO=0,	RANDOMIZE=1,	LINKAGE=0,	METROFREQ=10,	REPORTHITRATE=0,	MARKOVPHASE=0,	PHASED=0,	PLOIDY=1,	PHASEINFO=0	LOCPRIOR=0, 	LOCPRIORINIT=1.000000, 	LOCDATA=0, 	LOCISPOP=0, 	LOCPRIORSTEP=0.100000, 	MAXLOCPRIOR=20.000000, 	SEED=1641217948,	
[STRAT parameters]:    NUMSIMSTATS=1000,	PHENOTYPECOL=-9,	POOLFREQ=10,	LOCUSxONLY=0,	EMERROR=0.00100,	MISSINGPHENO=-9,	