

----------------------------------------------------
STRUCTURE by Pritchard, Stephens and Donnelly (2000)
     and Falush, Stephens and Pritchard (2003)
       Code by Pritchard, Falush and Hubisz
             Version 2.3.4 (Jul 2012)
----------------------------------------------------



Command line arguments:   ./structure -m mainparams -K 4 -i phonology_structure -L 14 -o outfile_phonology_structure_K4_run2 
Input File:    phonology_structure

Run parameters:
   60 individuals
   14 loci
   4 populations assumed
   10000 Burn-in period
   100000 Reps


--------------------------------------------
Overall proportion of membership of the
sample in each of the 4 clusters

Inferred Clusters
  1      2      3      4    
0.233  0.192  0.398  0.177  

--------------------------------------------

Allele-freq. divergence among pops (Net nucleotide distance),
computed using point estimates of P.

      1       2       3       4      
 1      -    0.1380  0.1357  0.1636  
 2   0.1380     -    0.2367  0.2588  
 3   0.1357  0.2367     -    0.3193  
 4   0.1636  0.2588  0.3193     -    

Average distances (expected heterozygosity) between individuals in same cluster:
cluster  1  : 0.4059 
cluster  2  : 0.2172 
cluster  3  : 0.1021 
cluster  4  : 0.1189 

--------------------------------------------
Estimated Ln Prob of Data   = -277.2
Mean value of ln likelihood = -239.4
Variance of ln likelihood   = 75.7
Mean value of alpha         = 0.0447

Mean value of Fst_1         = 0.0499
Mean value of Fst_2         = 0.5256
Mean value of Fst_3         = 0.6727
Mean value of Fst_4         = 0.6989


Inferred ancestry of individuals:
        Label (%Miss) :  Inferred clusters
  1 torg1245   (21)   :  0.034 0.018 0.933 0.015 
  2 oldj1239   (14)   :  0.242 0.662 0.032 0.063 
  3 crim1257    (0)   :  0.015 0.009 0.969 0.007 
  4 bash1264    (7)   :  0.016 0.009 0.968 0.007 
  5 anat1259    (0)   :  0.022 0.007 0.949 0.022 
  6 okin1246    (0)   :  0.011 0.009 0.010 0.971 
  7 yaku1245    (0)   :  0.060 0.068 0.855 0.017 
  8 daur1238    (0)   :  0.687 0.023 0.282 0.009 
  9 east2337   (14)   :  0.945 0.025 0.019 0.011 
 10 ikem1235    (7)   :  0.017 0.008 0.009 0.966 
 11 sibe1251    (0)   :  0.011 0.961 0.022 0.006 
 12 nort2697    (0)   :  0.019 0.008 0.949 0.024 
 13 bona1250    (0)   :  0.858 0.067 0.014 0.061 
 14 ulch1241   (14)   :  0.102 0.678 0.208 0.012 
 15 nort2935   (14)   :  0.018 0.023 0.011 0.948 
 16 gaga1249    (0)   :  0.021 0.010 0.932 0.037 
 17 tara1319    (0)   :  0.012 0.007 0.008 0.973 
 18 moma1245   (21)   :  0.037 0.926 0.023 0.015 
 19 manc1252    (0)   :  0.364 0.426 0.181 0.028 
 20 shor1247    (0)   :  0.016 0.012 0.963 0.009 
 21 kaza1248    (0)   :  0.014 0.009 0.970 0.007 
 22 midd1351   (14)   :  0.177 0.050 0.741 0.032 
 23 chag1247   (71)   :  0.549 0.073 0.261 0.118 
 24 huih1238   (14)   :  0.060 0.868 0.048 0.024 
 25 ordo1245    (0)   :  0.701 0.025 0.265 0.009 
 26 turk1303    (0)   :  0.015 0.012 0.963 0.010 
 27 negi1245    (0)   :  0.016 0.956 0.008 0.020 
 28 nana1257    (0)   :  0.019 0.956 0.013 0.013 
 29 nort2690    (7)   :  0.486 0.019 0.390 0.105 
 30 shur1243    (0)   :  0.012 0.014 0.008 0.966 
 31 minh1238    (0)   :  0.896 0.009 0.010 0.085 
 32 udih1248    (0)   :  0.027 0.931 0.026 0.017 
 33 oira1262   (14)   :  0.273 0.025 0.689 0.013 
 34 hate1238    (7)   :  0.062 0.046 0.064 0.828 
 35 tata1255    (0)   :  0.014 0.009 0.970 0.007 
 36 turk1304    (0)   :  0.016 0.013 0.961 0.010 
 37 oroc1248    (0)   :  0.025 0.932 0.026 0.016 
 38 chuv1255    (0)   :  0.372 0.018 0.576 0.034 
 39 noga1249   (14)   :  0.168 0.050 0.751 0.032 
 40 dong1285    (7)   :  0.936 0.029 0.019 0.016 
 41 halh1238   (14)   :  0.890 0.026 0.068 0.017 
 42 ogam1239    (0)   :  0.133 0.011 0.008 0.848 
 43 cent2126    (7)   :  0.013 0.011 0.014 0.962 
 44 yona1241   (14)   :  0.903 0.050 0.012 0.035 
 45 kore1280    (0)   :  0.951 0.011 0.011 0.028 
 46 tuvi1240    (0)   :  0.354 0.047 0.582 0.017 
 47 huzh1238    (7)   :  0.937 0.013 0.011 0.039 
 48 khak1248    (0)   :  0.017 0.012 0.961 0.010 
 49 oldu1238    (7)   :  0.018 0.017 0.955 0.010 
 50 nucl1643    (0)   :  0.010 0.009 0.010 0.971 
 51 orok1265   (14)   :  0.012 0.965 0.008 0.015 
 52 midd1372   (14)   :  0.956 0.021 0.007 0.015 
 53 mogh1245   (28)   :  0.269 0.222 0.451 0.058 
 54 uigh1240    (7)   :  0.015 0.009 0.968 0.008 
 55 kara1467   (14)   :  0.019 0.010 0.963 0.008 
 56 russ1264   (14)   :  0.029 0.020 0.938 0.012 
 57 sout2954    (0)   :  0.013 0.014 0.008 0.964 
 58 berj1234    (0)   :  0.014 0.965 0.011 0.010 
 59 kham1281    (0)   :  0.068 0.069 0.846 0.017 
 60 dolg1241    (0)   :  0.015 0.012 0.965 0.009 


Estimated Allele Frequencies in each cluster
First column gives estimated ancestral frequencies


Locus 1 : TE003 
2 alleles
3.3% missing data
   1   (0.452) 0.459 0.093 0.982 0.025 
   0   (0.548) 0.541 0.907 0.018 0.975 

Locus 2 : TE004 
2 alleles
3.3% missing data
   0   (0.811) 0.838 0.390 0.996 0.991 
   1   (0.189) 0.162 0.610 0.004 0.009 

Locus 3 : TE005 
2 alleles
18.3% missing data
   0   (0.769) 0.793 0.154 0.992 0.989 
   1   (0.231) 0.207 0.846 0.008 0.011 

Locus 4 : TE006 
2 alleles
26.7% missing data
   0   (0.625) 0.586 0.965 0.985 0.111 
   1   (0.375) 0.414 0.035 0.015 0.889 

Locus 5 : TE007 
2 alleles
6.7% missing data
   0   (0.692) 0.662 0.969 0.993 0.701 
   1   (0.308) 0.338 0.031 0.007 0.299 

Locus 6 : TE008 
2 alleles
1.7% missing data
   1   (0.546) 0.480 0.957 0.940 0.908 
   0   (0.454) 0.520 0.043 0.060 0.092 

Locus 7 : TE031 
2 alleles
1.7% missing data
   1   (0.768) 0.811 0.980 0.866 0.039 
   0   (0.232) 0.189 0.020 0.134 0.961 

Locus 8 : TE037 
2 alleles
1.7% missing data
   1   (0.521) 0.522 0.147 0.878 0.602 
   0   (0.479) 0.478 0.853 0.122 0.398 

Locus 9 : TE038 
2 alleles
1.7% missing data
   1   (0.656) 0.685 0.674 0.992 0.035 
   0   (0.344) 0.315 0.326 0.008 0.965 

Locus 10 : TE039 
2 alleles
5.0% missing data
   1   (0.612) 0.592 0.880 0.517 0.970 
   0   (0.388) 0.408 0.120 0.483 0.030 

Locus 11 : TE078 
2 alleles
3.3% missing data
   0   (0.784) 0.754 0.980 0.995 0.990 
   1   (0.216) 0.246 0.020 0.005 0.010 

Locus 12 : TS079 
2 alleles
10.0% missing data
   0   (0.845) 0.874 0.550 0.996 0.993 
   1   (0.155) 0.126 0.450 0.004 0.007 

Locus 13 : TS080 
2 alleles
10.0% missing data
   0   (0.720) 0.758 0.766 0.081 0.987 
   1   (0.280) 0.242 0.234 0.919 0.013 

Locus 14 : TS088 
2 alleles
1.7% missing data
   0   (0.491) 0.390 0.950 0.955 0.972 
   1   (0.509) 0.610 0.050 0.045 0.028 

Values of parameters used in structure:
DATAFILE=phonology_structure,	OUTFILE=outfile_phonology_structure_K4_run2,	NUMINDS=60,	NUMLOCI=14,	MISSING=-9,	LABEL=1,	POPDATA=0,	POPFLAG=0,	PHENOTYPE=0,	EXTRACOLS=0,	MAXPOPS=4,	BURNIN=10000,	NUMREPS=100000,	USEPOPINFO=0,	INFERALPHA=1,	INFERLAMBDA=0,	POPSPECIFICLAMBDA=0,	POPALPHAS=0,	COMPUTEPROB=1,	NOADMIX=0,	ADMBURNIN=500,	UPDATEFREQ=100,	PRINTLIKES=0,	INTERMEDSAVE=0,	PRINTKLD=0,	PRINTNET=1,	PRINTLAMBDA=1,	ANCESTDIST=0,	NUMBOXES=1000,	ANCESTPINT=0.90000,	GENSBACK=2,	MIGRPRIOR=0.01000,	PRINTQHAT=0,	PRINTQSUM=1,	ALPHA=1.0000,	FREQSCORR=1,	FPRIORMEAN=0.0100,	FPRIORSD=0.0500,	ONEFST=0,	LAMBDA=1.0000,	UNIFPRIORALPHA=1,	ALPHAMAX=10.0000,	ALPHAPRIORA=1.0000,	ALPHAPRIORB=2.0000,	ALPHAPROPSD=0.0250,	STARTATPOPINFO=0,	RANDOMIZE=1,	LINKAGE=0,	METROFREQ=10,	REPORTHITRATE=0,	MARKOVPHASE=0,	PHASED=0,	PLOIDY=1,	PHASEINFO=0	LOCPRIOR=0, 	LOCPRIORINIT=1.000000, 	LOCDATA=0, 	LOCISPOP=0, 	LOCPRIORSTEP=0.100000, 	MAXLOCPRIOR=20.000000, 	SEED=1641217348,	
[STRAT parameters]:    NUMSIMSTATS=1000,	PHENOTYPECOL=-9,	POOLFREQ=10,	LOCUSxONLY=0,	EMERROR=0.00100,	MISSINGPHENO=-9,	