

----------------------------------------------------
STRUCTURE by Pritchard, Stephens and Donnelly (2000)
     and Falush, Stephens and Pritchard (2003)
       Code by Pritchard, Falush and Hubisz
             Version 2.3.4 (Jul 2012)
----------------------------------------------------



Command line arguments:   ./structure -m mainparams -K 7 -i phonology_structure -L 14 -o outfile_phonology_structure_K7_run20 
Input File:    phonology_structure

Run parameters:
   60 individuals
   14 loci
   7 populations assumed
   10000 Burn-in period
   100000 Reps


--------------------------------------------
Overall proportion of membership of the
sample in each of the 7 clusters

Inferred Clusters
  1      2      3      4      5      6      7    
0.132  0.119  0.166  0.149  0.149  0.131  0.155  

--------------------------------------------

Allele-freq. divergence among pops (Net nucleotide distance),
computed using point estimates of P.

      1       2       3       4       5       6       7      
 1      -    0.0039  0.0063  0.0015  0.0372  0.0003  0.0561  
 2   0.0039     -    0.0140  0.0069  0.0322  0.0023  0.0444  
 3   0.0063  0.0140     -    0.0020  0.0526  0.0065  0.0672  
 4   0.0015  0.0069  0.0020     -    0.0422  0.0016  0.0575  
 5   0.0372  0.0322  0.0526  0.0422     -    0.0345  0.0729  
 6   0.0003  0.0023  0.0065  0.0016  0.0345     -    0.0515  
 7   0.0561  0.0444  0.0672  0.0575  0.0729  0.0515     -    

Average distances (expected heterozygosity) between individuals in same cluster:
cluster  1  : 0.3489 
cluster  2  : 0.3867 
cluster  3  : 0.3153 
cluster  4  : 0.3374 
cluster  5  : 0.3338 
cluster  6  : 0.3580 
cluster  7  : 0.3024 

--------------------------------------------
Estimated Ln Prob of Data   = -4335.1
Mean value of ln likelihood = -322.5
Variance of ln likelihood   = 8025.3
Mean value of alpha         = 1.4380

Mean value of Fst_1         = 0.1645
Mean value of Fst_2         = 0.0428
Mean value of Fst_3         = 0.2833
Mean value of Fst_4         = 0.2282
Mean value of Fst_5         = 0.2894
Mean value of Fst_6         = 0.1406
Mean value of Fst_7         = 0.3939


Inferred ancestry of individuals:
        Label (%Miss) :  Inferred clusters
  1 torg1245   (21)   :  0.170 0.089 0.203 0.225 0.078 0.160 0.076 
  2 oldj1239   (14)   :  0.121 0.161 0.108 0.125 0.246 0.140 0.099 
  3 crim1257    (0)   :  0.099 0.075 0.367 0.204 0.072 0.112 0.071 
  4 bash1264    (7)   :  0.096 0.076 0.360 0.209 0.072 0.114 0.072 
  5 anat1259    (0)   :  0.097 0.081 0.353 0.199 0.072 0.116 0.082 
  6 okin1246    (0)   :  0.073 0.075 0.075 0.072 0.072 0.074 0.558 
  7 yaku1245    (0)   :  0.221 0.106 0.145 0.197 0.091 0.163 0.076 
  8 daur1238    (0)   :  0.241 0.173 0.108 0.134 0.078 0.193 0.072 
  9 east2337   (14)   :  0.158 0.210 0.129 0.163 0.085 0.181 0.074 
 10 ikem1235    (7)   :  0.075 0.078 0.074 0.076 0.073 0.076 0.549 
 11 sibe1251    (0)   :  0.083 0.080 0.080 0.076 0.527 0.083 0.071 
 12 nort2697    (0)   :  0.101 0.081 0.353 0.197 0.072 0.114 0.082 
 13 bona1250    (0)   :  0.152 0.220 0.130 0.151 0.090 0.166 0.091 
 14 ulch1241   (14)   :  0.140 0.133 0.114 0.123 0.280 0.136 0.074 
 15 nort2935   (14)   :  0.077 0.079 0.077 0.077 0.079 0.078 0.534 
 16 gaga1249    (0)   :  0.138 0.090 0.252 0.206 0.075 0.142 0.097 
 17 tara1319    (0)   :  0.074 0.077 0.074 0.074 0.073 0.074 0.555 
 18 moma1245   (21)   :  0.093 0.102 0.087 0.089 0.461 0.094 0.075 
 19 manc1252    (0)   :  0.140 0.162 0.152 0.145 0.167 0.153 0.080 
 20 shor1247    (0)   :  0.166 0.077 0.215 0.238 0.074 0.157 0.073 
 21 kaza1248    (0)   :  0.100 0.075 0.370 0.201 0.072 0.110 0.071 
 22 midd1351   (14)   :  0.124 0.125 0.276 0.176 0.084 0.136 0.080 
 23 chag1247   (71)   :  0.154 0.177 0.150 0.151 0.090 0.171 0.107 
 24 huih1238   (14)   :  0.105 0.106 0.096 0.096 0.415 0.102 0.079 
 25 ordo1245    (0)   :  0.243 0.179 0.105 0.127 0.080 0.195 0.072 
 26 turk1303    (0)   :  0.173 0.079 0.215 0.234 0.074 0.152 0.073 
 27 negi1245    (0)   :  0.079 0.083 0.080 0.075 0.521 0.082 0.080 
 28 nana1257    (0)   :  0.084 0.084 0.082 0.077 0.513 0.085 0.074 
 29 nort2690    (7)   :  0.149 0.161 0.204 0.157 0.077 0.155 0.097 
 30 shur1243    (0)   :  0.074 0.075 0.073 0.075 0.076 0.075 0.552 
 31 minh1238    (0)   :  0.147 0.225 0.126 0.156 0.077 0.162 0.107 
 32 udih1248    (0)   :  0.090 0.092 0.086 0.082 0.481 0.091 0.078 
 33 oira1262   (14)   :  0.212 0.135 0.147 0.180 0.079 0.173 0.074 
 34 hate1238    (7)   :  0.091 0.091 0.094 0.090 0.084 0.090 0.459 
 35 tata1255    (0)   :  0.098 0.075 0.375 0.200 0.072 0.109 0.072 
 36 turk1304    (0)   :  0.171 0.078 0.213 0.239 0.074 0.154 0.072 
 37 oroc1248    (0)   :  0.088 0.090 0.084 0.084 0.490 0.088 0.076 
 38 chuv1255    (0)   :  0.176 0.169 0.175 0.152 0.079 0.169 0.080 
 39 noga1249   (14)   :  0.121 0.126 0.271 0.178 0.083 0.141 0.081 
 40 dong1285    (7)   :  0.161 0.216 0.135 0.157 0.081 0.173 0.077 
 41 halh1238   (14)   :  0.191 0.195 0.121 0.149 0.084 0.183 0.076 
 42 ogam1239    (0)   :  0.091 0.107 0.082 0.099 0.075 0.093 0.453 
 43 cent2126    (7)   :  0.075 0.075 0.075 0.075 0.074 0.076 0.551 
 44 yona1241   (14)   :  0.156 0.225 0.122 0.151 0.089 0.173 0.083 
 45 kore1280    (0)   :  0.166 0.217 0.124 0.154 0.079 0.175 0.084 
 46 tuvi1240    (0)   :  0.246 0.150 0.118 0.148 0.083 0.182 0.074 
 47 huzh1238    (7)   :  0.157 0.222 0.124 0.155 0.079 0.175 0.088 
 48 khak1248    (0)   :  0.169 0.078 0.209 0.238 0.075 0.159 0.073 
 49 oldu1238    (7)   :  0.165 0.079 0.212 0.234 0.076 0.162 0.072 
 50 nucl1643    (0)   :  0.074 0.074 0.075 0.074 0.073 0.074 0.556 
 51 orok1265   (14)   :  0.080 0.080 0.078 0.074 0.534 0.079 0.077 
 52 midd1372   (14)   :  0.155 0.229 0.130 0.155 0.083 0.169 0.079 
 53 mogh1245   (28)   :  0.134 0.144 0.209 0.157 0.115 0.153 0.089 
 54 uigh1240    (7)   :  0.096 0.078 0.366 0.204 0.073 0.112 0.072 
 55 kara1467   (14)   :  0.100 0.076 0.367 0.200 0.073 0.111 0.072 
 56 russ1264   (14)   :  0.166 0.087 0.210 0.227 0.078 0.158 0.075 
 57 sout2954    (0)   :  0.074 0.075 0.073 0.072 0.076 0.074 0.555 
 58 berj1234    (0)   :  0.081 0.082 0.081 0.075 0.525 0.081 0.074 
 59 kham1281    (0)   :  0.223 0.108 0.147 0.193 0.091 0.162 0.075 
 60 dolg1241    (0)   :  0.172 0.077 0.215 0.235 0.073 0.155 0.073 


Estimated Allele Frequencies in each cluster
First column gives estimated ancestral frequencies


Locus 1 : TE003 
2 alleles
3.3% missing data
   1   (0.508) 0.612 0.509 0.667 0.638 0.297 0.582 0.264 
   0   (0.492) 0.388 0.491 0.333 0.362 0.703 0.418 0.736 

Locus 2 : TE004 
2 alleles
3.3% missing data
   0   (0.832) 0.874 0.843 0.892 0.880 0.581 0.863 0.923 
   1   (0.168) 0.126 0.157 0.108 0.120 0.419 0.137 0.077 

Locus 3 : TE005 
2 alleles
18.3% missing data
   0   (0.751) 0.807 0.759 0.834 0.817 0.438 0.789 0.879 
   1   (0.249) 0.193 0.241 0.166 0.183 0.562 0.211 0.121 

Locus 4 : TE006 
2 alleles
26.7% missing data
   0   (0.700) 0.769 0.694 0.806 0.775 0.861 0.747 0.412 
   1   (0.300) 0.231 0.306 0.194 0.225 0.139 0.253 0.588 

Locus 5 : TE007 
2 alleles
6.7% missing data
   0   (0.791) 0.843 0.785 0.873 0.843 0.910 0.833 0.779 
   1   (0.209) 0.157 0.215 0.127 0.157 0.090 0.167 0.221 

Locus 6 : TE008 
2 alleles
1.7% missing data
   1   (0.704) 0.716 0.687 0.824 0.788 0.877 0.727 0.871 
   0   (0.296) 0.284 0.313 0.176 0.212 0.123 0.273 0.129 

Locus 7 : TE031 
2 alleles
1.7% missing data
   1   (0.764) 0.804 0.773 0.779 0.795 0.857 0.800 0.368 
   0   (0.236) 0.196 0.227 0.221 0.205 0.143 0.200 0.632 

Locus 8 : TE037 
2 alleles
1.7% missing data
   1   (0.525) 0.547 0.518 0.696 0.634 0.344 0.557 0.597 
   0   (0.475) 0.453 0.482 0.304 0.366 0.656 0.443 0.403 

Locus 9 : TE038 
2 alleles
1.7% missing data
   1   (0.717) 0.778 0.721 0.807 0.788 0.685 0.764 0.359 
   0   (0.283) 0.222 0.279 0.193 0.212 0.315 0.236 0.641 

Locus 10 : TE039 
2 alleles
5.0% missing data
   1   (0.640) 0.694 0.640 0.514 0.631 0.802 0.668 0.827 
   0   (0.360) 0.306 0.360 0.486 0.369 0.198 0.332 0.173 

Locus 11 : TE078 
2 alleles
3.3% missing data
   0   (0.865) 0.903 0.862 0.926 0.903 0.951 0.894 0.959 
   1   (0.135) 0.097 0.138 0.074 0.097 0.049 0.106 0.041 

Locus 12 : TS079 
2 alleles
10.0% missing data
   0   (0.867) 0.898 0.875 0.918 0.905 0.688 0.896 0.942 
   1   (0.133) 0.102 0.125 0.082 0.095 0.312 0.104 0.058 

Locus 13 : TS080 
2 alleles
10.0% missing data
   0   (0.623) 0.494 0.626 0.426 0.476 0.657 0.534 0.776 
   1   (0.377) 0.506 0.374 0.574 0.524 0.343 0.466 0.224 

Locus 14 : TS088 
2 alleles
1.7% missing data
   0   (0.673) 0.709 0.649 0.800 0.758 0.863 0.710 0.883 
   1   (0.327) 0.291 0.351 0.200 0.242 0.137 0.290 0.117 

Values of parameters used in structure:
DATAFILE=phonology_structure,	OUTFILE=outfile_phonology_structure_K7_run20,	NUMINDS=60,	NUMLOCI=14,	MISSING=-9,	LABEL=1,	POPDATA=0,	POPFLAG=0,	PHENOTYPE=0,	EXTRACOLS=0,	MAXPOPS=7,	BURNIN=10000,	NUMREPS=100000,	USEPOPINFO=0,	INFERALPHA=1,	INFERLAMBDA=0,	POPSPECIFICLAMBDA=0,	POPALPHAS=0,	COMPUTEPROB=1,	NOADMIX=0,	ADMBURNIN=500,	UPDATEFREQ=100,	PRINTLIKES=0,	INTERMEDSAVE=0,	PRINTKLD=0,	PRINTNET=1,	PRINTLAMBDA=1,	ANCESTDIST=0,	NUMBOXES=1000,	ANCESTPINT=0.90000,	GENSBACK=2,	MIGRPRIOR=0.01000,	PRINTQHAT=0,	PRINTQSUM=1,	ALPHA=1.0000,	FREQSCORR=1,	FPRIORMEAN=0.0100,	FPRIORSD=0.0500,	ONEFST=0,	LAMBDA=1.0000,	UNIFPRIORALPHA=1,	ALPHAMAX=10.0000,	ALPHAPRIORA=1.0000,	ALPHAPRIORB=2.0000,	ALPHAPROPSD=0.0250,	STARTATPOPINFO=0,	RANDOMIZE=1,	LINKAGE=0,	METROFREQ=10,	REPORTHITRATE=0,	MARKOVPHASE=0,	PHASED=0,	PLOIDY=1,	PHASEINFO=0	LOCPRIOR=0, 	LOCPRIORINIT=1.000000, 	LOCDATA=0, 	LOCISPOP=0, 	LOCPRIORSTEP=0.100000, 	MAXLOCPRIOR=20.000000, 	SEED=1641251333,	
[STRAT parameters]:    NUMSIMSTATS=1000,	PHENOTYPECOL=-9,	POOLFREQ=10,	LOCUSxONLY=0,	EMERROR=0.00100,	MISSINGPHENO=-9,	