

----------------------------------------------------
STRUCTURE by Pritchard, Stephens and Donnelly (2000)
     and Falush, Stephens and Pritchard (2003)
       Code by Pritchard, Falush and Hubisz
             Version 2.3.4 (Jul 2012)
----------------------------------------------------



Command line arguments:   ./structure -m mainparams -K 6 -i phonology_structure -L 14 -o outfile_phonology_structure_K6_run24 
Input File:    phonology_structure

Run parameters:
   60 individuals
   14 loci
   6 populations assumed
   10000 Burn-in period
   100000 Reps


--------------------------------------------
Overall proportion of membership of the
sample in each of the 6 clusters

Inferred Clusters
  1      2      3      4      5      6    
0.167  0.167  0.207  0.122  0.160  0.177  

--------------------------------------------

Allele-freq. divergence among pops (Net nucleotide distance),
computed using point estimates of P.

      1       2       3       4       5       6      
 1      -    0.2743  0.2347  0.1525  0.1906  0.2389  
 2   0.2743     -    0.1892  0.1402  0.1592  0.1810  
 3   0.2347  0.1892     -    0.0472  0.0099  0.0035  
 4   0.1525  0.1402  0.0472     -    0.0145  0.0387  
 5   0.1906  0.1592  0.0099  0.0145     -    0.0082  
 6   0.2389  0.1810  0.0035  0.0387  0.0082     -    

Average distances (expected heterozygosity) between individuals in same cluster:
cluster  1  : 0.1123 
cluster  2  : 0.1956 
cluster  3  : 0.2649 
cluster  4  : 0.4079 
cluster  5  : 0.3502 
cluster  6  : 0.2833 

--------------------------------------------
Estimated Ln Prob of Data   = -326.7
Mean value of ln likelihood = -229.8
Variance of ln likelihood   = 193.9
Mean value of alpha         = 0.0391

Mean value of Fst_1         = 0.7071
Mean value of Fst_2         = 0.5752
Mean value of Fst_3         = 0.4941
Mean value of Fst_4         = 0.0745
Mean value of Fst_5         = 0.3227
Mean value of Fst_6         = 0.4685


Inferred ancestry of individuals:
        Label (%Miss) :  Inferred clusters
  1 torg1245   (21)   :  0.015 0.015 0.412 0.064 0.185 0.309 
  2 oldj1239   (14)   :  0.055 0.411 0.087 0.224 0.150 0.073 
  3 crim1257    (0)   :  0.006 0.007 0.446 0.013 0.258 0.269 
  4 bash1264    (7)   :  0.006 0.008 0.448 0.018 0.256 0.265 
  5 anat1259    (0)   :  0.022 0.007 0.419 0.027 0.258 0.267 
  6 okin1246    (0)   :  0.955 0.007 0.010 0.010 0.010 0.008 
  7 yaku1245    (0)   :  0.013 0.038 0.291 0.081 0.189 0.387 
  8 daur1238    (0)   :  0.006 0.011 0.191 0.159 0.209 0.423 
  9 east2337   (14)   :  0.010 0.021 0.153 0.407 0.259 0.150 
 10 ikem1235    (7)   :  0.939 0.008 0.013 0.018 0.013 0.010 
 11 sibe1251    (0)   :  0.005 0.936 0.016 0.012 0.015 0.016 
 12 nort2697    (0)   :  0.022 0.006 0.414 0.026 0.263 0.269 
 13 bona1250    (0)   :  0.036 0.038 0.148 0.400 0.246 0.132 
 14 ulch1241   (14)   :  0.011 0.480 0.133 0.096 0.116 0.166 
 15 nort2935   (14)   :  0.917 0.017 0.014 0.023 0.017 0.012 
 16 gaga1249    (0)   :  0.049 0.010 0.412 0.044 0.194 0.292 
 17 tara1319    (0)   :  0.951 0.006 0.009 0.014 0.012 0.008 
 18 moma1245   (21)   :  0.012 0.859 0.026 0.034 0.034 0.034 
 19 manc1252    (0)   :  0.021 0.240 0.155 0.244 0.211 0.130 
 20 shor1247    (0)   :  0.009 0.010 0.452 0.041 0.182 0.306 
 21 kaza1248    (0)   :  0.006 0.007 0.445 0.015 0.262 0.266 
 22 midd1351   (14)   :  0.023 0.029 0.299 0.129 0.284 0.235 
 23 chag1247   (71)   :  0.088 0.037 0.193 0.254 0.231 0.197 
 24 huih1238   (14)   :  0.022 0.778 0.044 0.056 0.047 0.053 
 25 ordo1245    (0)   :  0.007 0.011 0.186 0.173 0.209 0.415 
 26 turk1303    (0)   :  0.009 0.010 0.451 0.041 0.186 0.303 
 27 negi1245    (0)   :  0.020 0.935 0.009 0.015 0.012 0.010 
 28 nana1257    (0)   :  0.011 0.922 0.015 0.019 0.017 0.015 
 29 nort2690    (7)   :  0.060 0.012 0.212 0.261 0.270 0.185 
 30 shur1243    (0)   :  0.941 0.012 0.009 0.015 0.013 0.010 
 31 minh1238    (0)   :  0.054 0.007 0.140 0.434 0.240 0.125 
 32 udih1248    (0)   :  0.016 0.869 0.027 0.034 0.026 0.028 
 33 oira1262   (14)   :  0.011 0.015 0.278 0.138 0.207 0.351 
 34 hate1238    (7)   :  0.762 0.032 0.055 0.058 0.051 0.042 
 35 tata1255    (0)   :  0.006 0.007 0.435 0.014 0.264 0.274 
 36 turk1304    (0)   :  0.009 0.010 0.441 0.035 0.185 0.320 
 37 oroc1248    (0)   :  0.015 0.891 0.024 0.025 0.024 0.021 
 38 chuv1255    (0)   :  0.024 0.012 0.229 0.199 0.235 0.300 
 39 noga1249   (14)   :  0.024 0.027 0.307 0.127 0.279 0.236 
 40 dong1285    (7)   :  0.013 0.017 0.143 0.443 0.254 0.129 
 41 halh1238   (14)   :  0.015 0.020 0.166 0.336 0.228 0.235 
 42 ogam1239    (0)   :  0.753 0.009 0.041 0.099 0.061 0.037 
 43 cent2126    (7)   :  0.942 0.009 0.012 0.013 0.012 0.011 
 44 yona1241   (14)   :  0.025 0.028 0.119 0.454 0.251 0.123 
 45 kore1280    (0)   :  0.026 0.009 0.147 0.430 0.240 0.148 
 46 tuvi1240    (0)   :  0.009 0.020 0.207 0.130 0.205 0.430 
 47 huzh1238    (7)   :  0.032 0.011 0.158 0.421 0.242 0.136 
 48 khak1248    (0)   :  0.009 0.010 0.454 0.039 0.178 0.310 
 49 oldu1238    (7)   :  0.009 0.014 0.441 0.041 0.184 0.311 
 50 nucl1643    (0)   :  0.955 0.007 0.010 0.010 0.009 0.008 
 51 orok1265   (14)   :  0.013 0.948 0.010 0.011 0.010 0.008 
 52 midd1372   (14)   :  0.013 0.017 0.153 0.437 0.248 0.132 
 53 mogh1245   (28)   :  0.043 0.101 0.238 0.190 0.250 0.178 
 54 uigh1240    (7)   :  0.007 0.007 0.442 0.017 0.261 0.265 
 55 kara1467   (14)   :  0.007 0.009 0.437 0.020 0.263 0.264 
 56 russ1264   (14)   :  0.011 0.016 0.437 0.052 0.183 0.301 
 57 sout2954    (0)   :  0.945 0.012 0.009 0.013 0.011 0.009 
 58 berj1234    (0)   :  0.009 0.938 0.012 0.014 0.014 0.012 
 59 kham1281    (0)   :  0.014 0.038 0.288 0.087 0.191 0.382 
 60 dolg1241    (0)   :  0.009 0.010 0.454 0.040 0.178 0.309 


Estimated Allele Frequencies in each cluster
First column gives estimated ancestral frequencies


Locus 1 : TE003 
2 alleles
3.3% missing data
   1   (0.443) 0.023 0.064 0.793 0.458 0.654 0.803 
   0   (0.557) 0.977 0.936 0.207 0.542 0.346 0.197 

Locus 2 : TE004 
2 alleles
3.3% missing data
   0   (0.830) 0.992 0.328 0.947 0.849 0.904 0.941 
   1   (0.170) 0.008 0.672 0.053 0.151 0.096 0.059 

Locus 3 : TE005 
2 alleles
18.3% missing data
   0   (0.758) 0.988 0.119 0.914 0.778 0.852 0.911 
   1   (0.242) 0.012 0.881 0.086 0.222 0.148 0.089 

Locus 4 : TE006 
2 alleles
26.7% missing data
   0   (0.582) 0.099 0.965 0.845 0.571 0.711 0.842 
   1   (0.418) 0.901 0.035 0.155 0.429 0.289 0.158 

Locus 5 : TE007 
2 alleles
6.7% missing data
   0   (0.691) 0.712 0.972 0.884 0.686 0.803 0.881 
   1   (0.309) 0.288 0.028 0.116 0.314 0.197 0.119 

Locus 6 : TE008 
2 alleles
1.7% missing data
   1   (0.611) 0.932 0.968 0.797 0.589 0.697 0.681 
   0   (0.389) 0.068 0.032 0.203 0.411 0.303 0.319 

Locus 7 : TE031 
2 alleles
1.7% missing data
   1   (0.761) 0.037 0.981 0.841 0.787 0.823 0.863 
   0   (0.239) 0.963 0.019 0.159 0.213 0.177 0.137 

Locus 8 : TE037 
2 alleles
1.7% missing data
   1   (0.524) 0.612 0.120 0.748 0.526 0.637 0.603 
   0   (0.476) 0.388 0.880 0.252 0.474 0.363 0.397 

Locus 9 : TE038 
2 alleles
1.7% missing data
   1   (0.691) 0.035 0.667 0.894 0.709 0.821 0.895 
   0   (0.309) 0.965 0.333 0.106 0.291 0.179 0.105 

Locus 10 : TE039 
2 alleles
5.0% missing data
   1   (0.579) 0.971 0.927 0.568 0.577 0.515 0.637 
   0   (0.421) 0.029 0.073 0.432 0.423 0.485 0.363 

Locus 11 : TE078 
2 alleles
3.3% missing data
   0   (0.793) 0.990 0.984 0.922 0.780 0.868 0.917 
   1   (0.207) 0.010 0.016 0.078 0.220 0.132 0.083 

Locus 12 : TS079 
2 alleles
10.0% missing data
   0   (0.852) 0.993 0.502 0.948 0.872 0.922 0.950 
   1   (0.148) 0.007 0.498 0.052 0.128 0.078 0.050 

Locus 13 : TS080 
2 alleles
10.0% missing data
   0   (0.723) 0.987 0.773 0.302 0.717 0.499 0.309 
   1   (0.277) 0.013 0.227 0.698 0.283 0.501 0.691 

Locus 14 : TS088 
2 alleles
1.7% missing data
   0   (0.538) 0.977 0.962 0.781 0.501 0.654 0.689 
   1   (0.462) 0.023 0.038 0.219 0.499 0.346 0.311 

Values of parameters used in structure:
DATAFILE=phonology_structure,	OUTFILE=outfile_phonology_structure_K6_run24,	NUMINDS=60,	NUMLOCI=14,	MISSING=-9,	LABEL=1,	POPDATA=0,	POPFLAG=0,	PHENOTYPE=0,	EXTRACOLS=0,	MAXPOPS=6,	BURNIN=10000,	NUMREPS=100000,	USEPOPINFO=0,	INFERALPHA=1,	INFERLAMBDA=0,	POPSPECIFICLAMBDA=0,	POPALPHAS=0,	COMPUTEPROB=1,	NOADMIX=0,	ADMBURNIN=500,	UPDATEFREQ=100,	PRINTLIKES=0,	INTERMEDSAVE=0,	PRINTKLD=0,	PRINTNET=1,	PRINTLAMBDA=1,	ANCESTDIST=0,	NUMBOXES=1000,	ANCESTPINT=0.90000,	GENSBACK=2,	MIGRPRIOR=0.01000,	PRINTQHAT=0,	PRINTQSUM=1,	ALPHA=1.0000,	FREQSCORR=1,	FPRIORMEAN=0.0100,	FPRIORSD=0.0500,	ONEFST=0,	LAMBDA=1.0000,	UNIFPRIORALPHA=1,	ALPHAMAX=10.0000,	ALPHAPRIORA=1.0000,	ALPHAPRIORB=2.0000,	ALPHAPROPSD=0.0250,	STARTATPOPINFO=0,	RANDOMIZE=1,	LINKAGE=0,	METROFREQ=10,	REPORTHITRATE=0,	MARKOVPHASE=0,	PHASED=0,	PLOIDY=1,	PHASEINFO=0	LOCPRIOR=0, 	LOCPRIORINIT=1.000000, 	LOCDATA=0, 	LOCISPOP=0, 	LOCPRIORSTEP=0.100000, 	MAXLOCPRIOR=20.000000, 	SEED=1641265323,	
[STRAT parameters]:    NUMSIMSTATS=1000,	PHENOTYPECOL=-9,	POOLFREQ=10,	LOCUSxONLY=0,	EMERROR=0.00100,	MISSINGPHENO=-9,	