

----------------------------------------------------
STRUCTURE by Pritchard, Stephens and Donnelly (2000)
     and Falush, Stephens and Pritchard (2003)
       Code by Pritchard, Falush and Hubisz
             Version 2.3.4 (Jul 2012)
----------------------------------------------------



Command line arguments:   ./structure -m mainparams -K 7 -i phonology_structure -L 14 -o outfile_phonology_structure_K7_run13 
Input File:    phonology_structure

Run parameters:
   60 individuals
   14 loci
   7 populations assumed
   10000 Burn-in period
   100000 Reps


--------------------------------------------
Overall proportion of membership of the
sample in each of the 7 clusters

Inferred Clusters
  1      2      3      4      5      6      7    
0.161  0.127  0.095  0.164  0.149  0.116  0.188  

--------------------------------------------

Allele-freq. divergence among pops (Net nucleotide distance),
computed using point estimates of P.

      1       2       3       4       5       6       7      
 1      -    0.1557  0.1431  0.2806  0.1773  0.1527  0.2162  
 2   0.1557     -    0.0119  0.1921  0.0042  0.0014  0.0214  
 3   0.1431  0.0119     -    0.1590  0.0296  0.0054  0.0561  
 4   0.2806  0.1921  0.1590     -    0.2209  0.1793  0.2560  
 5   0.1773  0.0042  0.0296  0.2209     -    0.0097  0.0092  
 6   0.1527  0.0014  0.0054  0.1793  0.0097     -    0.0293  
 7   0.2162  0.0214  0.0561  0.2560  0.0092  0.0293     -    

Average distances (expected heterozygosity) between individuals in same cluster:
cluster  1  : 0.1896 
cluster  2  : 0.3443 
cluster  3  : 0.4002 
cluster  4  : 0.1096 
cluster  5  : 0.2966 
cluster  6  : 0.3691 
cluster  7  : 0.2381 

--------------------------------------------
Estimated Ln Prob of Data   = -323.4
Mean value of ln likelihood = -232.1
Variance of ln likelihood   = 182.6
Mean value of alpha         = 0.0395

Mean value of Fst_1         = 0.5910
Mean value of Fst_2         = 0.2881
Mean value of Fst_3         = 0.0424
Mean value of Fst_4         = 0.7192
Mean value of Fst_5         = 0.4384
Mean value of Fst_6         = 0.2289
Mean value of Fst_7         = 0.5319


Inferred ancestry of individuals:
        Label (%Miss) :  Inferred clusters
  1 torg1245   (21)   :  0.016 0.217 0.038 0.015 0.272 0.148 0.294 
  2 oldj1239   (14)   :  0.369 0.123 0.177 0.052 0.084 0.127 0.068 
  3 crim1257    (0)   :  0.007 0.096 0.016 0.006 0.207 0.084 0.584 
  4 bash1264    (7)   :  0.007 0.100 0.017 0.006 0.208 0.090 0.571 
  5 anat1259    (0)   :  0.006 0.091 0.026 0.022 0.212 0.095 0.547 
  6 okin1246    (0)   :  0.007 0.009 0.010 0.945 0.010 0.010 0.009 
  7 yaku1245    (0)   :  0.041 0.244 0.061 0.014 0.309 0.169 0.163 
  8 daur1238    (0)   :  0.012 0.239 0.181 0.007 0.258 0.214 0.090 
  9 east2337   (14)   :  0.024 0.194 0.298 0.010 0.130 0.240 0.105 
 10 ikem1235    (7)   :  0.007 0.015 0.020 0.918 0.013 0.015 0.012 
 11 sibe1251    (0)   :  0.920 0.016 0.013 0.005 0.017 0.014 0.015 
 12 nort2697    (0)   :  0.006 0.094 0.029 0.023 0.214 0.087 0.546 
 13 bona1250    (0)   :  0.036 0.189 0.301 0.038 0.127 0.215 0.095 
 14 ulch1241   (14)   :  0.444 0.131 0.093 0.010 0.128 0.110 0.084 
 15 nort2935   (14)   :  0.019 0.020 0.020 0.893 0.016 0.017 0.014 
 16 gaga1249    (0)   :  0.011 0.160 0.037 0.053 0.249 0.123 0.366 
 17 tara1319    (0)   :  0.006 0.010 0.014 0.939 0.011 0.012 0.008 
 18 moma1245   (21)   :  0.827 0.037 0.039 0.012 0.029 0.032 0.023 
 19 manc1252    (0)   :  0.210 0.147 0.193 0.019 0.124 0.151 0.156 
 20 shor1247    (0)   :  0.010 0.227 0.018 0.008 0.284 0.138 0.315 
 21 kaza1248    (0)   :  0.007 0.091 0.015 0.006 0.206 0.089 0.586 
 22 midd1351   (14)   :  0.024 0.125 0.108 0.023 0.196 0.142 0.382 
 23 chag1247   (71)   :  0.031 0.176 0.202 0.078 0.169 0.191 0.153 
 24 huih1238   (14)   :  0.742 0.049 0.054 0.021 0.046 0.050 0.039 
 25 ordo1245    (0)   :  0.011 0.240 0.180 0.007 0.257 0.214 0.090 
 26 turk1303    (0)   :  0.010 0.219 0.020 0.009 0.279 0.144 0.319 
 27 negi1245    (0)   :  0.916 0.015 0.015 0.019 0.012 0.015 0.009 
 28 nana1257    (0)   :  0.901 0.019 0.021 0.012 0.016 0.018 0.014 
 29 nort2690    (7)   :  0.011 0.169 0.202 0.054 0.166 0.174 0.225 
 30 shur1243    (0)   :  0.013 0.010 0.013 0.934 0.010 0.011 0.009 
 31 minh1238    (0)   :  0.007 0.183 0.298 0.060 0.134 0.229 0.089 
 32 udih1248    (0)   :  0.835 0.031 0.032 0.017 0.031 0.028 0.025 
 33 oira1262   (14)   :  0.014 0.229 0.120 0.011 0.272 0.171 0.182 
 34 hate1238    (7)   :  0.028 0.045 0.054 0.736 0.044 0.045 0.048 
 35 tata1255    (0)   :  0.007 0.093 0.019 0.006 0.196 0.095 0.583 
 36 turk1304    (0)   :  0.010 0.226 0.018 0.008 0.282 0.149 0.308 
 37 oroc1248    (0)   :  0.872 0.022 0.022 0.015 0.024 0.023 0.023 
 38 chuv1255    (0)   :  0.012 0.189 0.198 0.022 0.214 0.171 0.194 
 39 noga1249   (14)   :  0.026 0.128 0.112 0.022 0.203 0.138 0.371 
 40 dong1285    (7)   :  0.017 0.185 0.299 0.013 0.144 0.238 0.106 
 41 halh1238   (14)   :  0.016 0.208 0.274 0.014 0.165 0.222 0.101 
 42 ogam1239    (0)   :  0.010 0.054 0.074 0.720 0.042 0.066 0.035 
 43 cent2126    (7)   :  0.009 0.012 0.013 0.931 0.011 0.012 0.012 
 44 yona1241   (14)   :  0.027 0.183 0.291 0.025 0.150 0.218 0.106 
 45 kore1280    (0)   :  0.009 0.196 0.287 0.025 0.146 0.239 0.098 
 46 tuvi1240    (0)   :  0.020 0.241 0.144 0.010 0.293 0.187 0.105 
 47 huzh1238    (7)   :  0.009 0.200 0.294 0.032 0.146 0.226 0.092 
 48 khak1248    (0)   :  0.010 0.216 0.023 0.009 0.284 0.146 0.313 
 49 oldu1238    (7)   :  0.013 0.219 0.020 0.008 0.288 0.143 0.310 
 50 nucl1643    (0)   :  0.007 0.009 0.011 0.943 0.010 0.011 0.009 
 51 orok1265   (14)   :  0.933 0.011 0.013 0.014 0.010 0.010 0.010 
 52 midd1372   (14)   :  0.018 0.194 0.299 0.014 0.140 0.239 0.096 
 53 mogh1245   (28)   :  0.074 0.140 0.157 0.039 0.165 0.158 0.267 
 54 uigh1240    (7)   :  0.007 0.096 0.022 0.007 0.203 0.094 0.570 
 55 kara1467   (14)   :  0.009 0.098 0.021 0.007 0.207 0.088 0.570 
 56 russ1264   (14)   :  0.015 0.222 0.029 0.011 0.279 0.145 0.299 
 57 sout2954    (0)   :  0.012 0.011 0.013 0.933 0.011 0.011 0.009 
 58 berj1234    (0)   :  0.926 0.014 0.016 0.009 0.011 0.013 0.012 
 59 kham1281    (0)   :  0.041 0.248 0.060 0.014 0.308 0.174 0.154 
 60 dolg1241    (0)   :  0.010 0.221 0.020 0.009 0.282 0.144 0.316 


Estimated Allele Frequencies in each cluster
First column gives estimated ancestral frequencies


Locus 1 : TE003 
2 alleles
3.3% missing data
   1   (0.443) 0.060 0.635 0.452 0.022 0.756 0.583 0.803 
   0   (0.557) 0.940 0.365 0.548 0.978 0.244 0.417 0.197 

Locus 2 : TE004 
2 alleles
3.3% missing data
   0   (0.851) 0.311 0.913 0.860 0.993 0.936 0.894 0.950 
   1   (0.149) 0.689 0.087 0.140 0.007 0.064 0.106 0.050 

Locus 3 : TE005 
2 alleles
18.3% missing data
   0   (0.777) 0.112 0.853 0.785 0.990 0.899 0.837 0.930 
   1   (0.223) 0.888 0.147 0.215 0.010 0.101 0.163 0.070 

Locus 4 : TE006 
2 alleles
26.7% missing data
   0   (0.619) 0.970 0.737 0.616 0.093 0.812 0.694 0.871 
   1   (0.381) 0.030 0.263 0.384 0.907 0.188 0.306 0.129 

Locus 5 : TE007 
2 alleles
6.7% missing data
   0   (0.714) 0.975 0.814 0.711 0.712 0.870 0.778 0.896 
   1   (0.286) 0.025 0.186 0.289 0.288 0.130 0.222 0.104 

Locus 6 : TE008 
2 alleles
1.7% missing data
   1   (0.585) 0.967 0.664 0.571 0.936 0.717 0.621 0.852 
   0   (0.415) 0.033 0.336 0.429 0.064 0.283 0.379 0.148 

Locus 7 : TE031 
2 alleles
1.7% missing data
   1   (0.786) 0.983 0.848 0.797 0.036 0.855 0.831 0.834 
   0   (0.214) 0.017 0.152 0.203 0.964 0.145 0.169 0.166 

Locus 8 : TE037 
2 alleles
1.7% missing data
   1   (0.515) 0.108 0.585 0.511 0.614 0.648 0.584 0.802 
   0   (0.485) 0.892 0.415 0.489 0.386 0.352 0.416 0.198 

Locus 9 : TE038 
2 alleles
1.7% missing data
   1   (0.702) 0.665 0.822 0.714 0.033 0.860 0.779 0.907 
   0   (0.298) 0.335 0.178 0.286 0.967 0.140 0.221 0.093 

Locus 10 : TE039 
2 alleles
5.0% missing data
   1   (0.578) 0.936 0.644 0.576 0.973 0.626 0.607 0.383 
   0   (0.422) 0.064 0.356 0.424 0.027 0.374 0.393 0.617 

Locus 11 : TE078 
2 alleles
3.3% missing data
   0   (0.814) 0.985 0.873 0.810 0.992 0.913 0.850 0.934 
   1   (0.186) 0.015 0.127 0.190 0.008 0.087 0.150 0.066 

Locus 12 : TS079 
2 alleles
10.0% missing data
   0   (0.881) 0.491 0.934 0.888 0.995 0.944 0.916 0.966 
   1   (0.119) 0.509 0.066 0.112 0.005 0.056 0.084 0.034 

Locus 13 : TS080 
2 alleles
10.0% missing data
   0   (0.689) 0.774 0.478 0.690 0.987 0.357 0.547 0.275 
   1   (0.311) 0.226 0.522 0.310 0.013 0.643 0.453 0.725 

Locus 14 : TS088 
2 alleles
1.7% missing data
   0   (0.516) 0.962 0.624 0.495 0.977 0.711 0.583 0.812 
   1   (0.484) 0.038 0.376 0.505 0.023 0.289 0.417 0.188 

Values of parameters used in structure:
DATAFILE=phonology_structure,	OUTFILE=outfile_phonology_structure_K7_run13,	NUMINDS=60,	NUMLOCI=14,	MISSING=-9,	LABEL=1,	POPDATA=0,	POPFLAG=0,	PHENOTYPE=0,	EXTRACOLS=0,	MAXPOPS=7,	BURNIN=10000,	NUMREPS=100000,	USEPOPINFO=0,	INFERALPHA=1,	INFERLAMBDA=0,	POPSPECIFICLAMBDA=0,	POPALPHAS=0,	COMPUTEPROB=1,	NOADMIX=0,	ADMBURNIN=500,	UPDATEFREQ=100,	PRINTLIKES=0,	INTERMEDSAVE=0,	PRINTKLD=0,	PRINTNET=1,	PRINTLAMBDA=1,	ANCESTDIST=0,	NUMBOXES=1000,	ANCESTPINT=0.90000,	GENSBACK=2,	MIGRPRIOR=0.01000,	PRINTQHAT=0,	PRINTQSUM=1,	ALPHA=1.0000,	FREQSCORR=1,	FPRIORMEAN=0.0100,	FPRIORSD=0.0500,	ONEFST=0,	LAMBDA=1.0000,	UNIFPRIORALPHA=1,	ALPHAMAX=10.0000,	ALPHAPRIORA=1.0000,	ALPHAPRIORB=2.0000,	ALPHAPROPSD=0.0250,	STARTATPOPINFO=0,	RANDOMIZE=1,	LINKAGE=0,	METROFREQ=10,	REPORTHITRATE=0,	MARKOVPHASE=0,	PHASED=0,	PLOIDY=1,	PHASEINFO=0	LOCPRIOR=0, 	LOCPRIORINIT=1.000000, 	LOCDATA=0, 	LOCISPOP=0, 	LOCPRIORSTEP=0.100000, 	MAXLOCPRIOR=20.000000, 	SEED=1641238265,	
[STRAT parameters]:    NUMSIMSTATS=1000,	PHENOTYPECOL=-9,	POOLFREQ=10,	LOCUSxONLY=0,	EMERROR=0.00100,	MISSINGPHENO=-9,	