

----------------------------------------------------
STRUCTURE by Pritchard, Stephens and Donnelly (2000)
     and Falush, Stephens and Pritchard (2003)
       Code by Pritchard, Falush and Hubisz
             Version 2.3.4 (Jul 2012)
----------------------------------------------------



Command line arguments:   ./structure -m mainparams -K 3 -i phonology_structure -L 14 -o outfile_phonology_structure_K3_run48 
Input File:    phonology_structure

Run parameters:
   60 individuals
   14 loci
   3 populations assumed
   10000 Burn-in period
   100000 Reps


--------------------------------------------
Overall proportion of membership of the
sample in each of the 3 clusters

Inferred Clusters
  1      2      3    
0.441  0.186  0.373  

--------------------------------------------

Allele-freq. divergence among pops (Net nucleotide distance),
computed using point estimates of P.

      1       2       3      
 1      -    0.3105  0.1464  
 2   0.3105     -    0.1585  
 3   0.1464  0.1585     -    

Average distances (expected heterozygosity) between individuals in same cluster:
cluster  1  : 0.1239 
cluster  2  : 0.1270 
cluster  3  : 0.4054 

--------------------------------------------
Estimated Ln Prob of Data   = -301.4
Mean value of ln likelihood = -277.6
Variance of ln likelihood   = 47.6
Mean value of alpha         = 0.0535

Mean value of Fst_1         = 0.6532
Mean value of Fst_2         = 0.6830
Mean value of Fst_3         = 0.0091


Inferred ancestry of individuals:
        Label (%Miss) :  Inferred clusters
  1 torg1245   (21)   :  0.950 0.019 0.030 
  2 oldj1239   (14)   :  0.022 0.072 0.907 
  3 crim1257    (0)   :  0.979 0.009 0.012 
  4 bash1264    (7)   :  0.976 0.009 0.015 
  5 anat1259    (0)   :  0.952 0.032 0.016 
  6 okin1246    (0)   :  0.012 0.975 0.013 
  7 yaku1245    (0)   :  0.928 0.019 0.053 
  8 daur1238    (0)   :  0.629 0.012 0.359 
  9 east2337   (14)   :  0.041 0.016 0.943 
 10 ikem1235    (7)   :  0.011 0.971 0.018 
 11 sibe1251    (0)   :  0.036 0.010 0.954 
 12 nort2697    (0)   :  0.954 0.030 0.015 
 13 bona1250    (0)   :  0.017 0.061 0.922 
 14 ulch1241   (14)   :  0.325 0.017 0.659 
 15 nort2935   (14)   :  0.014 0.960 0.026 
 16 gaga1249    (0)   :  0.935 0.047 0.018 
 17 tara1319    (0)   :  0.010 0.977 0.013 
 18 moma1245   (21)   :  0.055 0.024 0.921 
 19 manc1252    (0)   :  0.115 0.029 0.856 
 20 shor1247    (0)   :  0.974 0.012 0.015 
 21 kaza1248    (0)   :  0.979 0.008 0.013 
 22 midd1351   (14)   :  0.828 0.036 0.135 
 23 chag1247   (71)   :  0.429 0.166 0.405 
 24 huih1238   (14)   :  0.058 0.030 0.913 
 25 ordo1245    (0)   :  0.624 0.012 0.364 
 26 turk1303    (0)   :  0.974 0.012 0.015 
 27 negi1245    (0)   :  0.014 0.041 0.946 
 28 nana1257    (0)   :  0.021 0.018 0.961 
 29 nort2690    (7)   :  0.537 0.157 0.306 
 30 shur1243    (0)   :  0.010 0.971 0.019 
 31 minh1238    (0)   :  0.021 0.157 0.822 
 32 udih1248    (0)   :  0.036 0.027 0.936 
 33 oira1262   (14)   :  0.863 0.014 0.124 
 34 hate1238    (7)   :  0.068 0.863 0.069 
 35 tata1255    (0)   :  0.980 0.008 0.012 
 36 turk1304    (0)   :  0.973 0.011 0.016 
 37 oroc1248    (0)   :  0.023 0.018 0.960 
 38 chuv1255    (0)   :  0.804 0.038 0.157 
 39 noga1249   (14)   :  0.823 0.038 0.139 
 40 dong1285    (7)   :  0.028 0.018 0.954 
 41 halh1238   (14)   :  0.239 0.028 0.734 
 42 ogam1239    (0)   :  0.013 0.881 0.107 
 43 cent2126    (7)   :  0.016 0.968 0.016 
 44 yona1241   (14)   :  0.015 0.031 0.954 
 45 kore1280    (0)   :  0.023 0.051 0.926 
 46 tuvi1240    (0)   :  0.804 0.018 0.178 
 47 huzh1238    (7)   :  0.020 0.074 0.906 
 48 khak1248    (0)   :  0.974 0.012 0.015 
 49 oldu1238    (7)   :  0.971 0.011 0.017 
 50 nucl1643    (0)   :  0.012 0.975 0.012 
 51 orok1265   (14)   :  0.016 0.037 0.946 
 52 midd1372   (14)   :  0.010 0.019 0.971 
 53 mogh1245   (28)   :  0.471 0.070 0.459 
 54 uigh1240    (7)   :  0.976 0.010 0.013 
 55 kara1467   (14)   :  0.974 0.010 0.016 
 56 russ1264   (14)   :  0.958 0.014 0.027 
 57 sout2954    (0)   :  0.010 0.971 0.019 
 58 berj1234    (0)   :  0.020 0.019 0.961 
 59 kham1281    (0)   :  0.929 0.018 0.053 
 60 dolg1241    (0)   :  0.973 0.011 0.016 


Estimated Allele Frequencies in each cluster
First column gives estimated ancestral frequencies


Locus 1 : TE003 
2 alleles
3.3% missing data
   1   (0.274) 0.976 0.019 0.266 
   0   (0.726) 0.024 0.981 0.734 

Locus 2 : TE004 
2 alleles
3.3% missing data
   0   (0.649) 0.991 0.982 0.641 
   1   (0.351) 0.009 0.018 0.359 

Locus 3 : TE005 
2 alleles
18.3% missing data
   0   (0.511) 0.978 0.972 0.497 
   1   (0.489) 0.022 0.028 0.503 

Locus 4 : TE006 
2 alleles
26.7% missing data
   0   (0.709) 0.986 0.131 0.715 
   1   (0.291) 0.014 0.869 0.285 

Locus 5 : TE007 
2 alleles
6.7% missing data
   0   (0.722) 0.994 0.699 0.725 
   1   (0.278) 0.006 0.301 0.275 

Locus 6 : TE008 
2 alleles
1.7% missing data
   1   (0.675) 0.889 0.903 0.677 
   0   (0.325) 0.111 0.097 0.323 

Locus 7 : TE031 
2 alleles
1.7% missing data
   1   (0.835) 0.876 0.049 0.849 
   0   (0.165) 0.124 0.951 0.151 

Locus 8 : TE037 
2 alleles
1.7% missing data
   1   (0.366) 0.815 0.587 0.359 
   0   (0.634) 0.185 0.413 0.641 

Locus 9 : TE038 
2 alleles
1.7% missing data
   1   (0.656) 0.992 0.041 0.660 
   0   (0.344) 0.008 0.959 0.340 

Locus 10 : TE039 
2 alleles
5.0% missing data
   1   (0.667) 0.543 0.970 0.669 
   0   (0.333) 0.457 0.030 0.331 

Locus 11 : TE078 
2 alleles
3.3% missing data
   0   (0.814) 0.996 0.991 0.814 
   1   (0.186) 0.004 0.009 0.186 

Locus 12 : TS079 
2 alleles
10.0% missing data
   0   (0.759) 0.994 0.989 0.756 
   1   (0.241) 0.006 0.011 0.244 

Locus 13 : TS080 
2 alleles
10.0% missing data
   0   (0.787) 0.103 0.990 0.796 
   1   (0.213) 0.897 0.010 0.204 

Locus 14 : TS088 
2 alleles
1.7% missing data
   0   (0.612) 0.915 0.973 0.607 
   1   (0.388) 0.085 0.027 0.393 

Values of parameters used in structure:
DATAFILE=phonology_structure,	OUTFILE=outfile_phonology_structure_K3_run48,	NUMINDS=60,	NUMLOCI=14,	MISSING=-9,	LABEL=1,	POPDATA=0,	POPFLAG=0,	PHENOTYPE=0,	EXTRACOLS=0,	MAXPOPS=3,	BURNIN=10000,	NUMREPS=100000,	USEPOPINFO=0,	INFERALPHA=1,	INFERLAMBDA=0,	POPSPECIFICLAMBDA=0,	POPALPHAS=0,	COMPUTEPROB=1,	NOADMIX=0,	ADMBURNIN=500,	UPDATEFREQ=100,	PRINTLIKES=0,	INTERMEDSAVE=0,	PRINTKLD=0,	PRINTNET=1,	PRINTLAMBDA=1,	ANCESTDIST=0,	NUMBOXES=1000,	ANCESTPINT=0.90000,	GENSBACK=2,	MIGRPRIOR=0.01000,	PRINTQHAT=0,	PRINTQSUM=1,	ALPHA=1.0000,	FREQSCORR=1,	FPRIORMEAN=0.0100,	FPRIORSD=0.0500,	ONEFST=0,	LAMBDA=1.0000,	UNIFPRIORALPHA=1,	ALPHAMAX=10.0000,	ALPHAPRIORA=1.0000,	ALPHAPRIORB=2.0000,	ALPHAPROPSD=0.0250,	STARTATPOPINFO=0,	RANDOMIZE=1,	LINKAGE=0,	METROFREQ=10,	REPORTHITRATE=0,	MARKOVPHASE=0,	PHASED=0,	PLOIDY=1,	PHASEINFO=0	LOCPRIOR=0, 	LOCPRIORINIT=1.000000, 	LOCDATA=0, 	LOCISPOP=0, 	LOCPRIORSTEP=0.100000, 	MAXLOCPRIOR=20.000000, 	SEED=1641291896,	
[STRAT parameters]:    NUMSIMSTATS=1000,	PHENOTYPECOL=-9,	POOLFREQ=10,	LOCUSxONLY=0,	EMERROR=0.00100,	MISSINGPHENO=-9,	