

----------------------------------------------------
STRUCTURE by Pritchard, Stephens and Donnelly (2000)
     and Falush, Stephens and Pritchard (2003)
       Code by Pritchard, Falush and Hubisz
             Version 2.3.4 (Jul 2012)
----------------------------------------------------



Command line arguments:   ./structure -m mainparams -K 3 -i phonology_structure -L 14 -o outfile_phonology_structure_K3_run22 
Input File:    phonology_structure

Run parameters:
   60 individuals
   14 loci
   3 populations assumed
   10000 Burn-in period
   100000 Reps


--------------------------------------------
Overall proportion of membership of the
sample in each of the 3 clusters

Inferred Clusters
  1      2      3    
0.450  0.222  0.329  

--------------------------------------------

Allele-freq. divergence among pops (Net nucleotide distance),
computed using point estimates of P.

      1       2       3      
 1      -    0.2728  0.1558  
 2   0.2728     -    0.1386  
 3   0.1558  0.1386     -    

Average distances (expected heterozygosity) between individuals in same cluster:
cluster  1  : 0.1314 
cluster  2  : 0.1991 
cluster  3  : 0.3729 

--------------------------------------------
Estimated Ln Prob of Data   = -298.8
Mean value of ln likelihood = -275.0
Variance of ln likelihood   = 47.6
Mean value of alpha         = 0.0493

Mean value of Fst_1         = 0.6295
Mean value of Fst_2         = 0.5594
Mean value of Fst_3         = 0.1319


Inferred ancestry of individuals:
        Label (%Miss) :  Inferred clusters
  1 torg1245   (21)   :  0.953 0.019 0.028 
  2 oldj1239   (14)   :  0.022 0.133 0.845 
  3 crim1257    (0)   :  0.979 0.009 0.012 
  4 bash1264    (7)   :  0.979 0.008 0.013 
  5 anat1259    (0)   :  0.963 0.024 0.013 
  6 okin1246    (0)   :  0.012 0.975 0.013 
  7 yaku1245    (0)   :  0.950 0.015 0.036 
  8 daur1238    (0)   :  0.756 0.027 0.217 
  9 east2337   (14)   :  0.046 0.214 0.741 
 10 ikem1235    (7)   :  0.012 0.972 0.016 
 11 sibe1251    (0)   :  0.034 0.009 0.957 
 12 nort2697    (0)   :  0.965 0.023 0.012 
 13 bona1250    (0)   :  0.016 0.255 0.729 
 14 ulch1241   (14)   :  0.325 0.019 0.656 
 15 nort2935   (14)   :  0.016 0.952 0.032 
 16 gaga1249    (0)   :  0.950 0.035 0.015 
 17 tara1319    (0)   :  0.009 0.978 0.013 
 18 moma1245   (21)   :  0.044 0.022 0.933 
 19 manc1252    (0)   :  0.123 0.070 0.807 
 20 shor1247    (0)   :  0.975 0.011 0.014 
 21 kaza1248    (0)   :  0.980 0.008 0.011 
 22 midd1351   (14)   :  0.818 0.052 0.129 
 23 chag1247   (71)   :  0.429 0.239 0.332 
 24 huih1238   (14)   :  0.055 0.031 0.914 
 25 ordo1245    (0)   :  0.761 0.028 0.211 
 26 turk1303    (0)   :  0.975 0.011 0.014 
 27 negi1245    (0)   :  0.011 0.032 0.957 
 28 nana1257    (0)   :  0.018 0.017 0.965 
 29 nort2690    (7)   :  0.512 0.249 0.239 
 30 shur1243    (0)   :  0.010 0.971 0.019 
 31 minh1238    (0)   :  0.023 0.362 0.615 
 32 udih1248    (0)   :  0.035 0.024 0.941 
 33 oira1262   (14)   :  0.895 0.018 0.087 
 34 hate1238    (7)   :  0.063 0.867 0.070 
 35 tata1255    (0)   :  0.979 0.009 0.012 
 36 turk1304    (0)   :  0.976 0.011 0.014 
 37 oroc1248    (0)   :  0.021 0.014 0.965 
 38 chuv1255    (0)   :  0.884 0.042 0.074 
 39 noga1249   (14)   :  0.824 0.051 0.125 
 40 dong1285    (7)   :  0.030 0.233 0.737 
 41 halh1238   (14)   :  0.292 0.142 0.566 
 42 ogam1239    (0)   :  0.012 0.921 0.067 
 43 cent2126    (7)   :  0.017 0.964 0.019 
 44 yona1241   (14)   :  0.014 0.247 0.739 
 45 kore1280    (0)   :  0.023 0.268 0.709 
 46 tuvi1240    (0)   :  0.890 0.018 0.092 
 47 huzh1238    (7)   :  0.018 0.282 0.699 
 48 khak1248    (0)   :  0.976 0.011 0.013 
 49 oldu1238    (7)   :  0.971 0.011 0.019 
 50 nucl1643    (0)   :  0.013 0.974 0.013 
 51 orok1265   (14)   :  0.014 0.026 0.960 
 52 midd1372   (14)   :  0.010 0.242 0.749 
 53 mogh1245   (28)   :  0.435 0.118 0.447 
 54 uigh1240    (7)   :  0.977 0.010 0.013 
 55 kara1467   (14)   :  0.973 0.010 0.016 
 56 russ1264   (14)   :  0.959 0.015 0.026 
 57 sout2954    (0)   :  0.010 0.969 0.020 
 58 berj1234    (0)   :  0.017 0.015 0.968 
 59 kham1281    (0)   :  0.947 0.015 0.038 
 60 dolg1241    (0)   :  0.977 0.011 0.013 


Estimated Allele Frequencies in each cluster
First column gives estimated ancestral frequencies


Locus 1 : TE003 
2 alleles
3.3% missing data
   1   (0.281) 0.976 0.060 0.205 
   0   (0.719) 0.024 0.940 0.795 

Locus 2 : TE004 
2 alleles
3.3% missing data
   0   (0.697) 0.992 0.965 0.589 
   1   (0.303) 0.008 0.035 0.411 

Locus 3 : TE005 
2 alleles
18.3% missing data
   0   (0.547) 0.980 0.950 0.387 
   1   (0.453) 0.020 0.050 0.613 

Locus 4 : TE006 
2 alleles
26.7% missing data
   0   (0.656) 0.983 0.159 0.764 
   1   (0.344) 0.017 0.841 0.236 

Locus 5 : TE007 
2 alleles
6.7% missing data
   0   (0.732) 0.993 0.676 0.794 
   1   (0.268) 0.007 0.324 0.206 

Locus 6 : TE008 
2 alleles
1.7% missing data
   1   (0.687) 0.867 0.844 0.757 
   0   (0.313) 0.133 0.156 0.243 

Locus 7 : TE031 
2 alleles
1.7% missing data
   1   (0.779) 0.866 0.149 0.890 
   0   (0.221) 0.134 0.851 0.110 

Locus 8 : TE037 
2 alleles
1.7% missing data
   1   (0.434) 0.795 0.581 0.343 
   0   (0.566) 0.205 0.419 0.657 

Locus 9 : TE038 
2 alleles
1.7% missing data
   1   (0.629) 0.991 0.121 0.667 
   0   (0.371) 0.009 0.879 0.333 

Locus 10 : TE039 
2 alleles
5.0% missing data
   1   (0.664) 0.552 0.900 0.723 
   0   (0.336) 0.448 0.100 0.277 

Locus 11 : TE078 
2 alleles
3.3% missing data
   0   (0.816) 0.995 0.946 0.855 
   1   (0.184) 0.005 0.054 0.145 

Locus 12 : TS079 
2 alleles
10.0% missing data
   0   (0.783) 0.994 0.975 0.716 
   1   (0.217) 0.006 0.025 0.284 

Locus 13 : TS080 
2 alleles
10.0% missing data
   0   (0.789) 0.107 0.978 0.809 
   1   (0.211) 0.893 0.022 0.191 

Locus 14 : TS088 
2 alleles
1.7% missing data
   0   (0.625) 0.901 0.879 0.690 
   1   (0.375) 0.099 0.121 0.310 

Values of parameters used in structure:
DATAFILE=phonology_structure,	OUTFILE=outfile_phonology_structure_K3_run22,	NUMINDS=60,	NUMLOCI=14,	MISSING=-9,	LABEL=1,	POPDATA=0,	POPFLAG=0,	PHENOTYPE=0,	EXTRACOLS=0,	MAXPOPS=3,	BURNIN=10000,	NUMREPS=100000,	USEPOPINFO=0,	INFERALPHA=1,	INFERLAMBDA=0,	POPSPECIFICLAMBDA=0,	POPALPHAS=0,	COMPUTEPROB=1,	NOADMIX=0,	ADMBURNIN=500,	UPDATEFREQ=100,	PRINTLIKES=0,	INTERMEDSAVE=0,	PRINTKLD=0,	PRINTNET=1,	PRINTLAMBDA=1,	ANCESTDIST=0,	NUMBOXES=1000,	ANCESTPINT=0.90000,	GENSBACK=2,	MIGRPRIOR=0.01000,	PRINTQHAT=0,	PRINTQSUM=1,	ALPHA=1.0000,	FREQSCORR=1,	FPRIORMEAN=0.0100,	FPRIORSD=0.0500,	ONEFST=0,	LAMBDA=1.0000,	UNIFPRIORALPHA=1,	ALPHAMAX=10.0000,	ALPHAPRIORA=1.0000,	ALPHAPRIORB=2.0000,	ALPHAPROPSD=0.0250,	STARTATPOPINFO=0,	RANDOMIZE=1,	LINKAGE=0,	METROFREQ=10,	REPORTHITRATE=0,	MARKOVPHASE=0,	PHASED=0,	PLOIDY=1,	PHASEINFO=0	LOCPRIOR=0, 	LOCPRIORINIT=1.000000, 	LOCDATA=0, 	LOCISPOP=0, 	LOCPRIORSTEP=0.100000, 	MAXLOCPRIOR=20.000000, 	SEED=1641259576,	
[STRAT parameters]:    NUMSIMSTATS=1000,	PHENOTYPECOL=-9,	POOLFREQ=10,	LOCUSxONLY=0,	EMERROR=0.00100,	MISSINGPHENO=-9,	