

----------------------------------------------------
STRUCTURE by Pritchard, Stephens and Donnelly (2000)
     and Falush, Stephens and Pritchard (2003)
       Code by Pritchard, Falush and Hubisz
             Version 2.3.4 (Jul 2012)
----------------------------------------------------



Command line arguments:   ./structure -m mainparams -K 3 -i phonology_structure -L 14 -o outfile_phonology_structure_K3_run10 
Input File:    phonology_structure

Run parameters:
   60 individuals
   14 loci
   3 populations assumed
   10000 Burn-in period
   100000 Reps


--------------------------------------------
Overall proportion of membership of the
sample in each of the 3 clusters

Inferred Clusters
  1      2      3    
0.443  0.222  0.335  

--------------------------------------------

Allele-freq. divergence among pops (Net nucleotide distance),
computed using point estimates of P.

      1       2       3      
 1      -    0.2768  0.1540  
 2   0.2768     -    0.1424  
 3   0.1540  0.1424     -    

Average distances (expected heterozygosity) between individuals in same cluster:
cluster  1  : 0.1261 
cluster  2  : 0.1960 
cluster  3  : 0.3773 

--------------------------------------------
Estimated Ln Prob of Data   = -301.8
Mean value of ln likelihood = -275.9
Variance of ln likelihood   = 51.8
Mean value of alpha         = 0.0534

Mean value of Fst_1         = 0.6420
Mean value of Fst_2         = 0.5713
Mean value of Fst_3         = 0.1248


Inferred ancestry of individuals:
        Label (%Miss) :  Inferred clusters
  1 torg1245   (21)   :  0.947 0.023 0.030 
  2 oldj1239   (14)   :  0.024 0.133 0.843 
  3 crim1257    (0)   :  0.980 0.009 0.011 
  4 bash1264    (7)   :  0.979 0.009 0.012 
  5 anat1259    (0)   :  0.959 0.028 0.014 
  6 okin1246    (0)   :  0.014 0.972 0.014 
  7 yaku1245    (0)   :  0.931 0.018 0.051 
  8 daur1238    (0)   :  0.668 0.033 0.299 
  9 east2337   (14)   :  0.047 0.195 0.758 
 10 ikem1235    (7)   :  0.013 0.971 0.017 
 11 sibe1251    (0)   :  0.033 0.010 0.957 
 12 nort2697    (0)   :  0.959 0.027 0.014 
 13 bona1250    (0)   :  0.017 0.250 0.734 
 14 ulch1241   (14)   :  0.311 0.021 0.668 
 15 nort2935   (14)   :  0.016 0.945 0.039 
 16 gaga1249    (0)   :  0.944 0.039 0.016 
 17 tara1319    (0)   :  0.011 0.977 0.012 
 18 moma1245   (21)   :  0.045 0.023 0.932 
 19 manc1252    (0)   :  0.130 0.069 0.801 
 20 shor1247    (0)   :  0.973 0.012 0.016 
 21 kaza1248    (0)   :  0.979 0.009 0.012 
 22 midd1351   (14)   :  0.813 0.054 0.133 
 23 chag1247   (71)   :  0.418 0.239 0.343 
 24 huih1238   (14)   :  0.056 0.032 0.912 
 25 ordo1245    (0)   :  0.668 0.032 0.300 
 26 turk1303    (0)   :  0.974 0.011 0.015 
 27 negi1245    (0)   :  0.013 0.036 0.951 
 28 nana1257    (0)   :  0.020 0.017 0.963 
 29 nort2690    (7)   :  0.524 0.245 0.231 
 30 shur1243    (0)   :  0.011 0.968 0.021 
 31 minh1238    (0)   :  0.023 0.369 0.607 
 32 udih1248    (0)   :  0.036 0.026 0.938 
 33 oira1262   (14)   :  0.863 0.023 0.114 
 34 hate1238    (7)   :  0.068 0.866 0.066 
 35 tata1255    (0)   :  0.979 0.009 0.012 
 36 turk1304    (0)   :  0.973 0.011 0.016 
 37 oroc1248    (0)   :  0.023 0.017 0.960 
 38 chuv1255    (0)   :  0.844 0.051 0.105 
 39 noga1249   (14)   :  0.813 0.052 0.135 
 40 dong1285    (7)   :  0.033 0.220 0.748 
 41 halh1238   (14)   :  0.253 0.141 0.607 
 42 ogam1239    (0)   :  0.012 0.917 0.071 
 43 cent2126    (7)   :  0.018 0.961 0.020 
 44 yona1241   (14)   :  0.016 0.239 0.745 
 45 kore1280    (0)   :  0.023 0.260 0.717 
 46 tuvi1240    (0)   :  0.841 0.023 0.136 
 47 huzh1238    (7)   :  0.020 0.284 0.695 
 48 khak1248    (0)   :  0.974 0.011 0.015 
 49 oldu1238    (7)   :  0.969 0.011 0.019 
 50 nucl1643    (0)   :  0.013 0.971 0.015 
 51 orok1265   (14)   :  0.014 0.031 0.955 
 52 midd1372   (14)   :  0.010 0.233 0.757 
 53 mogh1245   (28)   :  0.454 0.116 0.430 
 54 uigh1240    (7)   :  0.977 0.010 0.013 
 55 kara1467   (14)   :  0.973 0.011 0.016 
 56 russ1264   (14)   :  0.958 0.015 0.027 
 57 sout2954    (0)   :  0.011 0.967 0.021 
 58 berj1234    (0)   :  0.018 0.018 0.963 
 59 kham1281    (0)   :  0.934 0.017 0.049 
 60 dolg1241    (0)   :  0.975 0.011 0.014 


Estimated Allele Frequencies in each cluster
First column gives estimated ancestral frequencies


Locus 1 : TE003 
2 alleles
3.3% missing data
   1   (0.303) 0.977 0.059 0.227 
   0   (0.697) 0.023 0.941 0.773 

Locus 2 : TE004 
2 alleles
3.3% missing data
   0   (0.702) 0.992 0.968 0.601 
   1   (0.298) 0.008 0.032 0.399 

Locus 3 : TE005 
2 alleles
18.3% missing data
   0   (0.551) 0.980 0.952 0.398 
   1   (0.449) 0.020 0.048 0.602 

Locus 4 : TE006 
2 alleles
26.7% missing data
   0   (0.676) 0.983 0.157 0.777 
   1   (0.324) 0.017 0.843 0.223 

Locus 5 : TE007 
2 alleles
6.7% missing data
   0   (0.731) 0.994 0.674 0.790 
   1   (0.269) 0.006 0.326 0.210 

Locus 6 : TE008 
2 alleles
1.7% missing data
   1   (0.673) 0.882 0.843 0.738 
   0   (0.327) 0.118 0.157 0.262 

Locus 7 : TE031 
2 alleles
1.7% missing data
   1   (0.778) 0.869 0.144 0.889 
   0   (0.222) 0.131 0.856 0.111 

Locus 8 : TE037 
2 alleles
1.7% missing data
   1   (0.422) 0.809 0.578 0.335 
   0   (0.578) 0.191 0.422 0.665 

Locus 9 : TE038 
2 alleles
1.7% missing data
   1   (0.636) 0.992 0.116 0.674 
   0   (0.364) 0.008 0.884 0.326 

Locus 10 : TE039 
2 alleles
5.0% missing data
   1   (0.664) 0.546 0.903 0.719 
   0   (0.336) 0.454 0.097 0.281 

Locus 11 : TE078 
2 alleles
3.3% missing data
   0   (0.820) 0.996 0.948 0.857 
   1   (0.180) 0.004 0.052 0.143 

Locus 12 : TS079 
2 alleles
10.0% missing data
   0   (0.773) 0.994 0.976 0.712 
   1   (0.227) 0.006 0.024 0.288 

Locus 13 : TS080 
2 alleles
10.0% missing data
   0   (0.774) 0.103 0.979 0.798 
   1   (0.226) 0.897 0.021 0.202 

Locus 14 : TS088 
2 alleles
1.7% missing data
   0   (0.614) 0.913 0.880 0.669 
   1   (0.386) 0.087 0.120 0.331 

Values of parameters used in structure:
DATAFILE=phonology_structure,	OUTFILE=outfile_phonology_structure_K3_run10,	NUMINDS=60,	NUMLOCI=14,	MISSING=-9,	LABEL=1,	POPDATA=0,	POPFLAG=0,	PHENOTYPE=0,	EXTRACOLS=0,	MAXPOPS=3,	BURNIN=10000,	NUMREPS=100000,	USEPOPINFO=0,	INFERALPHA=1,	INFERLAMBDA=0,	POPSPECIFICLAMBDA=0,	POPALPHAS=0,	COMPUTEPROB=1,	NOADMIX=0,	ADMBURNIN=500,	UPDATEFREQ=100,	PRINTLIKES=0,	INTERMEDSAVE=0,	PRINTKLD=0,	PRINTNET=1,	PRINTLAMBDA=1,	ANCESTDIST=0,	NUMBOXES=1000,	ANCESTPINT=0.90000,	GENSBACK=2,	MIGRPRIOR=0.01000,	PRINTQHAT=0,	PRINTQSUM=1,	ALPHA=1.0000,	FREQSCORR=1,	FPRIORMEAN=0.0100,	FPRIORSD=0.0500,	ONEFST=0,	LAMBDA=1.0000,	UNIFPRIORALPHA=1,	ALPHAMAX=10.0000,	ALPHAPRIORA=1.0000,	ALPHAPRIORB=2.0000,	ALPHAPROPSD=0.0250,	STARTATPOPINFO=0,	RANDOMIZE=1,	LINKAGE=0,	METROFREQ=10,	REPORTHITRATE=0,	MARKOVPHASE=0,	PHASED=0,	PLOIDY=1,	PHASEINFO=0	LOCPRIOR=0, 	LOCPRIORINIT=1.000000, 	LOCDATA=0, 	LOCISPOP=0, 	LOCPRIORSTEP=0.100000, 	MAXLOCPRIOR=20.000000, 	SEED=1641226477,	
[STRAT parameters]:    NUMSIMSTATS=1000,	PHENOTYPECOL=-9,	POOLFREQ=10,	LOCUSxONLY=0,	EMERROR=0.00100,	MISSINGPHENO=-9,	