

----------------------------------------------------
STRUCTURE by Pritchard, Stephens and Donnelly (2000)
     and Falush, Stephens and Pritchard (2003)
       Code by Pritchard, Falush and Hubisz
             Version 2.3.4 (Jul 2012)
----------------------------------------------------



Command line arguments:   ./structure -m mainparams -K 4 -i phonology_structure -L 14 -o outfile_phonology_structure_K4_run33 
Input File:    phonology_structure

Run parameters:
   60 individuals
   14 loci
   4 populations assumed
   10000 Burn-in period
   100000 Reps


--------------------------------------------
Overall proportion of membership of the
sample in each of the 4 clusters

Inferred Clusters
  1      2      3      4    
0.230  0.402  0.177  0.191  

--------------------------------------------

Allele-freq. divergence among pops (Net nucleotide distance),
computed using point estimates of P.

      1       2       3       4      
 1      -    0.1430  0.1619  0.1392  
 2   0.1430     -    0.3180  0.2377  
 3   0.1619  0.3180     -    0.2579  
 4   0.1392  0.2377  0.2579     -    

Average distances (expected heterozygosity) between individuals in same cluster:
cluster  1  : 0.4071 
cluster  2  : 0.1031 
cluster  3  : 0.1204 
cluster  4  : 0.2168 

--------------------------------------------
Estimated Ln Prob of Data   = -275.7
Mean value of ln likelihood = -238.6
Variance of ln likelihood   = 74.3
Mean value of alpha         = 0.0443

Mean value of Fst_1         = 0.0563
Mean value of Fst_2         = 0.6823
Mean value of Fst_3         = 0.6888
Mean value of Fst_4         = 0.5237


Inferred ancestry of individuals:
        Label (%Miss) :  Inferred clusters
  1 torg1245   (21)   :  0.032 0.934 0.016 0.018 
  2 oldj1239   (14)   :  0.269 0.030 0.066 0.635 
  3 crim1257    (0)   :  0.013 0.970 0.007 0.009 
  4 bash1264    (7)   :  0.013 0.971 0.007 0.008 
  5 anat1259    (0)   :  0.017 0.952 0.024 0.008 
  6 okin1246    (0)   :  0.011 0.010 0.970 0.009 
  7 yaku1245    (0)   :  0.060 0.855 0.018 0.067 
  8 daur1238    (0)   :  0.672 0.298 0.009 0.022 
  9 east2337   (14)   :  0.944 0.020 0.011 0.026 
 10 ikem1235    (7)   :  0.015 0.010 0.966 0.009 
 11 sibe1251    (0)   :  0.012 0.021 0.006 0.961 
 12 nort2697    (0)   :  0.021 0.948 0.023 0.008 
 13 bona1250    (0)   :  0.878 0.013 0.052 0.057 
 14 ulch1241   (14)   :  0.107 0.221 0.012 0.659 
 15 nort2935   (14)   :  0.021 0.011 0.947 0.020 
 16 gaga1249    (0)   :  0.019 0.934 0.038 0.010 
 17 tara1319    (0)   :  0.013 0.008 0.972 0.007 
 18 moma1245   (21)   :  0.034 0.022 0.014 0.930 
 19 manc1252    (0)   :  0.316 0.203 0.029 0.452 
 20 shor1247    (0)   :  0.013 0.965 0.010 0.012 
 21 kaza1248    (0)   :  0.012 0.972 0.007 0.008 
 22 midd1351   (14)   :  0.164 0.753 0.034 0.049 
 23 chag1247   (71)   :  0.556 0.251 0.125 0.068 
 24 huih1238   (14)   :  0.060 0.047 0.026 0.867 
 25 ordo1245    (0)   :  0.651 0.318 0.009 0.022 
 26 turk1303    (0)   :  0.013 0.967 0.009 0.012 
 27 negi1245    (0)   :  0.013 0.008 0.021 0.957 
 28 nana1257    (0)   :  0.020 0.013 0.012 0.955 
 29 nort2690    (7)   :  0.471 0.404 0.106 0.019 
 30 shur1243    (0)   :  0.012 0.008 0.966 0.013 
 31 minh1238    (0)   :  0.911 0.009 0.071 0.009 
 32 udih1248    (0)   :  0.026 0.026 0.018 0.930 
 33 oira1262   (14)   :  0.272 0.694 0.012 0.022 
 34 hate1238    (7)   :  0.048 0.061 0.845 0.045 
 35 tata1255    (0)   :  0.011 0.973 0.007 0.009 
 36 turk1304    (0)   :  0.015 0.963 0.010 0.012 
 37 oroc1248    (0)   :  0.026 0.027 0.017 0.930 
 38 chuv1255    (0)   :  0.358 0.590 0.033 0.018 
 39 noga1249   (14)   :  0.165 0.749 0.034 0.051 
 40 dong1285    (7)   :  0.938 0.017 0.016 0.029 
 41 halh1238   (14)   :  0.869 0.085 0.018 0.029 
 42 ogam1239    (0)   :  0.133 0.008 0.848 0.011 
 43 cent2126    (7)   :  0.014 0.013 0.962 0.012 
 44 yona1241   (14)   :  0.902 0.012 0.034 0.052 
 45 kore1280    (0)   :  0.953 0.010 0.027 0.010 
 46 tuvi1240    (0)   :  0.338 0.603 0.015 0.044 
 47 huzh1238    (7)   :  0.938 0.012 0.038 0.012 
 48 khak1248    (0)   :  0.013 0.966 0.010 0.012 
 49 oldu1238    (7)   :  0.015 0.959 0.009 0.017 
 50 nucl1643    (0)   :  0.012 0.010 0.970 0.009 
 51 orok1265   (14)   :  0.012 0.008 0.015 0.965 
 52 midd1372   (14)   :  0.952 0.007 0.016 0.024 
 53 mogh1245   (28)   :  0.262 0.459 0.059 0.220 
 54 uigh1240    (7)   :  0.016 0.966 0.008 0.009 
 55 kara1467   (14)   :  0.015 0.967 0.008 0.011 
 56 russ1264   (14)   :  0.024 0.945 0.012 0.019 
 57 sout2954    (0)   :  0.015 0.008 0.964 0.013 
 58 berj1234    (0)   :  0.015 0.011 0.010 0.964 
 59 kham1281    (0)   :  0.061 0.853 0.017 0.068 
 60 dolg1241    (0)   :  0.014 0.965 0.010 0.011 


Estimated Allele Frequencies in each cluster
First column gives estimated ancestral frequencies


Locus 1 : TE003 
2 alleles
3.3% missing data
   1   (0.430) 0.440 0.983 0.026 0.088 
   0   (0.570) 0.560 0.017 0.974 0.912 

Locus 2 : TE004 
2 alleles
3.3% missing data
   0   (0.812) 0.843 0.996 0.991 0.383 
   1   (0.188) 0.157 0.004 0.009 0.617 

Locus 3 : TE005 
2 alleles
18.3% missing data
   0   (0.748) 0.776 0.992 0.986 0.154 
   1   (0.252) 0.224 0.008 0.014 0.846 

Locus 4 : TE006 
2 alleles
26.7% missing data
   0   (0.585) 0.542 0.984 0.113 0.962 
   1   (0.415) 0.458 0.016 0.887 0.038 

Locus 5 : TE007 
2 alleles
6.7% missing data
   0   (0.681) 0.647 0.993 0.703 0.968 
   1   (0.319) 0.353 0.007 0.297 0.032 

Locus 6 : TE008 
2 alleles
1.7% missing data
   1   (0.557) 0.480 0.935 0.908 0.958 
   0   (0.443) 0.520 0.065 0.092 0.042 

Locus 7 : TE031 
2 alleles
1.7% missing data
   1   (0.759) 0.808 0.867 0.041 0.979 
   0   (0.241) 0.192 0.133 0.959 0.021 

Locus 8 : TE037 
2 alleles
1.7% missing data
   1   (0.484) 0.485 0.875 0.604 0.144 
   0   (0.516) 0.515 0.125 0.396 0.856 

Locus 9 : TE038 
2 alleles
1.7% missing data
   1   (0.660) 0.693 0.993 0.037 0.675 
   0   (0.340) 0.307 0.007 0.963 0.325 

Locus 10 : TE039 
2 alleles
5.0% missing data
   1   (0.601) 0.579 0.518 0.968 0.879 
   0   (0.399) 0.421 0.482 0.032 0.121 

Locus 11 : TE078 
2 alleles
3.3% missing data
   0   (0.796) 0.761 0.996 0.990 0.981 
   1   (0.204) 0.239 0.004 0.010 0.019 

Locus 12 : TS079 
2 alleles
10.0% missing data
   0   (0.839) 0.872 0.996 0.993 0.550 
   1   (0.161) 0.128 0.004 0.007 0.450 

Locus 13 : TS080 
2 alleles
10.0% missing data
   0   (0.717) 0.760 0.080 0.987 0.767 
   1   (0.283) 0.240 0.920 0.013 0.233 

Locus 14 : TS088 
2 alleles
1.7% missing data
   0   (0.489) 0.374 0.952 0.972 0.951 
   1   (0.511) 0.626 0.048 0.028 0.049 

Values of parameters used in structure:
DATAFILE=phonology_structure,	OUTFILE=outfile_phonology_structure_K4_run33,	NUMINDS=60,	NUMLOCI=14,	MISSING=-9,	LABEL=1,	POPDATA=0,	POPFLAG=0,	PHENOTYPE=0,	EXTRACOLS=0,	MAXPOPS=4,	BURNIN=10000,	NUMREPS=100000,	USEPOPINFO=0,	INFERALPHA=1,	INFERLAMBDA=0,	POPSPECIFICLAMBDA=0,	POPALPHAS=0,	COMPUTEPROB=1,	NOADMIX=0,	ADMBURNIN=500,	UPDATEFREQ=100,	PRINTLIKES=0,	INTERMEDSAVE=0,	PRINTKLD=0,	PRINTNET=1,	PRINTLAMBDA=1,	ANCESTDIST=0,	NUMBOXES=1000,	ANCESTPINT=0.90000,	GENSBACK=2,	MIGRPRIOR=0.01000,	PRINTQHAT=0,	PRINTQSUM=1,	ALPHA=1.0000,	FREQSCORR=1,	FPRIORMEAN=0.0100,	FPRIORSD=0.0500,	ONEFST=0,	LAMBDA=1.0000,	UNIFPRIORALPHA=1,	ALPHAMAX=10.0000,	ALPHAPRIORA=1.0000,	ALPHAPRIORB=2.0000,	ALPHAPROPSD=0.0250,	STARTATPOPINFO=0,	RANDOMIZE=1,	LINKAGE=0,	METROFREQ=10,	REPORTHITRATE=0,	MARKOVPHASE=0,	PHASED=0,	PLOIDY=1,	PHASEINFO=0	LOCPRIOR=0, 	LOCPRIORINIT=1.000000, 	LOCDATA=0, 	LOCISPOP=0, 	LOCPRIORSTEP=0.100000, 	MAXLOCPRIOR=20.000000, 	SEED=1641283212,	
[STRAT parameters]:    NUMSIMSTATS=1000,	PHENOTYPECOL=-9,	POOLFREQ=10,	LOCUSxONLY=0,	EMERROR=0.00100,	MISSINGPHENO=-9,	