

----------------------------------------------------
STRUCTURE by Pritchard, Stephens and Donnelly (2000)
     and Falush, Stephens and Pritchard (2003)
       Code by Pritchard, Falush and Hubisz
             Version 2.3.4 (Jul 2012)
----------------------------------------------------



Command line arguments:   ./structure -m mainparams -K 6 -i phonology_structure -L 14 -o outfile_phonology_structure_K6_run21 
Input File:    phonology_structure

Run parameters:
   60 individuals
   14 loci
   6 populations assumed
   10000 Burn-in period
   100000 Reps


--------------------------------------------
Overall proportion of membership of the
sample in each of the 6 clusters

Inferred Clusters
  1      2      3      4      5      6    
0.218  0.165  0.111  0.214  0.165  0.127  

--------------------------------------------

Allele-freq. divergence among pops (Net nucleotide distance),
computed using point estimates of P.

      1       2       3       4       5       6      
 1      -    0.2115  0.0688  0.0023  0.2666  0.0687  
 2   0.2115     -    0.1292  0.2207  0.2719  0.1459  
 3   0.0688  0.1292     -    0.0846  0.1287  0.0022  
 4   0.0023  0.2207  0.0846     -    0.2927  0.0824  
 5   0.2666  0.2719  0.1287  0.2927     -    0.1482  
 6   0.0687  0.1459  0.0022  0.0824  0.1482     -    

Average distances (expected heterozygosity) between individuals in same cluster:
cluster  1  : 0.2175 
cluster  2  : 0.1964 
cluster  3  : 0.4098 
cluster  4  : 0.1824 
cluster  5  : 0.1135 
cluster  6  : 0.4047 

--------------------------------------------
Estimated Ln Prob of Data   = -305.7
Mean value of ln likelihood = -228.9
Variance of ln likelihood   = 153.5
Mean value of alpha         = 0.0392

Mean value of Fst_1         = 0.6120
Mean value of Fst_2         = 0.5669
Mean value of Fst_3         = 0.0125
Mean value of Fst_4         = 0.6500
Mean value of Fst_5         = 0.6894
Mean value of Fst_6         = 0.1368


Inferred ancestry of individuals:
        Label (%Miss) :  Inferred clusters
  1 torg1245   (21)   :  0.429 0.016 0.039 0.447 0.017 0.053 
  2 oldj1239   (14)   :  0.050 0.342 0.308 0.026 0.051 0.223 
  3 crim1257    (0)   :  0.521 0.007 0.011 0.441 0.006 0.013 
  4 bash1264    (7)   :  0.526 0.007 0.013 0.433 0.006 0.014 
  5 anat1259    (0)   :  0.508 0.006 0.026 0.412 0.021 0.027 
  6 okin1246    (0)   :  0.008 0.008 0.016 0.008 0.948 0.012 
  7 yaku1245    (0)   :  0.331 0.036 0.030 0.489 0.013 0.102 
  8 daur1238    (0)   :  0.284 0.010 0.062 0.461 0.006 0.176 
  9 east2337   (14)   :  0.094 0.021 0.417 0.045 0.010 0.413 
 10 ikem1235    (7)   :  0.010 0.007 0.030 0.009 0.921 0.023 
 11 sibe1251    (0)   :  0.018 0.932 0.014 0.020 0.006 0.010 
 12 nort2697    (0)   :  0.496 0.007 0.028 0.421 0.021 0.027 
 13 bona1250    (0)   :  0.083 0.029 0.395 0.027 0.033 0.433 
 14 ulch1241   (14)   :  0.147 0.481 0.090 0.186 0.010 0.085 
 15 nort2935   (14)   :  0.012 0.018 0.027 0.011 0.910 0.023 
 16 gaga1249    (0)   :  0.449 0.010 0.038 0.423 0.040 0.039 
 17 tara1319    (0)   :  0.009 0.006 0.021 0.007 0.938 0.018 
 18 moma1245   (21)   :  0.027 0.858 0.041 0.025 0.012 0.036 
 19 manc1252    (0)   :  0.106 0.229 0.332 0.088 0.020 0.226 
 20 shor1247    (0)   :  0.467 0.010 0.014 0.456 0.009 0.045 
 21 kaza1248    (0)   :  0.521 0.007 0.013 0.439 0.006 0.014 
 22 midd1351   (14)   :  0.327 0.029 0.182 0.311 0.024 0.127 
 23 chag1247   (71)   :  0.174 0.040 0.268 0.169 0.090 0.259 
 24 huih1238   (14)   :  0.041 0.788 0.059 0.043 0.022 0.046 
 25 ordo1245    (0)   :  0.276 0.011 0.079 0.461 0.006 0.167 
 26 turk1303    (0)   :  0.462 0.010 0.016 0.461 0.009 0.042 
 27 negi1245    (0)   :  0.010 0.930 0.018 0.008 0.021 0.014 
 28 nana1257    (0)   :  0.014 0.914 0.028 0.014 0.012 0.019 
 29 nort2690    (7)   :  0.185 0.011 0.330 0.161 0.048 0.264 
 30 shur1243    (0)   :  0.009 0.013 0.017 0.008 0.939 0.014 
 31 minh1238    (0)   :  0.087 0.007 0.360 0.029 0.053 0.464 
 32 udih1248    (0)   :  0.028 0.847 0.053 0.028 0.016 0.029 
 33 oira1262   (14)   :  0.333 0.013 0.078 0.426 0.011 0.139 
 34 hate1238    (7)   :  0.039 0.031 0.095 0.040 0.742 0.054 
 35 tata1255    (0)   :  0.521 0.007 0.014 0.439 0.006 0.013 
 36 turk1304    (0)   :  0.465 0.011 0.014 0.462 0.009 0.040 
 37 oroc1248    (0)   :  0.020 0.892 0.030 0.019 0.014 0.025 
 38 chuv1255    (0)   :  0.249 0.011 0.204 0.334 0.024 0.177 
 39 noga1249   (14)   :  0.327 0.028 0.179 0.300 0.024 0.143 
 40 dong1285    (7)   :  0.100 0.020 0.347 0.039 0.012 0.481 
 41 halh1238   (14)   :  0.162 0.021 0.281 0.190 0.017 0.329 
 42 ogam1239    (0)   :  0.031 0.010 0.108 0.016 0.726 0.109 
 43 cent2126    (7)   :  0.010 0.010 0.020 0.011 0.937 0.012 
 44 yona1241   (14)   :  0.096 0.026 0.352 0.034 0.025 0.467 
 45 kore1280    (0)   :  0.105 0.010 0.328 0.047 0.025 0.485 
 46 tuvi1240    (0)   :  0.301 0.015 0.057 0.477 0.008 0.142 
 47 huzh1238    (7)   :  0.093 0.011 0.342 0.028 0.029 0.497 
 48 khak1248    (0)   :  0.461 0.011 0.015 0.464 0.009 0.040 
 49 oldu1238    (7)   :  0.457 0.014 0.016 0.461 0.009 0.044 
 50 nucl1643    (0)   :  0.009 0.008 0.013 0.008 0.950 0.012 
 51 orok1265   (14)   :  0.008 0.945 0.015 0.008 0.014 0.011 
 52 midd1372   (14)   :  0.105 0.017 0.366 0.021 0.012 0.480 
 53 mogh1245   (28)   :  0.212 0.094 0.275 0.193 0.038 0.188 
 54 uigh1240    (7)   :  0.523 0.008 0.016 0.429 0.007 0.017 
 55 kara1467   (14)   :  0.510 0.008 0.024 0.430 0.007 0.020 
 56 russ1264   (14)   :  0.450 0.016 0.025 0.442 0.011 0.055 
 57 sout2954    (0)   :  0.009 0.011 0.016 0.008 0.941 0.014 
 58 berj1234    (0)   :  0.011 0.938 0.017 0.010 0.009 0.014 
 59 kham1281    (0)   :  0.317 0.038 0.034 0.498 0.013 0.101 
 60 dolg1241    (0)   :  0.461 0.011 0.014 0.466 0.009 0.038 


Estimated Allele Frequencies in each cluster
First column gives estimated ancestral frequencies


Locus 1 : TE003 
2 alleles
3.3% missing data
   1   (0.415) 0.876 0.065 0.410 0.937 0.024 0.452 
   0   (0.585) 0.124 0.935 0.590 0.063 0.976 0.548 

Locus 2 : TE004 
2 alleles
3.3% missing data
   0   (0.840) 0.973 0.324 0.843 0.988 0.992 0.867 
   1   (0.160) 0.027 0.676 0.157 0.012 0.008 0.133 

Locus 3 : TE005 
2 alleles
18.3% missing data
   0   (0.729) 0.941 0.122 0.730 0.965 0.985 0.775 
   1   (0.271) 0.059 0.878 0.270 0.035 0.015 0.225 

Locus 4 : TE006 
2 alleles
26.7% missing data
   0   (0.554) 0.883 0.961 0.544 0.955 0.102 0.548 
   1   (0.446) 0.117 0.039 0.456 0.045 0.898 0.452 

Locus 5 : TE007 
2 alleles
6.7% missing data
   0   (0.700) 0.935 0.972 0.691 0.970 0.714 0.674 
   1   (0.300) 0.065 0.028 0.309 0.030 0.286 0.326 

Locus 6 : TE008 
2 alleles
1.7% missing data
   1   (0.651) 0.800 0.970 0.642 0.744 0.934 0.571 
   0   (0.349) 0.200 0.030 0.358 0.256 0.066 0.429 

Locus 7 : TE031 
2 alleles
1.7% missing data
   1   (0.725) 0.862 0.976 0.729 0.885 0.038 0.791 
   0   (0.275) 0.138 0.024 0.271 0.115 0.962 0.209 

Locus 8 : TE037 
2 alleles
1.7% missing data
   1   (0.587) 0.739 0.129 0.588 0.665 0.614 0.556 
   0   (0.413) 0.261 0.871 0.412 0.335 0.386 0.444 

Locus 9 : TE038 
2 alleles
1.7% missing data
   1   (0.658) 0.935 0.671 0.658 0.966 0.036 0.689 
   0   (0.342) 0.065 0.329 0.342 0.034 0.964 0.311 

Locus 10 : TE039 
2 alleles
5.0% missing data
   1   (0.541) 0.549 0.926 0.534 0.636 0.966 0.551 
   0   (0.459) 0.451 0.074 0.466 0.364 0.034 0.449 

Locus 11 : TE078 
2 alleles
3.3% missing data
   0   (0.842) 0.955 0.986 0.834 0.983 0.991 0.791 
   1   (0.158) 0.045 0.014 0.166 0.017 0.009 0.209 

Locus 12 : TS079 
2 alleles
10.0% missing data
   0   (0.841) 0.971 0.499 0.844 0.984 0.992 0.885 
   1   (0.159) 0.029 0.501 0.156 0.016 0.008 0.115 

Locus 13 : TS080 
2 alleles
10.0% missing data
   0   (0.740) 0.201 0.775 0.751 0.145 0.987 0.740 
   1   (0.260) 0.799 0.225 0.249 0.855 0.013 0.260 

Locus 14 : TS088 
2 alleles
1.7% missing data
   0   (0.633) 0.806 0.968 0.619 0.793 0.979 0.512 
   1   (0.367) 0.194 0.032 0.381 0.207 0.021 0.488 

Values of parameters used in structure:
DATAFILE=phonology_structure,	OUTFILE=outfile_phonology_structure_K6_run21,	NUMINDS=60,	NUMLOCI=14,	MISSING=-9,	LABEL=1,	POPDATA=0,	POPFLAG=0,	PHENOTYPE=0,	EXTRACOLS=0,	MAXPOPS=6,	BURNIN=10000,	NUMREPS=100000,	USEPOPINFO=0,	INFERALPHA=1,	INFERLAMBDA=0,	POPSPECIFICLAMBDA=0,	POPALPHAS=0,	COMPUTEPROB=1,	NOADMIX=0,	ADMBURNIN=500,	UPDATEFREQ=100,	PRINTLIKES=0,	INTERMEDSAVE=0,	PRINTKLD=0,	PRINTNET=1,	PRINTLAMBDA=1,	ANCESTDIST=0,	NUMBOXES=1000,	ANCESTPINT=0.90000,	GENSBACK=2,	MIGRPRIOR=0.01000,	PRINTQHAT=0,	PRINTQSUM=1,	ALPHA=1.0000,	FREQSCORR=1,	FPRIORMEAN=0.0100,	FPRIORSD=0.0500,	ONEFST=0,	LAMBDA=1.0000,	UNIFPRIORALPHA=1,	ALPHAMAX=10.0000,	ALPHAPRIORA=1.0000,	ALPHAPRIORB=2.0000,	ALPHAPROPSD=0.0250,	STARTATPOPINFO=0,	RANDOMIZE=1,	LINKAGE=0,	METROFREQ=10,	REPORTHITRATE=0,	MARKOVPHASE=0,	PHASED=0,	PLOIDY=1,	PHASEINFO=0	LOCPRIOR=0, 	LOCPRIORINIT=1.000000, 	LOCDATA=0, 	LOCISPOP=0, 	LOCPRIORSTEP=0.100000, 	MAXLOCPRIOR=20.000000, 	SEED=1641259137,	
[STRAT parameters]:    NUMSIMSTATS=1000,	PHENOTYPECOL=-9,	POOLFREQ=10,	LOCUSxONLY=0,	EMERROR=0.00100,	MISSINGPHENO=-9,	