

----------------------------------------------------
STRUCTURE by Pritchard, Stephens and Donnelly (2000)
     and Falush, Stephens and Pritchard (2003)
       Code by Pritchard, Falush and Hubisz
             Version 2.3.4 (Jul 2012)
----------------------------------------------------



Command line arguments:   ./structure -m mainparams -K 7 -i phonology_structure -L 14 -o outfile_phonology_structure_K7_run37 
Input File:    phonology_structure

Run parameters:
   60 individuals
   14 loci
   7 populations assumed
   10000 Burn-in period
   100000 Reps


--------------------------------------------
Overall proportion of membership of the
sample in each of the 7 clusters

Inferred Clusters
  1      2      3      4      5      6      7    
0.152  0.164  0.112  0.195  0.114  0.161  0.101  

--------------------------------------------

Allele-freq. divergence among pops (Net nucleotide distance),
computed using point estimates of P.

      1       2       3       4       5       6       7      
 1      -    0.2161  0.0116  0.0181  0.0111  0.1769  0.0229  
 2   0.2161     -    0.1793  0.3018  0.1738  0.2775  0.1630  
 3   0.0116  0.1793     -    0.0549  0.0003  0.1475  0.0025  
 4   0.0181  0.3018  0.0549     -    0.0545  0.2383  0.0793  
 5   0.0111  0.1738  0.0003  0.0545     -    0.1452  0.0024  
 6   0.1769  0.2775  0.1475  0.2383  0.1452     -    0.1438  
 7   0.0229  0.1630  0.0025  0.0793  0.0024  0.1438     -    

Average distances (expected heterozygosity) between individuals in same cluster:
cluster  1  : 0.3089 
cluster  2  : 0.1100 
cluster  3  : 0.3754 
cluster  4  : 0.1518 
cluster  5  : 0.3749 
cluster  6  : 0.1941 
cluster  7  : 0.3952 

--------------------------------------------
Estimated Ln Prob of Data   = -348.8
Mean value of ln likelihood = -230.1
Variance of ln likelihood   = 237.4
Mean value of alpha         = 0.0390

Mean value of Fst_1         = 0.4096
Mean value of Fst_2         = 0.7167
Mean value of Fst_3         = 0.2190
Mean value of Fst_4         = 0.6874
Mean value of Fst_5         = 0.1941
Mean value of Fst_6         = 0.5801
Mean value of Fst_7         = 0.1211


Inferred ancestry of individuals:
        Label (%Miss) :  Inferred clusters
  1 torg1245   (21)   :  0.222 0.015 0.117 0.411 0.141 0.015 0.078 
  2 oldj1239   (14)   :  0.087 0.053 0.143 0.027 0.144 0.380 0.167 
  3 crim1257    (0)   :  0.341 0.006 0.079 0.475 0.075 0.007 0.018 
  4 bash1264    (7)   :  0.338 0.006 0.079 0.467 0.078 0.008 0.024 
  5 anat1259    (0)   :  0.334 0.023 0.089 0.442 0.078 0.006 0.029 
  6 okin1246    (0)   :  0.009 0.944 0.010 0.008 0.010 0.007 0.012 
  7 yaku1245    (0)   :  0.156 0.013 0.160 0.388 0.153 0.036 0.094 
  8 daur1238    (0)   :  0.161 0.006 0.237 0.224 0.191 0.013 0.168 
  9 east2337   (14)   :  0.162 0.010 0.219 0.029 0.250 0.022 0.308 
 10 ikem1235    (7)   :  0.011 0.923 0.016 0.008 0.016 0.007 0.018 
 11 sibe1251    (0)   :  0.016 0.005 0.014 0.017 0.015 0.919 0.013 
 12 nort2697    (0)   :  0.332 0.023 0.086 0.452 0.071 0.006 0.031 
 13 bona1250    (0)   :  0.142 0.040 0.213 0.024 0.251 0.037 0.293 
 14 ulch1241   (14)   :  0.099 0.010 0.102 0.139 0.109 0.447 0.095 
 15 nort2935   (14)   :  0.018 0.896 0.019 0.010 0.019 0.020 0.019 
 16 gaga1249    (0)   :  0.242 0.052 0.109 0.409 0.115 0.010 0.063 
 17 tara1319    (0)   :  0.010 0.940 0.012 0.007 0.011 0.006 0.014 
 18 moma1245   (21)   :  0.034 0.013 0.037 0.022 0.044 0.815 0.035 
 19 manc1252    (0)   :  0.157 0.021 0.153 0.096 0.167 0.220 0.185 
 20 shor1247    (0)   :  0.233 0.008 0.108 0.450 0.131 0.010 0.059 
 21 kaza1248    (0)   :  0.341 0.006 0.078 0.474 0.074 0.007 0.021 
 22 midd1351   (14)   :  0.260 0.022 0.136 0.316 0.132 0.025 0.110 
 23 chag1247   (71)   :  0.174 0.077 0.192 0.122 0.189 0.033 0.214 
 24 huih1238   (14)   :  0.045 0.021 0.050 0.040 0.056 0.736 0.052 
 25 ordo1245    (0)   :  0.163 0.006 0.219 0.229 0.197 0.011 0.173 
 26 turk1303    (0)   :  0.233 0.008 0.104 0.452 0.133 0.010 0.060 
 27 negi1245    (0)   :  0.013 0.019 0.016 0.008 0.015 0.914 0.015 
 28 nana1257    (0)   :  0.018 0.012 0.023 0.014 0.022 0.889 0.022 
 29 nort2690    (7)   :  0.200 0.053 0.172 0.173 0.192 0.011 0.198 
 30 shur1243    (0)   :  0.009 0.937 0.012 0.008 0.010 0.012 0.011 
 31 minh1238    (0)   :  0.138 0.060 0.229 0.022 0.224 0.008 0.320 
 32 udih1248    (0)   :  0.029 0.016 0.029 0.025 0.028 0.847 0.026 
 33 oira1262   (14)   :  0.185 0.011 0.173 0.291 0.186 0.015 0.139 
 34 hate1238    (7)   :  0.047 0.736 0.049 0.040 0.047 0.029 0.050 
 35 tata1255    (0)   :  0.341 0.006 0.076 0.474 0.072 0.007 0.023 
 36 turk1304    (0)   :  0.225 0.009 0.109 0.467 0.123 0.010 0.058 
 37 oroc1248    (0)   :  0.023 0.015 0.025 0.022 0.028 0.861 0.027 
 38 chuv1255    (0)   :  0.213 0.023 0.191 0.217 0.173 0.012 0.172 
 39 noga1249   (14)   :  0.263 0.021 0.127 0.315 0.135 0.024 0.116 
 40 dong1285    (7)   :  0.153 0.013 0.258 0.027 0.242 0.019 0.288 
 41 halh1238   (14)   :  0.168 0.015 0.226 0.079 0.229 0.019 0.264 
 42 ogam1239    (0)   :  0.040 0.728 0.064 0.012 0.067 0.010 0.079 
 43 cent2126    (7)   :  0.012 0.925 0.014 0.011 0.013 0.010 0.014 
 44 yona1241   (14)   :  0.138 0.028 0.262 0.024 0.245 0.027 0.276 
 45 kore1280    (0)   :  0.151 0.027 0.260 0.030 0.232 0.010 0.290 
 46 tuvi1240    (0)   :  0.157 0.010 0.212 0.286 0.173 0.018 0.145 
 47 huzh1238    (7)   :  0.147 0.032 0.224 0.020 0.258 0.012 0.307 
 48 khak1248    (0)   :  0.225 0.008 0.108 0.461 0.128 0.010 0.060 
 49 oldu1238    (7)   :  0.237 0.008 0.106 0.447 0.134 0.013 0.055 
 50 nucl1643    (0)   :  0.009 0.945 0.010 0.009 0.010 0.007 0.010 
 51 orok1265   (14)   :  0.010 0.013 0.010 0.008 0.011 0.936 0.011 
 52 midd1372   (14)   :  0.148 0.014 0.246 0.016 0.250 0.019 0.308 
 53 mogh1245   (28)   :  0.209 0.039 0.150 0.215 0.162 0.083 0.142 
 54 uigh1240    (7)   :  0.333 0.007 0.081 0.476 0.074 0.007 0.021 
 55 kara1467   (14)   :  0.337 0.007 0.086 0.463 0.072 0.009 0.026 
 56 russ1264   (14)   :  0.228 0.012 0.117 0.427 0.141 0.014 0.061 
 57 sout2954    (0)   :  0.011 0.933 0.011 0.008 0.012 0.012 0.013 
 58 berj1234    (0)   :  0.014 0.009 0.015 0.010 0.016 0.919 0.017 
 59 kham1281    (0)   :  0.157 0.013 0.155 0.392 0.153 0.037 0.094 
 60 dolg1241    (0)   :  0.224 0.009 0.108 0.459 0.131 0.009 0.060 


Estimated Allele Frequencies in each cluster
First column gives estimated ancestral frequencies


Locus 1 : TE003 
2 alleles
3.3% missing data
   1   (0.478) 0.730 0.024 0.596 0.949 0.584 0.065 0.510 
   0   (0.522) 0.270 0.976 0.404 0.051 0.416 0.935 0.490 

Locus 2 : TE004 
2 alleles
3.3% missing data
   0   (0.839) 0.925 0.993 0.887 0.984 0.880 0.318 0.863 
   1   (0.161) 0.075 0.007 0.113 0.016 0.120 0.682 0.137 

Locus 3 : TE005 
2 alleles
18.3% missing data
   0   (0.768) 0.886 0.989 0.825 0.973 0.821 0.116 0.795 
   1   (0.232) 0.114 0.011 0.175 0.027 0.179 0.884 0.205 

Locus 4 : TE006 
2 alleles
26.7% missing data
   0   (0.612) 0.798 0.094 0.683 0.954 0.665 0.967 0.610 
   1   (0.388) 0.202 0.906 0.317 0.046 0.335 0.033 0.390 

Locus 5 : TE007 
2 alleles
6.7% missing data
   0   (0.711) 0.852 0.712 0.769 0.974 0.760 0.972 0.707 
   1   (0.289) 0.148 0.288 0.231 0.026 0.240 0.028 0.293 

Locus 6 : TE008 
2 alleles
1.7% missing data
   1   (0.614) 0.743 0.937 0.611 0.861 0.646 0.967 0.585 
   0   (0.386) 0.257 0.063 0.389 0.139 0.354 0.033 0.415 

Locus 7 : TE031 
2 alleles
1.7% missing data
   1   (0.775) 0.826 0.036 0.820 0.882 0.825 0.981 0.806 
   0   (0.225) 0.174 0.964 0.180 0.118 0.175 0.019 0.194 

Locus 8 : TE037 
2 alleles
1.7% missing data
   1   (0.520) 0.690 0.616 0.532 0.787 0.567 0.114 0.530 
   0   (0.480) 0.310 0.384 0.468 0.213 0.433 0.886 0.470 

Locus 9 : TE038 
2 alleles
1.7% missing data
   1   (0.714) 0.859 0.034 0.781 0.974 0.783 0.661 0.746 
   0   (0.286) 0.141 0.966 0.219 0.026 0.217 0.339 0.254 

Locus 10 : TE039 
2 alleles
5.0% missing data
   1   (0.576) 0.491 0.972 0.602 0.556 0.604 0.930 0.591 
   0   (0.424) 0.509 0.028 0.398 0.444 0.396 0.070 0.409 

Locus 11 : TE078 
2 alleles
3.3% missing data
   0   (0.829) 0.901 0.992 0.848 0.982 0.857 0.985 0.825 
   1   (0.171) 0.099 0.008 0.152 0.018 0.143 0.015 0.175 

Locus 12 : TS079 
2 alleles
10.0% missing data
   0   (0.865) 0.937 0.994 0.908 0.988 0.904 0.496 0.889 
   1   (0.135) 0.063 0.006 0.092 0.012 0.096 0.504 0.111 

Locus 13 : TS080 
2 alleles
10.0% missing data
   0   (0.702) 0.402 0.987 0.571 0.125 0.588 0.770 0.679 
   1   (0.298) 0.598 0.013 0.429 0.875 0.412 0.230 0.321 

Locus 14 : TS088 
2 alleles
1.7% missing data
   0   (0.549) 0.726 0.978 0.565 0.886 0.580 0.961 0.514 
   1   (0.451) 0.274 0.022 0.435 0.114 0.420 0.039 0.486 

Values of parameters used in structure:
DATAFILE=phonology_structure,	OUTFILE=outfile_phonology_structure_K7_run37,	NUMINDS=60,	NUMLOCI=14,	MISSING=-9,	LABEL=1,	POPDATA=0,	POPFLAG=0,	PHENOTYPE=0,	EXTRACOLS=0,	MAXPOPS=7,	BURNIN=10000,	NUMREPS=100000,	USEPOPINFO=0,	INFERALPHA=1,	INFERLAMBDA=0,	POPSPECIFICLAMBDA=0,	POPALPHAS=0,	COMPUTEPROB=1,	NOADMIX=0,	ADMBURNIN=500,	UPDATEFREQ=100,	PRINTLIKES=0,	INTERMEDSAVE=0,	PRINTKLD=0,	PRINTNET=1,	PRINTLAMBDA=1,	ANCESTDIST=0,	NUMBOXES=1000,	ANCESTPINT=0.90000,	GENSBACK=2,	MIGRPRIOR=0.01000,	PRINTQHAT=0,	PRINTQSUM=1,	ALPHA=1.0000,	FREQSCORR=1,	FPRIORMEAN=0.0100,	FPRIORSD=0.0500,	ONEFST=0,	LAMBDA=1.0000,	UNIFPRIORALPHA=1,	ALPHAMAX=10.0000,	ALPHAPRIORA=1.0000,	ALPHAPRIORB=2.0000,	ALPHAPROPSD=0.0250,	STARTATPOPINFO=0,	RANDOMIZE=1,	LINKAGE=0,	METROFREQ=10,	REPORTHITRATE=0,	MARKOVPHASE=0,	PHASED=0,	PLOIDY=1,	PHASEINFO=0	LOCPRIOR=0, 	LOCPRIORINIT=1.000000, 	LOCDATA=0, 	LOCISPOP=0, 	LOCPRIORSTEP=0.100000, 	MAXLOCPRIOR=20.000000, 	SEED=1641285578,	
[STRAT parameters]:    NUMSIMSTATS=1000,	PHENOTYPECOL=-9,	POOLFREQ=10,	LOCUSxONLY=0,	EMERROR=0.00100,	MISSINGPHENO=-9,	