

----------------------------------------------------
STRUCTURE by Pritchard, Stephens and Donnelly (2000)
     and Falush, Stephens and Pritchard (2003)
       Code by Pritchard, Falush and Hubisz
             Version 2.3.4 (Jul 2012)
----------------------------------------------------



Command line arguments:   ./structure -m mainparams -K 6 -i phonology_structure -L 14 -o outfile_phonology_structure_K6_run29 
Input File:    phonology_structure

Run parameters:
   60 individuals
   14 loci
   6 populations assumed
   10000 Burn-in period
   100000 Reps


--------------------------------------------
Overall proportion of membership of the
sample in each of the 6 clusters

Inferred Clusters
  1      2      3      4      5      6    
0.169  0.198  0.137  0.168  0.212  0.117  

--------------------------------------------

Allele-freq. divergence among pops (Net nucleotide distance),
computed using point estimates of P.

      1       2       3       4       5       6      
 1      -    0.2145  0.1442  0.2739  0.2202  0.1453  
 2   0.2145     -    0.0533  0.2862  0.0094  0.0826  
 3   0.1442  0.0533     -    0.1681  0.0504  0.0034  
 4   0.2739  0.2862  0.1681     -    0.2703  0.1607  
 5   0.2202  0.0094  0.0504  0.2703     -    0.0764  
 6   0.1453  0.0826  0.0034  0.1607  0.0764     -    

Average distances (expected heterozygosity) between individuals in same cluster:
cluster  1  : 0.1963 
cluster  2  : 0.1865 
cluster  3  : 0.3895 
cluster  4  : 0.1120 
cluster  5  : 0.2148 
cluster  6  : 0.4086 

--------------------------------------------
Estimated Ln Prob of Data   = -309.8
Mean value of ln likelihood = -224.6
Variance of ln likelihood   = 170.3
Mean value of alpha         = 0.0396

Mean value of Fst_1         = 0.5739
Mean value of Fst_2         = 0.6382
Mean value of Fst_3         = 0.2121
Mean value of Fst_4         = 0.7133
Mean value of Fst_5         = 0.5829
Mean value of Fst_6         = 0.0835


Inferred ancestry of individuals:
        Label (%Miss) :  Inferred clusters
  1 torg1245   (21)   :  0.016 0.459 0.150 0.016 0.326 0.032 
  2 oldj1239   (14)   :  0.457 0.033 0.183 0.057 0.066 0.204 
  3 crim1257    (0)   :  0.008 0.309 0.042 0.006 0.625 0.011 
  4 bash1264    (7)   :  0.007 0.318 0.045 0.006 0.610 0.013 
  5 anat1259    (0)   :  0.006 0.303 0.048 0.022 0.601 0.020 
  6 okin1246    (0)   :  0.008 0.008 0.010 0.953 0.009 0.011 
  7 yaku1245    (0)   :  0.034 0.512 0.190 0.012 0.198 0.055 
  8 daur1238    (0)   :  0.010 0.399 0.224 0.006 0.160 0.201 
  9 east2337   (14)   :  0.022 0.068 0.346 0.010 0.097 0.456 
 10 ikem1235    (7)   :  0.008 0.008 0.015 0.944 0.010 0.016 
 11 sibe1251    (0)   :  0.930 0.021 0.014 0.006 0.016 0.014 
 12 nort2697    (0)   :  0.007 0.304 0.046 0.022 0.601 0.020 
 13 bona1250    (0)   :  0.041 0.044 0.369 0.038 0.090 0.418 
 14 ulch1241   (14)   :  0.477 0.190 0.123 0.010 0.108 0.091 
 15 nort2935   (14)   :  0.019 0.010 0.019 0.917 0.011 0.024 
 16 gaga1249    (0)   :  0.010 0.373 0.106 0.053 0.424 0.034 
 17 tara1319    (0)   :  0.006 0.008 0.013 0.951 0.008 0.014 
 18 moma1245   (21)   :  0.868 0.025 0.037 0.012 0.021 0.036 
 19 manc1252    (0)   :  0.276 0.101 0.187 0.022 0.196 0.218 
 20 shor1247    (0)   :  0.011 0.481 0.154 0.009 0.331 0.014 
 21 kaza1248    (0)   :  0.007 0.309 0.044 0.006 0.621 0.012 
 22 midd1351   (14)   :  0.028 0.251 0.104 0.023 0.496 0.097 
 23 chag1247   (71)   :  0.038 0.160 0.246 0.084 0.194 0.278 
 24 huih1238   (14)   :  0.777 0.050 0.056 0.022 0.044 0.051 
 25 ordo1245    (0)   :  0.011 0.399 0.224 0.006 0.161 0.199 
 26 turk1303    (0)   :  0.010 0.484 0.152 0.008 0.331 0.015 
 27 negi1245    (0)   :  0.934 0.008 0.015 0.019 0.009 0.015 
 28 nana1257    (0)   :  0.920 0.015 0.021 0.011 0.013 0.021 
 29 nort2690    (7)   :  0.013 0.159 0.201 0.070 0.319 0.238 
 30 shur1243    (0)   :  0.012 0.009 0.012 0.948 0.007 0.011 
 31 minh1238    (0)   :  0.007 0.051 0.363 0.060 0.097 0.423 
 32 udih1248    (0)   :  0.868 0.029 0.031 0.016 0.021 0.034 
 33 oira1262   (14)   :  0.013 0.439 0.204 0.011 0.208 0.125 
 34 hate1238    (7)   :  0.032 0.040 0.049 0.777 0.052 0.051 
 35 tata1255    (0)   :  0.007 0.309 0.045 0.006 0.622 0.011 
 36 turk1304    (0)   :  0.010 0.489 0.154 0.009 0.322 0.016 
 37 oroc1248    (0)   :  0.891 0.021 0.025 0.016 0.023 0.024 
 38 chuv1255    (0)   :  0.013 0.271 0.183 0.025 0.273 0.234 
 39 noga1249   (14)   :  0.027 0.241 0.109 0.024 0.486 0.113 
 40 dong1285    (7)   :  0.020 0.050 0.405 0.013 0.097 0.416 
 41 halh1238   (14)   :  0.022 0.154 0.311 0.017 0.132 0.364 
 42 ogam1239    (0)   :  0.009 0.017 0.079 0.774 0.024 0.096 
 43 cent2126    (7)   :  0.009 0.011 0.012 0.944 0.010 0.014 
 44 yona1241   (14)   :  0.032 0.045 0.391 0.027 0.087 0.418 
 45 kore1280    (0)   :  0.010 0.055 0.373 0.025 0.099 0.438 
 46 tuvi1240    (0)   :  0.016 0.461 0.206 0.009 0.164 0.143 
 47 huzh1238    (7)   :  0.010 0.052 0.378 0.033 0.085 0.440 
 48 khak1248    (0)   :  0.011 0.485 0.148 0.009 0.333 0.015 
 49 oldu1238    (7)   :  0.012 0.484 0.152 0.008 0.328 0.016 
 50 nucl1643    (0)   :  0.008 0.009 0.009 0.954 0.009 0.010 
 51 orok1265   (14)   :  0.947 0.008 0.011 0.013 0.008 0.013 
 52 midd1372   (14)   :  0.017 0.039 0.398 0.014 0.085 0.447 
 53 mogh1245   (28)   :  0.116 0.183 0.155 0.045 0.333 0.168 
 54 uigh1240    (7)   :  0.008 0.311 0.047 0.007 0.613 0.015 
 55 kara1467   (14)   :  0.008 0.307 0.047 0.007 0.615 0.016 
 56 russ1264   (14)   :  0.016 0.473 0.154 0.012 0.322 0.023 
 57 sout2954    (0)   :  0.013 0.008 0.012 0.946 0.007 0.013 
 58 berj1234    (0)   :  0.944 0.010 0.012 0.009 0.011 0.013 
 59 kham1281    (0)   :  0.034 0.520 0.189 0.013 0.193 0.052 
 60 dolg1241    (0)   :  0.010 0.483 0.153 0.009 0.331 0.014 


Estimated Allele Frequencies in each cluster
First column gives estimated ancestral frequencies


Locus 1 : TE003 
2 alleles
3.3% missing data
   1   (0.454) 0.063 0.921 0.545 0.023 0.869 0.465 
   0   (0.546) 0.937 0.079 0.455 0.977 0.131 0.535 

Locus 2 : TE004 
2 alleles
3.3% missing data
   0   (0.824) 0.329 0.976 0.874 0.992 0.957 0.846 
   1   (0.176) 0.671 0.024 0.126 0.008 0.043 0.154 

Locus 3 : TE005 
2 alleles
18.3% missing data
   0   (0.756) 0.119 0.957 0.815 0.988 0.942 0.775 
   1   (0.244) 0.881 0.043 0.185 0.012 0.058 0.225 

Locus 4 : TE006 
2 alleles
26.7% missing data
   0   (0.603) 0.967 0.937 0.638 0.099 0.897 0.581 
   1   (0.397) 0.033 0.063 0.362 0.901 0.103 0.419 

Locus 5 : TE007 
2 alleles
6.7% missing data
   0   (0.688) 0.971 0.956 0.726 0.709 0.926 0.673 
   1   (0.312) 0.029 0.044 0.274 0.291 0.074 0.327 

Locus 6 : TE008 
2 alleles
1.7% missing data
   1   (0.585) 0.966 0.778 0.601 0.929 0.841 0.524 
   0   (0.415) 0.034 0.222 0.399 0.071 0.159 0.476 

Locus 7 : TE031 
2 alleles
1.7% missing data
   1   (0.752) 0.980 0.894 0.820 0.035 0.831 0.785 
   0   (0.248) 0.020 0.106 0.180 0.965 0.169 0.215 

Locus 8 : TE037 
2 alleles
1.7% missing data
   1   (0.518) 0.121 0.685 0.543 0.612 0.803 0.501 
   0   (0.482) 0.879 0.315 0.457 0.388 0.197 0.499 

Locus 9 : TE038 
2 alleles
1.7% missing data
   1   (0.688) 0.664 0.961 0.747 0.033 0.936 0.707 
   0   (0.312) 0.336 0.039 0.253 0.967 0.064 0.293 

Locus 10 : TE039 
2 alleles
5.0% missing data
   1   (0.592) 0.920 0.694 0.627 0.972 0.394 0.590 
   0   (0.408) 0.080 0.306 0.373 0.028 0.606 0.410 

Locus 11 : TE078 
2 alleles
3.3% missing data
   0   (0.802) 0.984 0.971 0.809 0.991 0.951 0.785 
   1   (0.198) 0.016 0.029 0.191 0.009 0.049 0.215 

Locus 12 : TS079 
2 alleles
10.0% missing data
   0   (0.851) 0.509 0.980 0.902 0.994 0.966 0.873 
   1   (0.149) 0.491 0.020 0.098 0.006 0.034 0.127 

Locus 13 : TS080 
2 alleles
10.0% missing data
   0   (0.712) 0.780 0.150 0.612 0.987 0.256 0.724 
   1   (0.288) 0.220 0.850 0.388 0.013 0.744 0.276 

Locus 14 : TS088 
2 alleles
1.7% missing data
   0   (0.515) 0.960 0.802 0.522 0.977 0.843 0.440 
   1   (0.485) 0.040 0.198 0.478 0.023 0.157 0.560 

Values of parameters used in structure:
DATAFILE=phonology_structure,	OUTFILE=outfile_phonology_structure_K6_run29,	NUMINDS=60,	NUMLOCI=14,	MISSING=-9,	LABEL=1,	POPDATA=0,	POPFLAG=0,	PHENOTYPE=0,	EXTRACOLS=0,	MAXPOPS=6,	BURNIN=10000,	NUMREPS=100000,	USEPOPINFO=0,	INFERALPHA=1,	INFERLAMBDA=0,	POPSPECIFICLAMBDA=0,	POPALPHAS=0,	COMPUTEPROB=1,	NOADMIX=0,	ADMBURNIN=500,	UPDATEFREQ=100,	PRINTLIKES=0,	INTERMEDSAVE=0,	PRINTKLD=0,	PRINTNET=1,	PRINTLAMBDA=1,	ANCESTDIST=0,	NUMBOXES=1000,	ANCESTPINT=0.90000,	GENSBACK=2,	MIGRPRIOR=0.01000,	PRINTQHAT=0,	PRINTQSUM=1,	ALPHA=1.0000,	FREQSCORR=1,	FPRIORMEAN=0.0100,	FPRIORSD=0.0500,	ONEFST=0,	LAMBDA=1.0000,	UNIFPRIORALPHA=1,	ALPHAMAX=10.0000,	ALPHAPRIORA=1.0000,	ALPHAPRIORB=2.0000,	ALPHAPROPSD=0.0250,	STARTATPOPINFO=0,	RANDOMIZE=1,	LINKAGE=0,	METROFREQ=10,	REPORTHITRATE=0,	MARKOVPHASE=0,	PHASED=0,	PLOIDY=1,	PHASEINFO=0	LOCPRIOR=0, 	LOCPRIORINIT=1.000000, 	LOCDATA=0, 	LOCISPOP=0, 	LOCPRIORSTEP=0.100000, 	MAXLOCPRIOR=20.000000, 	SEED=1641275563,	
[STRAT parameters]:    NUMSIMSTATS=1000,	PHENOTYPECOL=-9,	POOLFREQ=10,	LOCUSxONLY=0,	EMERROR=0.00100,	MISSINGPHENO=-9,	