

----------------------------------------------------
STRUCTURE by Pritchard, Stephens and Donnelly (2000)
     and Falush, Stephens and Pritchard (2003)
       Code by Pritchard, Falush and Hubisz
             Version 2.3.4 (Jul 2012)
----------------------------------------------------



Command line arguments:   ./structure -m mainparams -K 6 -i phonology_structure -L 14 -o outfile_phonology_structure_K6_run19 
Input File:    phonology_structure

Run parameters:
   60 individuals
   14 loci
   6 populations assumed
   10000 Burn-in period
   100000 Reps


--------------------------------------------
Overall proportion of membership of the
sample in each of the 6 clusters

Inferred Clusters
  1      2      3      4      5      6    
0.160  0.167  0.170  0.141  0.127  0.235  

--------------------------------------------

Allele-freq. divergence among pops (Net nucleotide distance),
computed using point estimates of P.

      1       2       3       4       5       6      
 1      -    0.1607  0.2147  0.0068  0.0095  0.0186  
 2   0.1607     -    0.2730  0.1420  0.1332  0.2217  
 3   0.2147  0.2730     -    0.1810  0.1711  0.2713  
 4   0.0068  0.1420  0.1810     -    0.0004  0.0426  
 5   0.0095  0.1332  0.1711  0.0004     -    0.0498  
 6   0.0186  0.2217  0.2713  0.0426  0.0498     -    

Average distances (expected heterozygosity) between individuals in same cluster:
cluster  1  : 0.3188 
cluster  2  : 0.1975 
cluster  3  : 0.1145 
cluster  4  : 0.3749 
cluster  5  : 0.3861 
cluster  6  : 0.1999 

--------------------------------------------
Estimated Ln Prob of Data   = -345.4
Mean value of ln likelihood = -233.6
Variance of ln likelihood   = 223.5
Mean value of alpha         = 0.0401

Mean value of Fst_1         = 0.3632
Mean value of Fst_2         = 0.5646
Mean value of Fst_3         = 0.7085
Mean value of Fst_4         = 0.1812
Mean value of Fst_5         = 0.1277
Mean value of Fst_6         = 0.5953


Inferred ancestry of individuals:
        Label (%Miss) :  Inferred clusters
  1 torg1245   (21)   :  0.254 0.017 0.016 0.140 0.119 0.454 
  2 oldj1239   (14)   :  0.098 0.440 0.062 0.155 0.174 0.071 
  3 crim1257    (0)   :  0.183 0.008 0.006 0.103 0.046 0.654 
  4 bash1264    (7)   :  0.196 0.007 0.006 0.100 0.042 0.648 
  5 anat1259    (0)   :  0.193 0.006 0.024 0.112 0.058 0.608 
  6 okin1246    (0)   :  0.009 0.008 0.955 0.010 0.010 0.009 
  7 yaku1245    (0)   :  0.305 0.042 0.014 0.165 0.164 0.310 
  8 daur1238    (0)   :  0.321 0.012 0.007 0.261 0.260 0.139 
  9 east2337   (14)   :  0.191 0.023 0.010 0.341 0.353 0.082 
 10 ikem1235    (7)   :  0.011 0.008 0.940 0.015 0.015 0.010 
 11 sibe1251    (0)   :  0.016 0.933 0.005 0.013 0.016 0.017 
 12 nort2697    (0)   :  0.189 0.006 0.022 0.114 0.059 0.609 
 13 bona1250    (0)   :  0.189 0.037 0.044 0.323 0.316 0.090 
 14 ulch1241   (14)   :  0.148 0.469 0.011 0.121 0.140 0.111 
 15 nort2935   (14)   :  0.015 0.018 0.920 0.018 0.017 0.012 
 16 gaga1249    (0)   :  0.218 0.010 0.049 0.132 0.093 0.497 
 17 tara1319    (0)   :  0.010 0.006 0.951 0.011 0.013 0.008 
 18 moma1245   (21)   :  0.036 0.839 0.014 0.041 0.049 0.020 
 19 manc1252    (0)   :  0.146 0.242 0.021 0.224 0.205 0.162 
 20 shor1247    (0)   :  0.262 0.011 0.009 0.131 0.117 0.471 
 21 kaza1248    (0)   :  0.189 0.008 0.006 0.099 0.039 0.659 
 22 midd1351   (14)   :  0.207 0.028 0.024 0.168 0.117 0.456 
 23 chag1247   (71)   :  0.216 0.037 0.083 0.245 0.240 0.179 
 24 huih1238   (14)   :  0.052 0.764 0.022 0.054 0.061 0.046 
 25 ordo1245    (0)   :  0.336 0.013 0.007 0.261 0.248 0.135 
 26 turk1303    (0)   :  0.257 0.010 0.009 0.135 0.107 0.481 
 27 negi1245    (0)   :  0.011 0.932 0.019 0.014 0.015 0.009 
 28 nana1257    (0)   :  0.017 0.912 0.012 0.022 0.023 0.014 
 29 nort2690    (7)   :  0.209 0.012 0.071 0.234 0.204 0.270 
 30 shur1243    (0)   :  0.010 0.012 0.947 0.011 0.012 0.008 
 31 minh1238    (0)   :  0.188 0.008 0.078 0.323 0.306 0.097 
 32 udih1248    (0)   :  0.026 0.872 0.016 0.029 0.037 0.021 
 33 oira1262   (14)   :  0.312 0.015 0.011 0.214 0.201 0.248 
 34 hate1238    (7)   :  0.043 0.031 0.773 0.049 0.050 0.053 
 35 tata1255    (0)   :  0.189 0.007 0.007 0.102 0.038 0.657 
 36 turk1304    (0)   :  0.271 0.010 0.010 0.132 0.105 0.473 
 37 oroc1248    (0)   :  0.022 0.887 0.015 0.026 0.027 0.023 
 38 chuv1255    (0)   :  0.246 0.013 0.025 0.238 0.246 0.233 
 39 noga1249   (14)   :  0.216 0.026 0.023 0.166 0.128 0.440 
 40 dong1285    (7)   :  0.216 0.019 0.014 0.321 0.317 0.113 
 41 halh1238   (14)   :  0.232 0.018 0.014 0.315 0.310 0.111 
 42 ogam1239    (0)   :  0.041 0.009 0.802 0.060 0.064 0.023 
 43 cent2126    (7)   :  0.012 0.011 0.939 0.013 0.013 0.013 
 44 yona1241   (14)   :  0.204 0.034 0.031 0.318 0.318 0.095 
 45 kore1280    (0)   :  0.234 0.009 0.031 0.317 0.308 0.100 
 46 tuvi1240    (0)   :  0.336 0.021 0.010 0.218 0.242 0.173 
 47 huzh1238    (7)   :  0.192 0.011 0.039 0.334 0.325 0.099 
 48 khak1248    (0)   :  0.257 0.011 0.009 0.129 0.115 0.480 
 49 oldu1238    (7)   :  0.251 0.015 0.009 0.137 0.107 0.481 
 50 nucl1643    (0)   :  0.008 0.008 0.955 0.009 0.010 0.009 
 51 orok1265   (14)   :  0.011 0.942 0.014 0.012 0.013 0.008 
 52 midd1372   (14)   :  0.199 0.019 0.014 0.338 0.333 0.097 
 53 mogh1245   (28)   :  0.186 0.098 0.043 0.195 0.176 0.302 
 54 uigh1240    (7)   :  0.195 0.008 0.007 0.106 0.043 0.641 
 55 kara1467   (14)   :  0.193 0.009 0.007 0.103 0.044 0.644 
 56 russ1264   (14)   :  0.252 0.015 0.012 0.142 0.118 0.461 
 57 sout2954    (0)   :  0.010 0.013 0.948 0.010 0.011 0.008 
 58 berj1234    (0)   :  0.012 0.938 0.009 0.013 0.016 0.010 
 59 kham1281    (0)   :  0.324 0.045 0.014 0.166 0.164 0.287 
 60 dolg1241    (0)   :  0.254 0.011 0.009 0.134 0.107 0.486 


Estimated Allele Frequencies in each cluster
First column gives estimated ancestral frequencies


Locus 1 : TE003 
2 alleles
3.3% missing data
   1   (0.466) 0.717 0.067 0.024 0.573 0.542 0.875 
   0   (0.534) 0.283 0.933 0.976 0.427 0.458 0.125 

Locus 2 : TE004 
2 alleles
3.3% missing data
   0   (0.846) 0.926 0.335 0.993 0.889 0.873 0.965 
   1   (0.154) 0.074 0.665 0.007 0.111 0.127 0.035 

Locus 3 : TE005 
2 alleles
18.3% missing data
   0   (0.743) 0.860 0.120 0.988 0.798 0.776 0.952 
   1   (0.257) 0.140 0.880 0.012 0.202 0.224 0.048 

Locus 4 : TE006 
2 alleles
26.7% missing data
   0   (0.690) 0.823 0.973 0.105 0.742 0.719 0.901 
   1   (0.310) 0.177 0.027 0.895 0.258 0.281 0.099 

Locus 5 : TE007 
2 alleles
6.7% missing data
   0   (0.706) 0.837 0.972 0.705 0.745 0.748 0.932 
   1   (0.294) 0.163 0.028 0.295 0.255 0.252 0.068 

Locus 6 : TE008 
2 alleles
1.7% missing data
   1   (0.578) 0.675 0.963 0.924 0.604 0.597 0.870 
   0   (0.422) 0.325 0.037 0.076 0.396 0.403 0.130 

Locus 7 : TE031 
2 alleles
1.7% missing data
   1   (0.783) 0.850 0.982 0.037 0.824 0.806 0.849 
   0   (0.217) 0.150 0.018 0.963 0.176 0.194 0.151 

Locus 8 : TE037 
2 alleles
1.7% missing data
   1   (0.545) 0.616 0.123 0.606 0.586 0.550 0.834 
   0   (0.455) 0.384 0.877 0.394 0.414 0.450 0.166 

Locus 9 : TE038 
2 alleles
1.7% missing data
   1   (0.714) 0.863 0.664 0.035 0.781 0.753 0.933 
   0   (0.286) 0.137 0.336 0.965 0.219 0.247 0.067 

Locus 10 : TE039 
2 alleles
5.0% missing data
   1   (0.597) 0.627 0.924 0.971 0.601 0.628 0.441 
   0   (0.403) 0.373 0.076 0.029 0.399 0.372 0.559 

Locus 11 : TE078 
2 alleles
3.3% missing data
   0   (0.828) 0.893 0.985 0.992 0.847 0.839 0.953 
   1   (0.172) 0.107 0.015 0.008 0.153 0.161 0.047 

Locus 12 : TS079 
2 alleles
10.0% missing data
   0   (0.871) 0.943 0.507 0.994 0.910 0.896 0.975 
   1   (0.129) 0.057 0.493 0.006 0.090 0.104 0.025 

Locus 13 : TS080 
2 alleles
10.0% missing data
   0   (0.702) 0.418 0.766 0.987 0.588 0.607 0.230 
   1   (0.298) 0.582 0.234 0.013 0.412 0.393 0.770 

Locus 14 : TS088 
2 alleles
1.7% missing data
   0   (0.529) 0.644 0.959 0.976 0.556 0.553 0.858 
   1   (0.471) 0.356 0.041 0.024 0.444 0.447 0.142 

Values of parameters used in structure:
DATAFILE=phonology_structure,	OUTFILE=outfile_phonology_structure_K6_run19,	NUMINDS=60,	NUMLOCI=14,	MISSING=-9,	LABEL=1,	POPDATA=0,	POPFLAG=0,	PHENOTYPE=0,	EXTRACOLS=0,	MAXPOPS=6,	BURNIN=10000,	NUMREPS=100000,	USEPOPINFO=0,	INFERALPHA=1,	INFERLAMBDA=0,	POPSPECIFICLAMBDA=0,	POPALPHAS=0,	COMPUTEPROB=1,	NOADMIX=0,	ADMBURNIN=500,	UPDATEFREQ=100,	PRINTLIKES=0,	INTERMEDSAVE=0,	PRINTKLD=0,	PRINTNET=1,	PRINTLAMBDA=1,	ANCESTDIST=0,	NUMBOXES=1000,	ANCESTPINT=0.90000,	GENSBACK=2,	MIGRPRIOR=0.01000,	PRINTQHAT=0,	PRINTQSUM=1,	ALPHA=1.0000,	FREQSCORR=1,	FPRIORMEAN=0.0100,	FPRIORSD=0.0500,	ONEFST=0,	LAMBDA=1.0000,	UNIFPRIORALPHA=1,	ALPHAMAX=10.0000,	ALPHAPRIORA=1.0000,	ALPHAPRIORB=2.0000,	ALPHAPROPSD=0.0250,	STARTATPOPINFO=0,	RANDOMIZE=1,	LINKAGE=0,	METROFREQ=10,	REPORTHITRATE=0,	MARKOVPHASE=0,	PHASED=0,	PLOIDY=1,	PHASEINFO=0	LOCPRIOR=0, 	LOCPRIORINIT=1.000000, 	LOCDATA=0, 	LOCISPOP=0, 	LOCPRIORSTEP=0.100000, 	MAXLOCPRIOR=20.000000, 	SEED=1641246565,	
[STRAT parameters]:    NUMSIMSTATS=1000,	PHENOTYPECOL=-9,	POOLFREQ=10,	LOCUSxONLY=0,	EMERROR=0.00100,	MISSINGPHENO=-9,	