

----------------------------------------------------
STRUCTURE by Pritchard, Stephens and Donnelly (2000)
     and Falush, Stephens and Pritchard (2003)
       Code by Pritchard, Falush and Hubisz
             Version 2.3.4 (Jul 2012)
----------------------------------------------------



Command line arguments:   ./structure -m mainparams -K 7 -i phonology_structure -L 14 -o outfile_phonology_structure_K7_run44 
Input File:    phonology_structure

Run parameters:
   60 individuals
   14 loci
   7 populations assumed
   10000 Burn-in period
   100000 Reps


--------------------------------------------
Overall proportion of membership of the
sample in each of the 7 clusters

Inferred Clusters
  1      2      3      4      5      6      7    
0.113  0.161  0.133  0.112  0.191  0.127  0.163  

--------------------------------------------

Allele-freq. divergence among pops (Net nucleotide distance),
computed using point estimates of P.

      1       2       3       4       5       6       7      
 1      -    0.0455  0.0151  0.0098  0.0564  0.0109  0.1602  
 2   0.0455     -    0.0930  0.0896  0.1326  0.0903  0.2413  
 3   0.0151  0.0930     -    0.0021  0.0181  0.0015  0.1892  
 4   0.0098  0.0896  0.0021     -    0.0320  0.0015  0.1746  
 5   0.0564  0.1326  0.0181  0.0320     -    0.0254  0.2514  
 6   0.0109  0.0903  0.0015  0.0015  0.0254     -    0.1729  
 7   0.1602  0.2413  0.1892  0.1746  0.2514  0.1729     -    

Average distances (expected heterozygosity) between individuals in same cluster:
cluster  1  : 0.3904 
cluster  2  : 0.2648 
cluster  3  : 0.3559 
cluster  4  : 0.3716 
cluster  5  : 0.2394 
cluster  6  : 0.3682 
cluster  7  : 0.1101 

--------------------------------------------
Estimated Ln Prob of Data   = -350.1
Mean value of ln likelihood = -235.8
Variance of ln likelihood   = 228.5
Mean value of alpha         = 0.0393

Mean value of Fst_1         = 0.2018
Mean value of Fst_2         = 0.5747
Mean value of Fst_3         = 0.2560
Mean value of Fst_4         = 0.2099
Mean value of Fst_5         = 0.5441
Mean value of Fst_6         = 0.2018
Mean value of Fst_7         = 0.7118


Inferred ancestry of individuals:
        Label (%Miss) :  Inferred clusters
  1 torg1245   (21)   :  0.080 0.107 0.184 0.116 0.359 0.139 0.015 
  2 oldj1239   (14)   :  0.205 0.291 0.123 0.123 0.061 0.144 0.053 
  3 crim1257    (0)   :  0.024 0.050 0.175 0.064 0.479 0.202 0.006 
  4 bash1264    (7)   :  0.025 0.053 0.175 0.059 0.483 0.199 0.006 
  5 anat1259    (0)   :  0.023 0.050 0.180 0.074 0.462 0.188 0.024 
  6 okin1246    (0)   :  0.011 0.008 0.010 0.010 0.011 0.010 0.940 
  7 yaku1245    (0)   :  0.098 0.133 0.187 0.194 0.266 0.110 0.014 
  8 daur1238    (0)   :  0.135 0.073 0.226 0.255 0.157 0.147 0.006 
  9 east2337   (14)   :  0.202 0.031 0.206 0.226 0.105 0.222 0.009 
 10 ikem1235    (7)   :  0.016 0.008 0.013 0.014 0.013 0.016 0.921 
 11 sibe1251    (0)   :  0.204 0.725 0.018 0.015 0.018 0.015 0.005 
 12 nort2697    (0)   :  0.022 0.047 0.174 0.074 0.467 0.191 0.025 
 13 bona1250    (0)   :  0.210 0.045 0.172 0.222 0.095 0.222 0.034 
 14 ulch1241   (14)   :  0.173 0.384 0.115 0.117 0.107 0.094 0.010 
 15 nort2935   (14)   :  0.021 0.016 0.018 0.018 0.014 0.021 0.892 
 16 gaga1249    (0)   :  0.056 0.074 0.187 0.108 0.370 0.153 0.051 
 17 tara1319    (0)   :  0.013 0.007 0.012 0.014 0.010 0.014 0.929 
 18 moma1245   (21)   :  0.203 0.652 0.035 0.037 0.025 0.034 0.013 
 19 manc1252    (0)   :  0.197 0.158 0.154 0.153 0.132 0.186 0.019 
 20 shor1247    (0)   :  0.069 0.108 0.171 0.108 0.399 0.136 0.009 
 21 kaza1248    (0)   :  0.019 0.052 0.169 0.060 0.490 0.203 0.006 
 22 midd1351   (14)   :  0.097 0.050 0.181 0.122 0.323 0.202 0.024 
 23 chag1247   (71)   :  0.158 0.054 0.189 0.186 0.160 0.182 0.071 
 24 huih1238   (14)   :  0.197 0.566 0.057 0.059 0.044 0.056 0.020 
 25 ordo1245    (0)   :  0.139 0.068 0.227 0.247 0.157 0.155 0.007 
 26 turk1303    (0)   :  0.073 0.103 0.177 0.108 0.385 0.145 0.009 
 27 negi1245    (0)   :  0.203 0.724 0.016 0.015 0.010 0.013 0.019 
 28 nana1257    (0)   :  0.205 0.708 0.018 0.019 0.017 0.021 0.012 
 29 nort2690    (7)   :  0.154 0.032 0.187 0.173 0.210 0.198 0.048 
 30 shur1243    (0)   :  0.014 0.011 0.011 0.014 0.009 0.013 0.928 
 31 minh1238    (0)   :  0.194 0.022 0.181 0.237 0.094 0.222 0.050 
 32 udih1248    (0)   :  0.207 0.659 0.029 0.031 0.026 0.030 0.017 
 33 oira1262   (14)   :  0.118 0.091 0.202 0.187 0.255 0.137 0.010 
 34 hate1238    (7)   :  0.049 0.033 0.045 0.046 0.045 0.050 0.733 
 35 tata1255    (0)   :  0.019 0.050 0.172 0.065 0.487 0.200 0.006 
 36 turk1304    (0)   :  0.071 0.110 0.175 0.111 0.388 0.136 0.009 
 37 oroc1248    (0)   :  0.197 0.686 0.028 0.024 0.025 0.027 0.015 
 38 chuv1255    (0)   :  0.134 0.040 0.226 0.191 0.208 0.179 0.022 
 39 noga1249   (14)   :  0.102 0.053 0.188 0.129 0.317 0.187 0.023 
 40 dong1285    (7)   :  0.203 0.032 0.196 0.238 0.089 0.230 0.012 
 41 halh1238   (14)   :  0.177 0.045 0.221 0.237 0.111 0.196 0.014 
 42 ogam1239    (0)   :  0.061 0.013 0.055 0.071 0.027 0.068 0.706 
 43 cent2126    (7)   :  0.012 0.010 0.012 0.012 0.012 0.013 0.929 
 44 yona1241   (14)   :  0.211 0.038 0.190 0.224 0.088 0.222 0.026 
 45 kore1280    (0)   :  0.202 0.025 0.214 0.228 0.090 0.217 0.024 
 46 tuvi1240    (0)   :  0.118 0.090 0.224 0.239 0.190 0.131 0.009 
 47 huzh1238    (7)   :  0.213 0.027 0.192 0.235 0.090 0.213 0.030 
 48 khak1248    (0)   :  0.070 0.110 0.169 0.112 0.393 0.138 0.009 
 49 oldu1238    (7)   :  0.069 0.103 0.173 0.117 0.386 0.144 0.009 
 50 nucl1643    (0)   :  0.009 0.008 0.009 0.010 0.009 0.010 0.945 
 51 orok1265   (14)   :  0.204 0.738 0.011 0.011 0.010 0.011 0.014 
 52 midd1372   (14)   :  0.210 0.029 0.212 0.226 0.084 0.225 0.012 
 53 mogh1245   (28)   :  0.145 0.087 0.167 0.143 0.220 0.201 0.036 
 54 uigh1240    (7)   :  0.025 0.050 0.180 0.062 0.478 0.199 0.007 
 55 kara1467   (14)   :  0.024 0.049 0.178 0.062 0.480 0.200 0.007 
 56 russ1264   (14)   :  0.077 0.105 0.178 0.112 0.375 0.143 0.011 
 57 sout2954    (0)   :  0.013 0.012 0.010 0.013 0.009 0.012 0.931 
 58 berj1234    (0)   :  0.206 0.730 0.016 0.014 0.012 0.014 0.009 
 59 kham1281    (0)   :  0.100 0.124 0.192 0.195 0.263 0.113 0.014 
 60 dolg1241    (0)   :  0.069 0.109 0.174 0.114 0.387 0.138 0.009 


Estimated Allele Frequencies in each cluster
First column gives estimated ancestral frequencies


Locus 1 : TE003 
2 alleles
3.3% missing data
   1   (0.431) 0.383 0.228 0.645 0.570 0.834 0.552 0.022 
   0   (0.569) 0.617 0.772 0.355 0.430 0.166 0.448 0.978 

Locus 2 : TE004 
2 alleles
3.3% missing data
   0   (0.838) 0.751 0.453 0.893 0.885 0.944 0.888 0.993 
   1   (0.162) 0.249 0.547 0.107 0.115 0.056 0.112 0.007 

Locus 3 : TE005 
2 alleles
18.3% missing data
   0   (0.794) 0.678 0.285 0.848 0.859 0.932 0.854 0.990 
   1   (0.206) 0.322 0.715 0.152 0.141 0.068 0.146 0.010 

Locus 4 : TE006 
2 alleles
26.7% missing data
   0   (0.599) 0.700 0.954 0.721 0.684 0.869 0.685 0.097 
   1   (0.401) 0.300 0.046 0.279 0.316 0.131 0.315 0.903 

Locus 5 : TE007 
2 alleles
6.7% missing data
   0   (0.687) 0.769 0.957 0.793 0.754 0.903 0.762 0.717 
   1   (0.313) 0.231 0.043 0.207 0.246 0.097 0.238 0.283 

Locus 6 : TE008 
2 alleles
1.7% missing data
   1   (0.596) 0.699 0.925 0.661 0.615 0.825 0.677 0.938 
   0   (0.404) 0.301 0.075 0.339 0.385 0.175 0.323 0.062 

Locus 7 : TE031 
2 alleles
1.7% missing data
   1   (0.797) 0.870 0.966 0.827 0.833 0.844 0.831 0.038 
   0   (0.203) 0.130 0.034 0.173 0.167 0.156 0.169 0.962 

Locus 8 : TE037 
2 alleles
1.7% missing data
   1   (0.498) 0.430 0.231 0.579 0.522 0.778 0.587 0.615 
   0   (0.502) 0.570 0.769 0.421 0.478 0.222 0.413 0.385 

Locus 9 : TE038 
2 alleles
1.7% missing data
   1   (0.694) 0.718 0.719 0.811 0.772 0.901 0.774 0.034 
   0   (0.306) 0.282 0.281 0.189 0.228 0.099 0.226 0.966 

Locus 10 : TE039 
2 alleles
5.0% missing data
   1   (0.577) 0.679 0.892 0.580 0.630 0.490 0.532 0.971 
   0   (0.423) 0.321 0.108 0.420 0.370 0.510 0.468 0.029 

Locus 11 : TE078 
2 alleles
3.3% missing data
   0   (0.822) 0.875 0.978 0.873 0.858 0.937 0.866 0.991 
   1   (0.178) 0.125 0.022 0.127 0.142 0.063 0.134 0.009 

Locus 12 : TS079 
2 alleles
10.0% missing data
   0   (0.867) 0.801 0.594 0.919 0.906 0.963 0.901 0.994 
   1   (0.133) 0.199 0.406 0.081 0.094 0.037 0.099 0.006 

Locus 13 : TS080 
2 alleles
10.0% missing data
   0   (0.716) 0.676 0.657 0.491 0.571 0.264 0.563 0.987 
   1   (0.284) 0.324 0.343 0.509 0.429 0.736 0.437 0.013 

Locus 14 : TS088 
2 alleles
1.7% missing data
   0   (0.539) 0.651 0.919 0.643 0.573 0.825 0.632 0.977 
   1   (0.461) 0.349 0.081 0.357 0.427 0.175 0.368 0.023 

Values of parameters used in structure:
DATAFILE=phonology_structure,	OUTFILE=outfile_phonology_structure_K7_run44,	NUMINDS=60,	NUMLOCI=14,	MISSING=-9,	LABEL=1,	POPDATA=0,	POPFLAG=0,	PHENOTYPE=0,	EXTRACOLS=0,	MAXPOPS=7,	BURNIN=10000,	NUMREPS=100000,	USEPOPINFO=0,	INFERALPHA=1,	INFERLAMBDA=0,	POPSPECIFICLAMBDA=0,	POPALPHAS=0,	COMPUTEPROB=1,	NOADMIX=0,	ADMBURNIN=500,	UPDATEFREQ=100,	PRINTLIKES=0,	INTERMEDSAVE=0,	PRINTKLD=0,	PRINTNET=1,	PRINTLAMBDA=1,	ANCESTDIST=0,	NUMBOXES=1000,	ANCESTPINT=0.90000,	GENSBACK=2,	MIGRPRIOR=0.01000,	PRINTQHAT=0,	PRINTQSUM=1,	ALPHA=1.0000,	FREQSCORR=1,	FPRIORMEAN=0.0100,	FPRIORSD=0.0500,	ONEFST=0,	LAMBDA=1.0000,	UNIFPRIORALPHA=1,	ALPHAMAX=10.0000,	ALPHAPRIORA=1.0000,	ALPHAPRIORB=2.0000,	ALPHAPROPSD=0.0250,	STARTATPOPINFO=0,	RANDOMIZE=1,	LINKAGE=0,	METROFREQ=10,	REPORTHITRATE=0,	MARKOVPHASE=0,	PHASED=0,	PLOIDY=1,	PHASEINFO=0	LOCPRIOR=0, 	LOCPRIORINIT=1.000000, 	LOCDATA=0, 	LOCISPOP=0, 	LOCPRIORSTEP=0.100000, 	MAXLOCPRIOR=20.000000, 	SEED=1641289533,	
[STRAT parameters]:    NUMSIMSTATS=1000,	PHENOTYPECOL=-9,	POOLFREQ=10,	LOCUSxONLY=0,	EMERROR=0.00100,	MISSINGPHENO=-9,	