

----------------------------------------------------
STRUCTURE by Pritchard, Stephens and Donnelly (2000)
     and Falush, Stephens and Pritchard (2003)
       Code by Pritchard, Falush and Hubisz
             Version 2.3.4 (Jul 2012)
----------------------------------------------------



Command line arguments:   ./structure -m mainparams -K 6 -i phonology_structure -L 14 -o outfile_phonology_structure_K6_run11 
Input File:    phonology_structure

Run parameters:
   60 individuals
   14 loci
   6 populations assumed
   10000 Burn-in period
   100000 Reps


--------------------------------------------
Overall proportion of membership of the
sample in each of the 6 clusters

Inferred Clusters
  1      2      3      4      5      6    
0.166  0.168  0.157  0.155  0.220  0.135  

--------------------------------------------

Allele-freq. divergence among pops (Net nucleotide distance),
computed using point estimates of P.

      1       2       3       4       5       6      
 1      -    0.1182  0.0713  0.0595  0.1052  0.0583  
 2   0.1182     -    0.1025  0.0750  0.1324  0.0665  
 3   0.0713  0.1025     -    0.0081  0.0161  0.0195  
 4   0.0595  0.0750  0.0081     -    0.0263  0.0039  
 5   0.1052  0.1324  0.0161  0.0263     -    0.0502  
 6   0.0583  0.0665  0.0195  0.0039  0.0502     -    

Average distances (expected heterozygosity) between individuals in same cluster:
cluster  1  : 0.3031 
cluster  2  : 0.2627 
cluster  3  : 0.3201 
cluster  4  : 0.3774 
cluster  5  : 0.2401 
cluster  6  : 0.4019 

--------------------------------------------
Estimated Ln Prob of Data   = -4234.9
Mean value of ln likelihood = -291.8
Variance of ln likelihood   = 7886.3
Mean value of alpha         = 1.2022

Mean value of Fst_1         = 0.3906
Mean value of Fst_2         = 0.4930
Mean value of Fst_3         = 0.3134
Mean value of Fst_4         = 0.1648
Mean value of Fst_5         = 0.4555
Mean value of Fst_6         = 0.0660


Inferred ancestry of individuals:
        Label (%Miss) :  Inferred clusters
  1 torg1245   (21)   :  0.068 0.068 0.244 0.153 0.390 0.078 
  2 oldj1239   (14)   :  0.318 0.094 0.109 0.186 0.079 0.213 
  3 crim1257    (0)   :  0.062 0.061 0.095 0.188 0.531 0.063 
  4 bash1264    (7)   :  0.062 0.061 0.089 0.191 0.532 0.065 
  5 anat1259    (0)   :  0.062 0.071 0.099 0.183 0.516 0.071 
  6 okin1246    (0)   :  0.062 0.686 0.063 0.063 0.062 0.064 
  7 yaku1245    (0)   :  0.082 0.066 0.373 0.128 0.264 0.088 
  8 daur1238    (0)   :  0.065 0.061 0.396 0.160 0.160 0.158 
  9 east2337   (14)   :  0.072 0.063 0.159 0.261 0.078 0.368 
 10 ikem1235    (7)   :  0.062 0.674 0.065 0.066 0.063 0.071 
 11 sibe1251    (0)   :  0.666 0.061 0.071 0.066 0.070 0.066 
 12 nort2697    (0)   :  0.061 0.071 0.101 0.187 0.511 0.068 
 13 bona1250    (0)   :  0.081 0.083 0.150 0.253 0.073 0.360 
 14 ulch1241   (14)   :  0.357 0.064 0.195 0.126 0.145 0.113 
 15 nort2935   (14)   :  0.067 0.660 0.067 0.071 0.063 0.072 
 16 gaga1249    (0)   :  0.064 0.090 0.184 0.162 0.425 0.075 
 17 tara1319    (0)   :  0.062 0.682 0.063 0.064 0.062 0.068 
 18 moma1245   (21)   :  0.600 0.066 0.082 0.086 0.072 0.094 
 19 manc1252    (0)   :  0.228 0.071 0.122 0.204 0.164 0.212 
 20 shor1247    (0)   :  0.064 0.063 0.264 0.150 0.394 0.065 
 21 kaza1248    (0)   :  0.062 0.062 0.099 0.192 0.521 0.065 
 22 midd1351   (14)   :  0.075 0.073 0.121 0.200 0.401 0.131 
 23 chag1247   (71)   :  0.081 0.114 0.182 0.216 0.172 0.235 
 24 huih1238   (14)   :  0.569 0.071 0.092 0.090 0.082 0.095 
 25 ordo1245    (0)   :  0.065 0.061 0.398 0.161 0.159 0.156 
 26 turk1303    (0)   :  0.064 0.064 0.253 0.148 0.407 0.065 
 27 negi1245    (0)   :  0.665 0.069 0.065 0.068 0.063 0.070 
 28 nana1257    (0)   :  0.651 0.065 0.069 0.073 0.068 0.074 
 29 nort2690    (7)   :  0.066 0.108 0.137 0.223 0.253 0.213 
 30 shur1243    (0)   :  0.066 0.679 0.063 0.066 0.061 0.065 
 31 minh1238    (0)   :  0.061 0.099 0.149 0.248 0.073 0.369 
 32 udih1248    (0)   :  0.620 0.067 0.078 0.081 0.076 0.078 
 33 oira1262   (14)   :  0.067 0.064 0.316 0.161 0.263 0.130 
 34 hate1238    (7)   :  0.078 0.565 0.084 0.089 0.091 0.093 
 35 tata1255    (0)   :  0.062 0.062 0.092 0.191 0.529 0.064 
 36 turk1304    (0)   :  0.065 0.062 0.252 0.153 0.402 0.066 
 37 oroc1248    (0)   :  0.634 0.066 0.074 0.075 0.074 0.077 
 38 chuv1255    (0)   :  0.066 0.073 0.253 0.194 0.238 0.176 
 39 noga1249   (14)   :  0.076 0.074 0.116 0.207 0.400 0.128 
 40 dong1285    (7)   :  0.070 0.065 0.160 0.278 0.078 0.349 
 41 halh1238   (14)   :  0.072 0.067 0.229 0.236 0.107 0.288 
 42 ogam1239    (0)   :  0.063 0.562 0.089 0.100 0.064 0.123 
 43 cent2126    (7)   :  0.064 0.675 0.064 0.064 0.065 0.067 
 44 yona1241   (14)   :  0.078 0.073 0.151 0.281 0.077 0.341 
 45 kore1280    (0)   :  0.063 0.075 0.155 0.279 0.076 0.351 
 46 tuvi1240    (0)   :  0.069 0.063 0.413 0.140 0.193 0.121 
 47 huzh1238    (7)   :  0.063 0.080 0.161 0.258 0.074 0.363 
 48 khak1248    (0)   :  0.065 0.063 0.258 0.149 0.400 0.066 
 49 oldu1238    (7)   :  0.067 0.063 0.252 0.155 0.396 0.067 
 50 nucl1643    (0)   :  0.062 0.687 0.062 0.062 0.062 0.065 
 51 orok1265   (14)   :  0.671 0.066 0.066 0.065 0.063 0.068 
 52 midd1372   (14)   :  0.069 0.065 0.153 0.273 0.072 0.368 
 53 mogh1245   (28)   :  0.125 0.084 0.125 0.201 0.284 0.181 
 54 uigh1240    (7)   :  0.062 0.062 0.097 0.189 0.523 0.067 
 55 kara1467   (14)   :  0.063 0.063 0.099 0.191 0.517 0.067 
 56 russ1264   (14)   :  0.067 0.065 0.252 0.153 0.391 0.072 
 57 sout2954    (0)   :  0.066 0.677 0.064 0.066 0.061 0.066 
 58 berj1234    (0)   :  0.667 0.063 0.066 0.069 0.064 0.071 
 59 kham1281    (0)   :  0.084 0.066 0.377 0.128 0.258 0.086 
 60 dolg1241    (0)   :  0.064 0.063 0.258 0.152 0.398 0.065 


Estimated Allele Frequencies in each cluster
First column gives estimated ancestral frequencies


Locus 1 : TE003 
2 alleles
3.3% missing data
   1   (0.466) 0.231 0.198 0.697 0.552 0.804 0.455 
   0   (0.534) 0.769 0.802 0.303 0.448 0.196 0.545 

Locus 2 : TE004 
2 alleles
3.3% missing data
   0   (0.833) 0.511 0.945 0.910 0.869 0.938 0.845 
   1   (0.167) 0.489 0.055 0.090 0.131 0.062 0.155 

Locus 3 : TE005 
2 alleles
18.3% missing data
   0   (0.734) 0.342 0.907 0.843 0.781 0.891 0.748 
   1   (0.266) 0.658 0.093 0.157 0.219 0.109 0.252 

Locus 4 : TE006 
2 alleles
26.7% missing data
   0   (0.663) 0.890 0.319 0.803 0.703 0.883 0.628 
   1   (0.337) 0.110 0.681 0.197 0.297 0.117 0.372 

Locus 5 : TE007 
2 alleles
6.7% missing data
   0   (0.766) 0.930 0.756 0.865 0.804 0.929 0.734 
   1   (0.234) 0.070 0.244 0.135 0.196 0.071 0.266 

Locus 6 : TE008 
2 alleles
1.7% missing data
   1   (0.675) 0.909 0.891 0.687 0.705 0.877 0.642 
   0   (0.325) 0.091 0.109 0.313 0.295 0.123 0.358 

Locus 7 : TE031 
2 alleles
1.7% missing data
   1   (0.765) 0.904 0.279 0.840 0.795 0.815 0.781 
   0   (0.235) 0.096 0.721 0.160 0.205 0.185 0.219 

Locus 8 : TE037 
2 alleles
1.7% missing data
   1   (0.518) 0.284 0.602 0.534 0.584 0.770 0.532 
   0   (0.482) 0.716 0.398 0.466 0.416 0.230 0.468 

Locus 9 : TE038 
2 alleles
1.7% missing data
   1   (0.676) 0.680 0.260 0.821 0.734 0.880 0.690 
   0   (0.324) 0.320 0.740 0.179 0.266 0.120 0.310 

Locus 10 : TE039 
2 alleles
5.0% missing data
   1   (0.628) 0.833 0.863 0.742 0.586 0.505 0.613 
   0   (0.372) 0.167 0.137 0.258 0.414 0.495 0.387 

Locus 11 : TE078 
2 alleles
3.3% missing data
   0   (0.830) 0.957 0.964 0.910 0.855 0.953 0.819 
   1   (0.170) 0.043 0.036 0.090 0.145 0.047 0.181 

Locus 12 : TS079 
2 alleles
10.0% missing data
   0   (0.859) 0.639 0.958 0.928 0.894 0.952 0.875 
   1   (0.141) 0.361 0.042 0.072 0.106 0.048 0.125 

Locus 13 : TS080 
2 alleles
10.0% missing data
   0   (0.661) 0.695 0.839 0.402 0.577 0.284 0.695 
   1   (0.339) 0.305 0.161 0.598 0.423 0.716 0.305 

Locus 14 : TS088 
2 alleles
1.7% missing data
   0   (0.611) 0.898 0.908 0.688 0.648 0.868 0.563 
   1   (0.389) 0.102 0.092 0.312 0.352 0.132 0.437 

Values of parameters used in structure:
DATAFILE=phonology_structure,	OUTFILE=outfile_phonology_structure_K6_run11,	NUMINDS=60,	NUMLOCI=14,	MISSING=-9,	LABEL=1,	POPDATA=0,	POPFLAG=0,	PHENOTYPE=0,	EXTRACOLS=0,	MAXPOPS=6,	BURNIN=10000,	NUMREPS=100000,	USEPOPINFO=0,	INFERALPHA=1,	INFERLAMBDA=0,	POPSPECIFICLAMBDA=0,	POPALPHAS=0,	COMPUTEPROB=1,	NOADMIX=0,	ADMBURNIN=500,	UPDATEFREQ=100,	PRINTLIKES=0,	INTERMEDSAVE=0,	PRINTKLD=0,	PRINTNET=1,	PRINTLAMBDA=1,	ANCESTDIST=0,	NUMBOXES=1000,	ANCESTPINT=0.90000,	GENSBACK=2,	MIGRPRIOR=0.01000,	PRINTQHAT=0,	PRINTQSUM=1,	ALPHA=1.0000,	FREQSCORR=1,	FPRIORMEAN=0.0100,	FPRIORSD=0.0500,	ONEFST=0,	LAMBDA=1.0000,	UNIFPRIORALPHA=1,	ALPHAMAX=10.0000,	ALPHAPRIORA=1.0000,	ALPHAPRIORB=2.0000,	ALPHAPROPSD=0.0250,	STARTATPOPINFO=0,	RANDOMIZE=1,	LINKAGE=0,	METROFREQ=10,	REPORTHITRATE=0,	MARKOVPHASE=0,	PHASED=0,	PLOIDY=1,	PHASEINFO=0	LOCPRIOR=0, 	LOCPRIORINIT=1.000000, 	LOCDATA=0, 	LOCISPOP=0, 	LOCPRIORSTEP=0.100000, 	MAXLOCPRIOR=20.000000, 	SEED=1641229054,	
[STRAT parameters]:    NUMSIMSTATS=1000,	PHENOTYPECOL=-9,	POOLFREQ=10,	LOCUSxONLY=0,	EMERROR=0.00100,	MISSINGPHENO=-9,	