

----------------------------------------------------
STRUCTURE by Pritchard, Stephens and Donnelly (2000)
     and Falush, Stephens and Pritchard (2003)
       Code by Pritchard, Falush and Hubisz
             Version 2.3.4 (Jul 2012)
----------------------------------------------------



Command line arguments:   ./structure -m mainparams -K 5 -i phonology_structure -L 14 -o outfile_phonology_structure_K5_run27 
Input File:    phonology_structure

Run parameters:
   60 individuals
   14 loci
   5 populations assumed
   10000 Burn-in period
   100000 Reps


--------------------------------------------
Overall proportion of membership of the
sample in each of the 5 clusters

Inferred Clusters
  1      2      3      4      5    
0.164  0.177  0.289  0.197  0.173  

--------------------------------------------

Allele-freq. divergence among pops (Net nucleotide distance),
computed using point estimates of P.

      1       2       3       4       5      
 1      -    0.1392  0.1163  0.0384  0.1606  
 2   0.1392     -    0.2346  0.1614  0.2652  
 3   0.1163  0.2346     -    0.0291  0.3009  
 4   0.0384  0.1614  0.0291     -    0.2281  
 5   0.1606  0.2652  0.3009  0.2281     -    

Average distances (expected heterozygosity) between individuals in same cluster:
cluster  1  : 0.4070 
cluster  2  : 0.2065 
cluster  3  : 0.1450 
cluster  4  : 0.3033 
cluster  5  : 0.1148 

--------------------------------------------
Estimated Ln Prob of Data   = -335.8
Mean value of ln likelihood = -227.3
Variance of ln likelihood   = 216.9
Mean value of alpha         = 0.0414

Mean value of Fst_1         = 0.1254
Mean value of Fst_2         = 0.5355
Mean value of Fst_3         = 0.6714
Mean value of Fst_4         = 0.4229
Mean value of Fst_5         = 0.7011


Inferred ancestry of individuals:
        Label (%Miss) :  Inferred clusters
  1 torg1245   (21)   :  0.042 0.017 0.618 0.307 0.016 
  2 oldj1239   (14)   :  0.266 0.528 0.038 0.105 0.063 
  3 crim1257    (0)   :  0.011 0.008 0.763 0.211 0.007 
  4 bash1264    (7)   :  0.011 0.009 0.765 0.209 0.006 
  5 anat1259    (0)   :  0.019 0.007 0.735 0.215 0.025 
  6 okin1246    (0)   :  0.009 0.008 0.010 0.009 0.965 
  7 yaku1245    (0)   :  0.106 0.047 0.403 0.429 0.015 
  8 daur1238    (0)   :  0.241 0.013 0.200 0.540 0.007 
  9 east2337   (14)   :  0.669 0.030 0.052 0.238 0.011 
 10 ikem1235    (7)   :  0.017 0.008 0.009 0.010 0.956 
 11 sibe1251    (0)   :  0.013 0.947 0.017 0.017 0.006 
 12 nort2697    (0)   :  0.019 0.007 0.739 0.210 0.024 
 13 bona1250    (0)   :  0.669 0.047 0.037 0.209 0.038 
 14 ulch1241   (14)   :  0.112 0.533 0.149 0.195 0.011 
 15 nort2935   (14)   :  0.017 0.018 0.011 0.012 0.943 
 16 gaga1249    (0)   :  0.026 0.010 0.664 0.258 0.043 
 17 tara1319    (0)   :  0.013 0.007 0.007 0.008 0.966 
 18 moma1245   (21)   :  0.046 0.884 0.021 0.034 0.014 
 19 manc1252    (0)   :  0.276 0.351 0.189 0.160 0.025 
 20 shor1247    (0)   :  0.025 0.011 0.648 0.306 0.010 
 21 kaza1248    (0)   :  0.012 0.008 0.757 0.217 0.007 
 22 midd1351   (14)   :  0.121 0.033 0.585 0.235 0.026 
 23 chag1247   (71)   :  0.344 0.053 0.226 0.272 0.105 
 24 huih1238   (14)   :  0.065 0.812 0.043 0.056 0.024 
 25 ordo1245    (0)   :  0.243 0.014 0.208 0.529 0.007 
 26 turk1303    (0)   :  0.022 0.011 0.654 0.304 0.010 
 27 negi1245    (0)   :  0.015 0.946 0.008 0.013 0.019 
 28 nana1257    (0)   :  0.020 0.937 0.014 0.017 0.012 
 29 nort2690    (7)   :  0.310 0.015 0.360 0.229 0.086 
 30 shur1243    (0)   :  0.012 0.012 0.008 0.010 0.959 
 31 minh1238    (0)   :  0.674 0.007 0.041 0.213 0.065 
 32 udih1248    (0)   :  0.025 0.907 0.023 0.027 0.017 
 33 oira1262   (14)   :  0.161 0.016 0.383 0.427 0.012 
 34 hate1238    (7)   :  0.046 0.039 0.053 0.044 0.818 
 35 tata1255    (0)   :  0.012 0.008 0.762 0.212 0.007 
 36 turk1304    (0)   :  0.023 0.012 0.653 0.302 0.010 
 37 oroc1248    (0)   :  0.025 0.909 0.025 0.025 0.016 
 38 chuv1255    (0)   :  0.242 0.016 0.335 0.376 0.031 
 39 noga1249   (14)   :  0.122 0.033 0.594 0.226 0.026 
 40 dong1285    (7)   :  0.675 0.022 0.046 0.243 0.014 
 41 halh1238   (14)   :  0.478 0.025 0.110 0.369 0.017 
 42 ogam1239    (0)   :  0.121 0.010 0.012 0.049 0.808 
 43 cent2126    (7)   :  0.013 0.011 0.012 0.012 0.952 
 44 yona1241   (14)   :  0.680 0.041 0.033 0.217 0.030 
 45 kore1280    (0)   :  0.670 0.011 0.042 0.252 0.026 
 46 tuvi1240    (0)   :  0.193 0.023 0.267 0.507 0.009 
 47 huzh1238    (7)   :  0.677 0.011 0.041 0.239 0.032 
 48 khak1248    (0)   :  0.025 0.011 0.652 0.303 0.009 
 49 oldu1238    (7)   :  0.030 0.016 0.637 0.307 0.010 
 50 nucl1643    (0)   :  0.011 0.008 0.009 0.009 0.962 
 51 orok1265   (14)   :  0.013 0.957 0.008 0.009 0.013 
 52 midd1372   (14)   :  0.709 0.018 0.028 0.231 0.014 
 53 mogh1245   (28)   :  0.208 0.151 0.397 0.191 0.053 
 54 uigh1240    (7)   :  0.015 0.008 0.754 0.215 0.008 
 55 kara1467   (14)   :  0.016 0.009 0.755 0.212 0.008 
 56 russ1264   (14)   :  0.031 0.017 0.642 0.298 0.012 
 57 sout2954    (0)   :  0.013 0.013 0.008 0.010 0.957 
 58 berj1234    (0)   :  0.020 0.945 0.010 0.015 0.010 
 59 kham1281    (0)   :  0.105 0.050 0.407 0.424 0.015 
 60 dolg1241    (0)   :  0.025 0.012 0.638 0.316 0.009 


Estimated Allele Frequencies in each cluster
First column gives estimated ancestral frequencies


Locus 1 : TE003 
2 alleles
3.3% missing data
   1   (0.437) 0.442 0.074 0.945 0.771 0.024 
   0   (0.563) 0.558 0.926 0.055 0.229 0.976 

Locus 2 : TE004 
2 alleles
3.3% missing data
   0   (0.798) 0.837 0.354 0.985 0.926 0.991 
   1   (0.202) 0.163 0.646 0.015 0.074 0.009 

Locus 3 : TE005 
2 alleles
18.3% missing data
   0   (0.729) 0.761 0.136 0.976 0.889 0.987 
   1   (0.271) 0.239 0.864 0.024 0.111 0.013 

Locus 4 : TE006 
2 alleles
26.7% missing data
   0   (0.598) 0.534 0.963 0.952 0.817 0.107 
   1   (0.402) 0.466 0.037 0.048 0.183 0.893 

Locus 5 : TE007 
2 alleles
6.7% missing data
   0   (0.712) 0.662 0.971 0.973 0.871 0.707 
   1   (0.288) 0.338 0.029 0.027 0.129 0.293 

Locus 6 : TE008 
2 alleles
1.7% missing data
   1   (0.606) 0.515 0.963 0.895 0.628 0.925 
   0   (0.394) 0.485 0.037 0.105 0.372 0.075 

Locus 7 : TE031 
2 alleles
1.7% missing data
   1   (0.745) 0.809 0.977 0.860 0.865 0.037 
   0   (0.255) 0.191 0.023 0.140 0.135 0.963 

Locus 8 : TE037 
2 alleles
1.7% missing data
   1   (0.489) 0.477 0.133 0.854 0.553 0.608 
   0   (0.511) 0.523 0.867 0.146 0.447 0.392 

Locus 9 : TE038 
2 alleles
1.7% missing data
   1   (0.685) 0.717 0.665 0.977 0.885 0.035 
   0   (0.315) 0.283 0.335 0.023 0.115 0.965 

Locus 10 : TE039 
2 alleles
5.0% missing data
   1   (0.614) 0.588 0.903 0.476 0.672 0.971 
   0   (0.386) 0.412 0.097 0.524 0.328 0.029 

Locus 11 : TE078 
2 alleles
3.3% missing data
   0   (0.809) 0.760 0.982 0.982 0.907 0.991 
   1   (0.191) 0.240 0.018 0.018 0.093 0.009 

Locus 12 : TS079 
2 alleles
10.0% missing data
   0   (0.839) 0.880 0.523 0.988 0.948 0.993 
   1   (0.161) 0.120 0.477 0.012 0.052 0.007 

Locus 13 : TS080 
2 alleles
10.0% missing data
   0   (0.724) 0.763 0.771 0.149 0.372 0.987 
   1   (0.276) 0.237 0.229 0.851 0.628 0.013 

Locus 14 : TS088 
2 alleles
1.7% missing data
   0   (0.563) 0.426 0.959 0.905 0.640 0.978 
   1   (0.437) 0.574 0.041 0.095 0.360 0.022 

Values of parameters used in structure:
DATAFILE=phonology_structure,	OUTFILE=outfile_phonology_structure_K5_run27,	NUMINDS=60,	NUMLOCI=14,	MISSING=-9,	LABEL=1,	POPDATA=0,	POPFLAG=0,	PHENOTYPE=0,	EXTRACOLS=0,	MAXPOPS=5,	BURNIN=10000,	NUMREPS=100000,	USEPOPINFO=0,	INFERALPHA=1,	INFERLAMBDA=0,	POPSPECIFICLAMBDA=0,	POPALPHAS=0,	COMPUTEPROB=1,	NOADMIX=0,	ADMBURNIN=500,	UPDATEFREQ=100,	PRINTLIKES=0,	INTERMEDSAVE=0,	PRINTKLD=0,	PRINTNET=1,	PRINTLAMBDA=1,	ANCESTDIST=0,	NUMBOXES=1000,	ANCESTPINT=0.90000,	GENSBACK=2,	MIGRPRIOR=0.01000,	PRINTQHAT=0,	PRINTQSUM=1,	ALPHA=1.0000,	FREQSCORR=1,	FPRIORMEAN=0.0100,	FPRIORSD=0.0500,	ONEFST=0,	LAMBDA=1.0000,	UNIFPRIORALPHA=1,	ALPHAMAX=10.0000,	ALPHAPRIORA=1.0000,	ALPHAPRIORB=2.0000,	ALPHAPROPSD=0.0250,	STARTATPOPINFO=0,	RANDOMIZE=1,	LINKAGE=0,	METROFREQ=10,	REPORTHITRATE=0,	MARKOVPHASE=0,	PHASED=0,	PLOIDY=1,	PHASEINFO=0	LOCPRIOR=0, 	LOCPRIORINIT=1.000000, 	LOCDATA=0, 	LOCISPOP=0, 	LOCPRIORSTEP=0.100000, 	MAXLOCPRIOR=20.000000, 	SEED=1641274322,	
[STRAT parameters]:    NUMSIMSTATS=1000,	PHENOTYPECOL=-9,	POOLFREQ=10,	LOCUSxONLY=0,	EMERROR=0.00100,	MISSINGPHENO=-9,	