

----------------------------------------------------
STRUCTURE by Pritchard, Stephens and Donnelly (2000)
     and Falush, Stephens and Pritchard (2003)
       Code by Pritchard, Falush and Hubisz
             Version 2.3.4 (Jul 2012)
----------------------------------------------------



Command line arguments:   ./structure -m mainparams -K 5 -i phonology_structure -L 14 -o outfile_phonology_structure_K5_run8 
Input File:    phonology_structure

Run parameters:
   60 individuals
   14 loci
   5 populations assumed
   10000 Burn-in period
   100000 Reps


--------------------------------------------
Overall proportion of membership of the
sample in each of the 5 clusters

Inferred Clusters
  1      2      3      4      5    
0.173  0.246  0.229  0.180  0.172  

--------------------------------------------

Allele-freq. divergence among pops (Net nucleotide distance),
computed using point estimates of P.

      1       2       3       4       5      
 1      -    0.0374  0.0209  0.1472  0.1862  
 2   0.0374     -    0.0025  0.1967  0.2488  
 3   0.0209  0.0025     -    0.1755  0.2269  
 4   0.1472  0.1967  0.1755     -    0.2658  
 5   0.1862  0.2488  0.2269  0.2658     -    

Average distances (expected heterozygosity) between individuals in same cluster:
cluster  1  : 0.3759 
cluster  2  : 0.2488 
cluster  3  : 0.2924 
cluster  4  : 0.2052 
cluster  5  : 0.1135 

--------------------------------------------
Estimated Ln Prob of Data   = -311.4
Mean value of ln likelihood = -223.3
Variance of ln likelihood   = 176.3
Mean value of alpha         = 0.0415

Mean value of Fst_1         = 0.2752
Mean value of Fst_2         = 0.5641
Mean value of Fst_3         = 0.4804
Mean value of Fst_4         = 0.5422
Mean value of Fst_5         = 0.7021


Inferred ancestry of individuals:
        Label (%Miss) :  Inferred clusters
  1 torg1245   (21)   :  0.147 0.417 0.400 0.018 0.017 
  2 oldj1239   (14)   :  0.185 0.086 0.106 0.564 0.060 
  3 crim1257    (0)   :  0.024 0.557 0.405 0.008 0.007 
  4 bash1264    (7)   :  0.027 0.558 0.400 0.008 0.007 
  5 anat1259    (0)   :  0.043 0.541 0.386 0.007 0.023 
  6 okin1246    (0)   :  0.010 0.009 0.009 0.008 0.963 
  7 yaku1245    (0)   :  0.316 0.317 0.310 0.042 0.014 
  8 daur1238    (0)   :  0.457 0.217 0.307 0.011 0.007 
  9 east2337   (14)   :  0.488 0.212 0.261 0.028 0.011 
 10 ikem1235    (7)   :  0.015 0.010 0.010 0.008 0.957 
 11 sibe1251    (0)   :  0.015 0.016 0.016 0.948 0.006 
 12 nort2697    (0)   :  0.038 0.546 0.385 0.007 0.024 
 13 bona1250    (0)   :  0.482 0.189 0.246 0.045 0.037 
 14 ulch1241   (14)   :  0.162 0.135 0.148 0.544 0.010 
 15 nort2935   (14)   :  0.019 0.013 0.015 0.020 0.934 
 16 gaga1249    (0)   :  0.116 0.460 0.367 0.010 0.048 
 17 tara1319    (0)   :  0.013 0.009 0.009 0.007 0.962 
 18 moma1245   (21)   :  0.037 0.024 0.026 0.902 0.012 
 19 manc1252    (0)   :  0.183 0.210 0.196 0.385 0.025 
 20 shor1247    (0)   :  0.133 0.432 0.413 0.012 0.009 
 21 kaza1248    (0)   :  0.024 0.561 0.401 0.008 0.006 
 22 midd1351   (14)   :  0.090 0.472 0.376 0.036 0.027 
 23 chag1247   (71)   :  0.313 0.269 0.267 0.049 0.103 
 24 huih1238   (14)   :  0.053 0.040 0.048 0.835 0.024 
 25 ordo1245    (0)   :  0.467 0.215 0.300 0.012 0.006 
 26 turk1303    (0)   :  0.138 0.435 0.406 0.012 0.009 
 27 negi1245    (0)   :  0.012 0.009 0.010 0.949 0.019 
 28 nana1257    (0)   :  0.015 0.013 0.014 0.947 0.011 
 29 nort2690    (7)   :  0.216 0.369 0.314 0.014 0.088 
 30 shur1243    (0)   :  0.012 0.009 0.010 0.014 0.955 
 31 minh1238    (0)   :  0.486 0.196 0.252 0.008 0.058 
 32 udih1248    (0)   :  0.027 0.021 0.023 0.912 0.016 
 33 oira1262   (14)   :  0.340 0.289 0.346 0.014 0.010 
 34 hate1238    (7)   :  0.043 0.054 0.048 0.038 0.817 
 35 tata1255    (0)   :  0.024 0.565 0.397 0.008 0.006 
 36 turk1304    (0)   :  0.142 0.431 0.405 0.012 0.010 
 37 oroc1248    (0)   :  0.019 0.026 0.024 0.916 0.015 
 38 chuv1255    (0)   :  0.326 0.319 0.311 0.015 0.028 
 39 noga1249   (14)   :  0.083 0.485 0.369 0.036 0.026 
 40 dong1285    (7)   :  0.492 0.204 0.266 0.024 0.014 
 41 halh1238   (14)   :  0.471 0.208 0.275 0.026 0.019 
 42 ogam1239    (0)   :  0.103 0.046 0.052 0.011 0.788 
 43 cent2126    (7)   :  0.012 0.012 0.013 0.010 0.952 
 44 yona1241   (14)   :  0.485 0.190 0.256 0.039 0.029 
 45 kore1280    (0)   :  0.498 0.198 0.268 0.010 0.026 
 46 tuvi1240    (0)   :  0.418 0.251 0.303 0.019 0.010 
 47 huzh1238    (7)   :  0.503 0.202 0.253 0.011 0.032 
 48 khak1248    (0)   :  0.141 0.431 0.407 0.011 0.010 
 49 oldu1238    (7)   :  0.147 0.428 0.401 0.015 0.010 
 50 nucl1643    (0)   :  0.008 0.009 0.009 0.008 0.965 
 51 orok1265   (14)   :  0.009 0.008 0.008 0.961 0.013 
 52 midd1372   (14)   :  0.508 0.194 0.263 0.021 0.013 
 53 mogh1245   (28)   :  0.142 0.354 0.286 0.165 0.053 
 54 uigh1240    (7)   :  0.025 0.559 0.400 0.008 0.007 
 55 kara1467   (14)   :  0.026 0.561 0.396 0.009 0.008 
 56 russ1264   (14)   :  0.145 0.423 0.403 0.017 0.012 
 57 sout2954    (0)   :  0.012 0.009 0.010 0.012 0.957 
 58 berj1234    (0)   :  0.014 0.010 0.012 0.955 0.010 
 59 kham1281    (0)   :  0.323 0.315 0.311 0.037 0.013 
 60 dolg1241    (0)   :  0.139 0.424 0.416 0.011 0.010 


Estimated Allele Frequencies in each cluster
First column gives estimated ancestral frequencies


Locus 1 : TE003 
2 alleles
3.3% missing data
   1   (0.435) 0.596 0.833 0.775 0.070 0.024 
   0   (0.565) 0.404 0.167 0.225 0.930 0.976 

Locus 2 : TE004 
2 alleles
3.3% missing data
   0   (0.809) 0.895 0.959 0.940 0.351 0.991 
   1   (0.191) 0.105 0.041 0.060 0.649 0.009 

Locus 3 : TE005 
2 alleles
18.3% missing data
   0   (0.745) 0.838 0.934 0.908 0.136 0.987 
   1   (0.255) 0.162 0.066 0.092 0.864 0.013 

Locus 4 : TE006 
2 alleles
26.7% missing data
   0   (0.597) 0.658 0.848 0.806 0.964 0.106 
   1   (0.403) 0.342 0.152 0.194 0.036 0.894 

Locus 5 : TE007 
2 alleles
6.7% missing data
   0   (0.699) 0.741 0.896 0.862 0.971 0.710 
   1   (0.301) 0.259 0.104 0.138 0.029 0.290 

Locus 6 : TE008 
2 alleles
1.7% missing data
   1   (0.613) 0.526 0.800 0.731 0.966 0.928 
   0   (0.387) 0.474 0.200 0.269 0.034 0.072 

Locus 7 : TE031 
2 alleles
1.7% missing data
   1   (0.734) 0.841 0.847 0.854 0.977 0.036 
   0   (0.266) 0.159 0.153 0.146 0.023 0.964 

Locus 8 : TE037 
2 alleles
1.7% missing data
   1   (0.508) 0.473 0.767 0.693 0.135 0.613 
   0   (0.492) 0.527 0.233 0.307 0.865 0.387 

Locus 9 : TE038 
2 alleles
1.7% missing data
   1   (0.656) 0.780 0.913 0.880 0.662 0.033 
   0   (0.344) 0.220 0.087 0.120 0.338 0.967 

Locus 10 : TE039 
2 alleles
5.0% missing data
   1   (0.614) 0.678 0.472 0.555 0.901 0.971 
   0   (0.386) 0.322 0.528 0.445 0.099 0.029 

Locus 11 : TE078 
2 alleles
3.3% missing data
   0   (0.803) 0.819 0.928 0.901 0.983 0.991 
   1   (0.197) 0.181 0.072 0.099 0.017 0.009 

Locus 12 : TS079 
2 alleles
10.0% missing data
   0   (0.834) 0.916 0.964 0.952 0.525 0.992 
   1   (0.166) 0.084 0.036 0.048 0.475 0.008 

Locus 13 : TS080 
2 alleles
10.0% missing data
   0   (0.703) 0.558 0.298 0.354 0.776 0.987 
   1   (0.297) 0.442 0.702 0.646 0.224 0.013 

Locus 14 : TS088 
2 alleles
1.7% missing data
   0   (0.559) 0.480 0.781 0.707 0.961 0.978 
   1   (0.441) 0.520 0.219 0.293 0.039 0.022 

Values of parameters used in structure:
DATAFILE=phonology_structure,	OUTFILE=outfile_phonology_structure_K5_run8,	NUMINDS=60,	NUMLOCI=14,	MISSING=-9,	LABEL=1,	POPDATA=0,	POPFLAG=0,	PHENOTYPE=0,	EXTRACOLS=0,	MAXPOPS=5,	BURNIN=10000,	NUMREPS=100000,	USEPOPINFO=0,	INFERALPHA=1,	INFERLAMBDA=0,	POPSPECIFICLAMBDA=0,	POPALPHAS=0,	COMPUTEPROB=1,	NOADMIX=0,	ADMBURNIN=500,	UPDATEFREQ=100,	PRINTLIKES=0,	INTERMEDSAVE=0,	PRINTKLD=0,	PRINTNET=1,	PRINTLAMBDA=1,	ANCESTDIST=0,	NUMBOXES=1000,	ANCESTPINT=0.90000,	GENSBACK=2,	MIGRPRIOR=0.01000,	PRINTQHAT=0,	PRINTQSUM=1,	ALPHA=1.0000,	FREQSCORR=1,	FPRIORMEAN=0.0100,	FPRIORSD=0.0500,	ONEFST=0,	LAMBDA=1.0000,	UNIFPRIORALPHA=1,	ALPHAMAX=10.0000,	ALPHAPRIORA=1.0000,	ALPHAPRIORB=2.0000,	ALPHAPROPSD=0.0250,	STARTATPOPINFO=0,	RANDOMIZE=1,	LINKAGE=0,	METROFREQ=10,	REPORTHITRATE=0,	MARKOVPHASE=0,	PHASED=0,	PLOIDY=1,	PHASEINFO=0	LOCPRIOR=0, 	LOCPRIORINIT=1.000000, 	LOCDATA=0, 	LOCISPOP=0, 	LOCPRIORSTEP=0.100000, 	MAXLOCPRIOR=20.000000, 	SEED=1641223281,	
[STRAT parameters]:    NUMSIMSTATS=1000,	PHENOTYPECOL=-9,	POOLFREQ=10,	LOCUSxONLY=0,	EMERROR=0.00100,	MISSINGPHENO=-9,	