

----------------------------------------------------
STRUCTURE by Pritchard, Stephens and Donnelly (2000)
     and Falush, Stephens and Pritchard (2003)
       Code by Pritchard, Falush and Hubisz
             Version 2.3.4 (Jul 2012)
----------------------------------------------------



Command line arguments:   ./structure -m mainparams -K 4 -i phonology_structure -L 14 -o outfile_phonology_structure_K4_run37 
Input File:    phonology_structure

Run parameters:
   60 individuals
   14 loci
   4 populations assumed
   10000 Burn-in period
   100000 Reps


--------------------------------------------
Overall proportion of membership of the
sample in each of the 4 clusters

Inferred Clusters
  1      2      3      4    
0.402  0.228  0.178  0.192  

--------------------------------------------

Allele-freq. divergence among pops (Net nucleotide distance),
computed using point estimates of P.

      1       2       3       4      
 1      -    0.1492  0.3184  0.2368  
 2   0.1492     -    0.1654  0.1436  
 3   0.3184  0.1654     -    0.2576  
 4   0.2368  0.1436  0.2576     -    

Average distances (expected heterozygosity) between individuals in same cluster:
cluster  1  : 0.1022 
cluster  2  : 0.4050 
cluster  3  : 0.1196 
cluster  4  : 0.2179 

--------------------------------------------
Estimated Ln Prob of Data   = -272.0
Mean value of ln likelihood = -237.8
Variance of ln likelihood   = 68.4
Mean value of alpha         = 0.0455

Mean value of Fst_1         = 0.6831
Mean value of Fst_2         = 0.0677
Mean value of Fst_3         = 0.6886
Mean value of Fst_4         = 0.5214


Inferred ancestry of individuals:
        Label (%Miss) :  Inferred clusters
  1 torg1245   (21)   :  0.936 0.029 0.016 0.020 
  2 oldj1239   (14)   :  0.031 0.244 0.072 0.652 
  3 crim1257    (0)   :  0.971 0.012 0.008 0.009 
  4 bash1264    (7)   :  0.969 0.014 0.007 0.009 
  5 anat1259    (0)   :  0.950 0.017 0.026 0.008 
  6 okin1246    (0)   :  0.010 0.010 0.972 0.009 
  7 yaku1245    (0)   :  0.856 0.053 0.018 0.073 
  8 daur1238    (0)   :  0.292 0.675 0.010 0.024 
  9 east2337   (14)   :  0.021 0.942 0.011 0.027 
 10 ikem1235    (7)   :  0.010 0.017 0.965 0.009 
 11 sibe1251    (0)   :  0.020 0.012 0.006 0.961 
 12 nort2697    (0)   :  0.950 0.018 0.025 0.008 
 13 bona1250    (0)   :  0.014 0.874 0.051 0.061 
 14 ulch1241   (14)   :  0.216 0.102 0.012 0.670 
 15 nort2935   (14)   :  0.011 0.017 0.951 0.021 
 16 gaga1249    (0)   :  0.931 0.020 0.039 0.010 
 17 tara1319    (0)   :  0.009 0.013 0.971 0.007 
 18 moma1245   (21)   :  0.022 0.038 0.014 0.926 
 19 manc1252    (0)   :  0.193 0.323 0.031 0.454 
 20 shor1247    (0)   :  0.964 0.013 0.010 0.013 
 21 kaza1248    (0)   :  0.971 0.012 0.007 0.009 
 22 midd1351   (14)   :  0.758 0.154 0.033 0.055 
 23 chag1247   (71)   :  0.258 0.549 0.125 0.068 
 24 huih1238   (14)   :  0.047 0.052 0.027 0.873 
 25 ordo1245    (0)   :  0.282 0.685 0.009 0.024 
 26 turk1303    (0)   :  0.964 0.014 0.010 0.012 
 27 negi1245    (0)   :  0.008 0.015 0.021 0.956 
 28 nana1257    (0)   :  0.013 0.020 0.013 0.955 
 29 nort2690    (7)   :  0.409 0.456 0.112 0.023 
 30 shur1243    (0)   :  0.008 0.013 0.965 0.014 
 31 minh1238    (0)   :  0.009 0.910 0.072 0.009 
 32 udih1248    (0)   :  0.024 0.024 0.018 0.934 
 33 oira1262   (14)   :  0.695 0.268 0.013 0.025 
 34 hate1238    (7)   :  0.065 0.050 0.841 0.044 
 35 tata1255    (0)   :  0.971 0.012 0.007 0.009 
 36 turk1304    (0)   :  0.966 0.012 0.010 0.012 
 37 oroc1248    (0)   :  0.027 0.028 0.018 0.927 
 38 chuv1255    (0)   :  0.598 0.350 0.033 0.019 
 39 noga1249   (14)   :  0.761 0.153 0.034 0.052 
 40 dong1285    (7)   :  0.020 0.936 0.016 0.028 
 41 halh1238   (14)   :  0.080 0.877 0.017 0.026 
 42 ogam1239    (0)   :  0.008 0.132 0.849 0.012 
 43 cent2126    (7)   :  0.013 0.014 0.962 0.011 
 44 yona1241   (14)   :  0.012 0.903 0.035 0.050 
 45 kore1280    (0)   :  0.011 0.951 0.027 0.011 
 46 tuvi1240    (0)   :  0.608 0.327 0.017 0.049 
 47 huzh1238    (7)   :  0.011 0.941 0.035 0.012 
 48 khak1248    (0)   :  0.965 0.013 0.010 0.012 
 49 oldu1238    (7)   :  0.958 0.015 0.010 0.018 
 50 nucl1643    (0)   :  0.010 0.011 0.970 0.009 
 51 orok1265   (14)   :  0.009 0.011 0.016 0.964 
 52 midd1372   (14)   :  0.007 0.953 0.017 0.023 
 53 mogh1245   (28)   :  0.474 0.237 0.062 0.228 
 54 uigh1240    (7)   :  0.970 0.013 0.008 0.009 
 55 kara1467   (14)   :  0.964 0.016 0.009 0.011 
 56 russ1264   (14)   :  0.951 0.018 0.013 0.018 
 57 sout2954    (0)   :  0.009 0.013 0.964 0.015 
 58 berj1234    (0)   :  0.012 0.013 0.010 0.964 
 59 kham1281    (0)   :  0.860 0.054 0.017 0.069 
 60 dolg1241    (0)   :  0.965 0.013 0.010 0.013 


Estimated Allele Frequencies in each cluster
First column gives estimated ancestral frequencies


Locus 1 : TE003 
2 alleles
3.3% missing data
   1   (0.425) 0.982 0.437 0.026 0.090 
   0   (0.575) 0.018 0.563 0.974 0.910 

Locus 2 : TE004 
2 alleles
3.3% missing data
   0   (0.808) 0.996 0.846 0.991 0.387 
   1   (0.192) 0.004 0.154 0.009 0.613 

Locus 3 : TE005 
2 alleles
18.3% missing data
   0   (0.750) 0.992 0.784 0.987 0.154 
   1   (0.250) 0.008 0.216 0.013 0.846 

Locus 4 : TE006 
2 alleles
26.7% missing data
   0   (0.588) 0.984 0.536 0.113 0.961 
   1   (0.412) 0.016 0.464 0.887 0.039 

Locus 5 : TE007 
2 alleles
6.7% missing data
   0   (0.681) 0.993 0.641 0.706 0.968 
   1   (0.319) 0.007 0.359 0.294 0.032 

Locus 6 : TE008 
2 alleles
1.7% missing data
   1   (0.555) 0.939 0.463 0.910 0.957 
   0   (0.445) 0.061 0.537 0.090 0.043 

Locus 7 : TE031 
2 alleles
1.7% missing data
   1   (0.748) 0.867 0.809 0.040 0.978 
   0   (0.252) 0.133 0.191 0.960 0.022 

Locus 8 : TE037 
2 alleles
1.7% missing data
   1   (0.478) 0.876 0.480 0.603 0.145 
   0   (0.522) 0.124 0.520 0.397 0.855 

Locus 9 : TE038 
2 alleles
1.7% missing data
   1   (0.655) 0.993 0.695 0.036 0.675 
   0   (0.345) 0.007 0.305 0.964 0.325 

Locus 10 : TE039 
2 alleles
5.0% missing data
   1   (0.612) 0.516 0.584 0.968 0.878 
   0   (0.388) 0.484 0.416 0.032 0.122 

Locus 11 : TE078 
2 alleles
3.3% missing data
   0   (0.788) 0.995 0.747 0.990 0.981 
   1   (0.212) 0.005 0.253 0.010 0.019 

Locus 12 : TS079 
2 alleles
10.0% missing data
   0   (0.836) 0.996 0.875 0.992 0.550 
   1   (0.164) 0.004 0.125 0.008 0.450 

Locus 13 : TS080 
2 alleles
10.0% missing data
   0   (0.717) 0.080 0.770 0.987 0.764 
   1   (0.283) 0.920 0.230 0.013 0.236 

Locus 14 : TS088 
2 alleles
1.7% missing data
   0   (0.486) 0.955 0.347 0.973 0.951 
   1   (0.514) 0.045 0.653 0.027 0.049 

Values of parameters used in structure:
DATAFILE=phonology_structure,	OUTFILE=outfile_phonology_structure_K4_run37,	NUMINDS=60,	NUMLOCI=14,	MISSING=-9,	LABEL=1,	POPDATA=0,	POPFLAG=0,	PHENOTYPE=0,	EXTRACOLS=0,	MAXPOPS=4,	BURNIN=10000,	NUMREPS=100000,	USEPOPINFO=0,	INFERALPHA=1,	INFERLAMBDA=0,	POPSPECIFICLAMBDA=0,	POPALPHAS=0,	COMPUTEPROB=1,	NOADMIX=0,	ADMBURNIN=500,	UPDATEFREQ=100,	PRINTLIKES=0,	INTERMEDSAVE=0,	PRINTKLD=0,	PRINTNET=1,	PRINTLAMBDA=1,	ANCESTDIST=0,	NUMBOXES=1000,	ANCESTPINT=0.90000,	GENSBACK=2,	MIGRPRIOR=0.01000,	PRINTQHAT=0,	PRINTQSUM=1,	ALPHA=1.0000,	FREQSCORR=1,	FPRIORMEAN=0.0100,	FPRIORSD=0.0500,	ONEFST=0,	LAMBDA=1.0000,	UNIFPRIORALPHA=1,	ALPHAMAX=10.0000,	ALPHAPRIORA=1.0000,	ALPHAPRIORB=2.0000,	ALPHAPROPSD=0.0250,	STARTATPOPINFO=0,	RANDOMIZE=1,	LINKAGE=0,	METROFREQ=10,	REPORTHITRATE=0,	MARKOVPHASE=0,	PHASED=0,	PLOIDY=1,	PHASEINFO=0	LOCPRIOR=0, 	LOCPRIORINIT=1.000000, 	LOCDATA=0, 	LOCISPOP=0, 	LOCPRIORSTEP=0.100000, 	MAXLOCPRIOR=20.000000, 	SEED=1641285412,	
[STRAT parameters]:    NUMSIMSTATS=1000,	PHENOTYPECOL=-9,	POOLFREQ=10,	LOCUSxONLY=0,	EMERROR=0.00100,	MISSINGPHENO=-9,	