

----------------------------------------------------
STRUCTURE by Pritchard, Stephens and Donnelly (2000)
     and Falush, Stephens and Pritchard (2003)
       Code by Pritchard, Falush and Hubisz
             Version 2.3.4 (Jul 2012)
----------------------------------------------------



Command line arguments:   ./structure -m mainparams -K 7 -i phonology_structure -L 14 -o outfile_phonology_structure_K7_run46 
Input File:    phonology_structure

Run parameters:
   60 individuals
   14 loci
   7 populations assumed
   10000 Burn-in period
   100000 Reps


--------------------------------------------
Overall proportion of membership of the
sample in each of the 7 clusters

Inferred Clusters
  1      2      3      4      5      6      7    
0.156  0.104  0.118  0.165  0.162  0.135  0.161  

--------------------------------------------

Allele-freq. divergence among pops (Net nucleotide distance),
computed using point estimates of P.

      1       2       3       4       5       6       7      
 1      -    0.0179  0.0091  0.2127  0.0047  0.0030  0.1757  
 2   0.0179     -    0.0020  0.1781  0.0355  0.0069  0.1440  
 3   0.0091  0.0020     -    0.1819  0.0217  0.0024  0.1446  
 4   0.2127  0.1781  0.1819     -    0.2516  0.1855  0.2766  
 5   0.0047  0.0355  0.0217  0.2516     -    0.0138  0.1972  
 6   0.0030  0.0069  0.0024  0.1855  0.0138     -    0.1538  
 7   0.1757  0.1440  0.1446  0.2766  0.1972  0.1538     -    

Average distances (expected heterozygosity) between individuals in same cluster:
cluster  1  : 0.3074 
cluster  2  : 0.3833 
cluster  3  : 0.3638 
cluster  4  : 0.1105 
cluster  5  : 0.2401 
cluster  6  : 0.3512 
cluster  7  : 0.1952 

--------------------------------------------
Estimated Ln Prob of Data   = -362.3
Mean value of ln likelihood = -233.1
Variance of ln likelihood   = 258.4
Mean value of alpha         = 0.0392

Mean value of Fst_1         = 0.4108
Mean value of Fst_2         = 0.1548
Mean value of Fst_3         = 0.2524
Mean value of Fst_4         = 0.7162
Mean value of Fst_5         = 0.5298
Mean value of Fst_6         = 0.2247
Mean value of Fst_7         = 0.5749


Inferred ancestry of individuals:
        Label (%Miss) :  Inferred clusters
  1 torg1245   (21)   :  0.275 0.064 0.160 0.014 0.306 0.166 0.014 
  2 oldj1239   (14)   :  0.093 0.141 0.135 0.053 0.055 0.132 0.392 
  3 crim1257    (0)   :  0.325 0.052 0.067 0.006 0.309 0.233 0.007 
  4 bash1264    (7)   :  0.329 0.057 0.067 0.006 0.309 0.225 0.007 
  5 anat1259    (0)   :  0.299 0.058 0.075 0.025 0.304 0.233 0.006 
  6 okin1246    (0)   :  0.010 0.010 0.010 0.943 0.010 0.010 0.008 
  7 yaku1245    (0)   :  0.162 0.120 0.215 0.014 0.329 0.120 0.040 
  8 daur1238    (0)   :  0.119 0.275 0.217 0.006 0.222 0.148 0.013 
  9 east2337   (14)   :  0.158 0.257 0.236 0.009 0.089 0.228 0.022 
 10 ikem1235    (7)   :  0.012 0.015 0.013 0.928 0.010 0.014 0.007 
 11 sibe1251    (0)   :  0.016 0.017 0.017 0.005 0.017 0.015 0.913 
 12 nort2697    (0)   :  0.305 0.060 0.068 0.024 0.302 0.236 0.006 
 13 bona1250    (0)   :  0.163 0.233 0.240 0.040 0.087 0.197 0.039 
 14 ulch1241   (14)   :  0.088 0.114 0.113 0.010 0.131 0.110 0.434 
 15 nort2935   (14)   :  0.017 0.019 0.021 0.891 0.015 0.018 0.018 
 16 gaga1249    (0)   :  0.264 0.063 0.115 0.055 0.305 0.187 0.010 
 17 tara1319    (0)   :  0.011 0.012 0.011 0.941 0.008 0.011 0.006 
 18 moma1245   (21)   :  0.028 0.046 0.038 0.013 0.027 0.040 0.807 
 19 manc1252    (0)   :  0.140 0.149 0.153 0.019 0.130 0.187 0.222 
 20 shor1247    (0)   :  0.273 0.052 0.164 0.009 0.334 0.159 0.010 
 21 kaza1248    (0)   :  0.331 0.052 0.067 0.006 0.308 0.229 0.007 
 22 midd1351   (14)   :  0.248 0.118 0.116 0.022 0.249 0.223 0.025 
 23 chag1247   (71)   :  0.164 0.212 0.175 0.076 0.149 0.191 0.034 
 24 huih1238   (14)   :  0.043 0.055 0.057 0.020 0.045 0.053 0.727 
 25 ordo1245    (0)   :  0.115 0.264 0.230 0.006 0.230 0.142 0.012 
 26 turk1303    (0)   :  0.284 0.046 0.163 0.009 0.324 0.163 0.011 
 27 negi1245    (0)   :  0.014 0.017 0.016 0.019 0.010 0.014 0.910 
 28 nana1257    (0)   :  0.020 0.022 0.020 0.012 0.015 0.017 0.895 
 29 nort2690    (7)   :  0.191 0.180 0.163 0.055 0.177 0.222 0.012 
 30 shur1243    (0)   :  0.009 0.012 0.013 0.933 0.008 0.011 0.013 
 31 minh1238    (0)   :  0.173 0.241 0.252 0.065 0.080 0.181 0.009 
 32 udih1248    (0)   :  0.026 0.038 0.033 0.016 0.026 0.028 0.833 
 33 oira1262   (14)   :  0.182 0.152 0.196 0.010 0.274 0.174 0.012 
 34 hate1238    (7)   :  0.048 0.045 0.042 0.737 0.047 0.050 0.030 
 35 tata1255    (0)   :  0.326 0.053 0.067 0.006 0.310 0.232 0.007 
 36 turk1304    (0)   :  0.296 0.045 0.159 0.009 0.325 0.156 0.010 
 37 oroc1248    (0)   :  0.027 0.023 0.026 0.015 0.021 0.024 0.864 
 38 chuv1255    (0)   :  0.167 0.213 0.183 0.023 0.211 0.193 0.011 
 39 noga1249   (14)   :  0.253 0.118 0.113 0.022 0.243 0.227 0.024 
 40 dong1285    (7)   :  0.173 0.278 0.236 0.013 0.092 0.189 0.020 
 41 halh1238   (14)   :  0.152 0.263 0.214 0.014 0.134 0.205 0.018 
 42 ogam1239    (0)   :  0.046 0.063 0.066 0.739 0.026 0.049 0.010 
 43 cent2126    (7)   :  0.012 0.013 0.012 0.928 0.012 0.013 0.010 
 44 yona1241   (14)   :  0.172 0.260 0.226 0.027 0.081 0.206 0.029 
 45 kore1280    (0)   :  0.168 0.262 0.227 0.026 0.099 0.208 0.010 
 46 tuvi1240    (0)   :  0.122 0.229 0.227 0.009 0.260 0.134 0.020 
 47 huzh1238    (7)   :  0.180 0.254 0.243 0.036 0.087 0.188 0.012 
 48 khak1248    (0)   :  0.273 0.051 0.159 0.008 0.338 0.161 0.010 
 49 oldu1238    (7)   :  0.286 0.046 0.161 0.009 0.324 0.163 0.012 
 50 nucl1643    (0)   :  0.010 0.010 0.010 0.944 0.009 0.011 0.007 
 51 orok1265   (14)   :  0.011 0.012 0.013 0.014 0.009 0.010 0.932 
 52 midd1372   (14)   :  0.182 0.263 0.245 0.015 0.073 0.202 0.020 
 53 mogh1245   (28)   :  0.207 0.139 0.130 0.042 0.195 0.199 0.090 
 54 uigh1240    (7)   :  0.331 0.052 0.069 0.008 0.298 0.234 0.008 
 55 kara1467   (14)   :  0.320 0.054 0.068 0.007 0.309 0.232 0.008 
 56 russ1264   (14)   :  0.261 0.064 0.162 0.011 0.319 0.169 0.015 
 57 sout2954    (0)   :  0.010 0.012 0.013 0.933 0.009 0.011 0.012 
 58 berj1234    (0)   :  0.013 0.016 0.016 0.009 0.011 0.013 0.923 
 59 kham1281    (0)   :  0.166 0.121 0.217 0.013 0.322 0.121 0.040 
 60 dolg1241    (0)   :  0.279 0.046 0.157 0.009 0.339 0.160 0.010 


Estimated Allele Frequencies in each cluster
First column gives estimated ancestral frequencies


Locus 1 : TE003 
2 alleles
3.3% missing data
   1   (0.508) 0.733 0.587 0.613 0.025 0.840 0.661 0.069 
   0   (0.492) 0.267 0.413 0.387 0.975 0.160 0.339 0.931 

Locus 2 : TE004 
2 alleles
3.3% missing data
   0   (0.847) 0.926 0.882 0.889 0.993 0.957 0.898 0.322 
   1   (0.153) 0.074 0.118 0.111 0.007 0.043 0.102 0.678 

Locus 3 : TE005 
2 alleles
18.3% missing data
   0   (0.774) 0.884 0.806 0.842 0.989 0.926 0.846 0.119 
   1   (0.226) 0.116 0.194 0.158 0.011 0.074 0.154 0.881 

Locus 4 : TE006 
2 alleles
26.7% missing data
   0   (0.628) 0.780 0.670 0.711 0.095 0.872 0.735 0.967 
   1   (0.372) 0.220 0.330 0.289 0.905 0.128 0.265 0.033 

Locus 5 : TE007 
2 alleles
6.7% missing data
   0   (0.736) 0.846 0.765 0.783 0.709 0.919 0.819 0.973 
   1   (0.264) 0.154 0.235 0.217 0.291 0.081 0.181 0.027 

Locus 6 : TE008 
2 alleles
1.7% missing data
   1   (0.604) 0.764 0.565 0.631 0.935 0.791 0.710 0.965 
   0   (0.396) 0.236 0.435 0.369 0.065 0.209 0.290 0.035 

Locus 7 : TE031 
2 alleles
1.7% missing data
   1   (0.784) 0.840 0.823 0.833 0.036 0.867 0.814 0.981 
   0   (0.216) 0.160 0.177 0.167 0.964 0.133 0.186 0.019 

Locus 8 : TE037 
2 alleles
1.7% missing data
   1   (0.505) 0.721 0.487 0.546 0.613 0.724 0.636 0.114 
   0   (0.495) 0.279 0.513 0.454 0.387 0.276 0.364 0.886 

Locus 9 : TE038 
2 alleles
1.7% missing data
   1   (0.700) 0.853 0.753 0.793 0.034 0.913 0.785 0.663 
   0   (0.300) 0.147 0.247 0.207 0.966 0.087 0.215 0.337 

Locus 10 : TE039 
2 alleles
5.0% missing data
   1   (0.605) 0.522 0.613 0.645 0.973 0.585 0.544 0.930 
   0   (0.395) 0.478 0.387 0.355 0.027 0.415 0.456 0.070 

Locus 11 : TE078 
2 alleles
3.3% missing data
   0   (0.823) 0.897 0.834 0.864 0.992 0.943 0.870 0.984 
   1   (0.177) 0.103 0.166 0.136 0.008 0.057 0.130 0.016 

Locus 12 : TS079 
2 alleles
10.0% missing data
   0   (0.868) 0.936 0.900 0.909 0.994 0.962 0.912 0.499 
   1   (0.132) 0.064 0.100 0.091 0.006 0.038 0.088 0.501 

Locus 13 : TS080 
2 alleles
10.0% missing data
   0   (0.693) 0.409 0.616 0.536 0.986 0.266 0.517 0.773 
   1   (0.307) 0.591 0.384 0.464 0.014 0.734 0.483 0.227 

Locus 14 : TS088 
2 alleles
1.7% missing data
   0   (0.553) 0.727 0.523 0.604 0.978 0.795 0.671 0.960 
   1   (0.447) 0.273 0.477 0.396 0.022 0.205 0.329 0.040 

Values of parameters used in structure:
DATAFILE=phonology_structure,	OUTFILE=outfile_phonology_structure_K7_run46,	NUMINDS=60,	NUMLOCI=14,	MISSING=-9,	LABEL=1,	POPDATA=0,	POPFLAG=0,	PHENOTYPE=0,	EXTRACOLS=0,	MAXPOPS=7,	BURNIN=10000,	NUMREPS=100000,	USEPOPINFO=0,	INFERALPHA=1,	INFERLAMBDA=0,	POPSPECIFICLAMBDA=0,	POPALPHAS=0,	COMPUTEPROB=1,	NOADMIX=0,	ADMBURNIN=500,	UPDATEFREQ=100,	PRINTLIKES=0,	INTERMEDSAVE=0,	PRINTKLD=0,	PRINTNET=1,	PRINTLAMBDA=1,	ANCESTDIST=0,	NUMBOXES=1000,	ANCESTPINT=0.90000,	GENSBACK=2,	MIGRPRIOR=0.01000,	PRINTQHAT=0,	PRINTQSUM=1,	ALPHA=1.0000,	FREQSCORR=1,	FPRIORMEAN=0.0100,	FPRIORSD=0.0500,	ONEFST=0,	LAMBDA=1.0000,	UNIFPRIORALPHA=1,	ALPHAMAX=10.0000,	ALPHAPRIORA=1.0000,	ALPHAPRIORB=2.0000,	ALPHAPROPSD=0.0250,	STARTATPOPINFO=0,	RANDOMIZE=1,	LINKAGE=0,	METROFREQ=10,	REPORTHITRATE=0,	MARKOVPHASE=0,	PHASED=0,	PLOIDY=1,	PHASEINFO=0	LOCPRIOR=0, 	LOCPRIORINIT=1.000000, 	LOCDATA=0, 	LOCISPOP=0, 	LOCPRIORSTEP=0.100000, 	MAXLOCPRIOR=20.000000, 	SEED=1641290649,	
[STRAT parameters]:    NUMSIMSTATS=1000,	PHENOTYPECOL=-9,	POOLFREQ=10,	LOCUSxONLY=0,	EMERROR=0.00100,	MISSINGPHENO=-9,	