

----------------------------------------------------
STRUCTURE by Pritchard, Stephens and Donnelly (2000)
     and Falush, Stephens and Pritchard (2003)
       Code by Pritchard, Falush and Hubisz
             Version 2.3.4 (Jul 2012)
----------------------------------------------------



Command line arguments:   ./structure -m mainparams -K 4 -i phonology_structure -L 14 -o outfile_phonology_structure_K4_run6 
Input File:    phonology_structure

Run parameters:
   60 individuals
   14 loci
   4 populations assumed
   10000 Burn-in period
   100000 Reps


--------------------------------------------
Overall proportion of membership of the
sample in each of the 4 clusters

Inferred Clusters
  1      2      3      4    
0.176  0.405  0.192  0.227  

--------------------------------------------

Allele-freq. divergence among pops (Net nucleotide distance),
computed using point estimates of P.

      1       2       3       4      
 1      -    0.3183  0.2587  0.1617  
 2   0.3183     -    0.2373  0.1462  
 3   0.2587  0.2373     -    0.1433  
 4   0.1617  0.1462  0.1433     -    

Average distances (expected heterozygosity) between individuals in same cluster:
cluster  1  : 0.1182 
cluster  2  : 0.1050 
cluster  3  : 0.2164 
cluster  4  : 0.4067 

--------------------------------------------
Estimated Ln Prob of Data   = -272.6
Mean value of ln likelihood = -238.0
Variance of ln likelihood   = 69.2
Mean value of alpha         = 0.0442

Mean value of Fst_1         = 0.6957
Mean value of Fst_2         = 0.6779
Mean value of Fst_3         = 0.5297
Mean value of Fst_4         = 0.0575


Inferred ancestry of individuals:
        Label (%Miss) :  Inferred clusters
  1 torg1245   (21)   :  0.015 0.931 0.019 0.034 
  2 oldj1239   (14)   :  0.060 0.033 0.667 0.240 
  3 crim1257    (0)   :  0.007 0.971 0.009 0.013 
  4 bash1264    (7)   :  0.007 0.973 0.009 0.012 
  5 anat1259    (0)   :  0.023 0.952 0.007 0.017 
  6 okin1246    (0)   :  0.970 0.010 0.009 0.011 
  7 yaku1245    (0)   :  0.016 0.873 0.062 0.048 
  8 daur1238    (0)   :  0.009 0.332 0.021 0.638 
  9 east2337   (14)   :  0.011 0.020 0.029 0.940 
 10 ikem1235    (7)   :  0.966 0.009 0.009 0.016 
 11 sibe1251    (0)   :  0.006 0.021 0.962 0.011 
 12 nort2697    (0)   :  0.023 0.952 0.007 0.017 
 13 bona1250    (0)   :  0.047 0.013 0.058 0.882 
 14 ulch1241   (14)   :  0.011 0.228 0.675 0.086 
 15 nort2935   (14)   :  0.950 0.012 0.019 0.019 
 16 gaga1249    (0)   :  0.037 0.933 0.010 0.020 
 17 tara1319    (0)   :  0.971 0.008 0.007 0.014 
 18 moma1245   (21)   :  0.014 0.023 0.931 0.032 
 19 manc1252    (0)   :  0.028 0.195 0.445 0.332 
 20 shor1247    (0)   :  0.010 0.965 0.012 0.014 
 21 kaza1248    (0)   :  0.007 0.974 0.008 0.011 
 22 midd1351   (14)   :  0.032 0.755 0.056 0.157 
 23 chag1247   (71)   :  0.119 0.256 0.073 0.552 
 24 huih1238   (14)   :  0.027 0.048 0.861 0.065 
 25 ordo1245    (0)   :  0.009 0.312 0.022 0.657 
 26 turk1303    (0)   :  0.009 0.966 0.012 0.012 
 27 negi1245    (0)   :  0.021 0.008 0.955 0.015 
 28 nana1257    (0)   :  0.012 0.013 0.958 0.017 
 29 nort2690    (7)   :  0.106 0.393 0.019 0.482 
 30 shur1243    (0)   :  0.965 0.008 0.013 0.013 
 31 minh1238    (0)   :  0.066 0.009 0.009 0.916 
 32 udih1248    (0)   :  0.017 0.026 0.931 0.026 
 33 oira1262   (14)   :  0.012 0.714 0.023 0.252 
 34 hate1238    (7)   :  0.839 0.061 0.045 0.055 
 35 tata1255    (0)   :  0.007 0.973 0.009 0.011 
 36 turk1304    (0)   :  0.009 0.965 0.012 0.014 
 37 oroc1248    (0)   :  0.018 0.027 0.930 0.026 
 38 chuv1255    (0)   :  0.030 0.641 0.017 0.312 
 39 noga1249   (14)   :  0.035 0.765 0.050 0.150 
 40 dong1285    (7)   :  0.015 0.019 0.032 0.934 
 41 halh1238   (14)   :  0.017 0.085 0.029 0.870 
 42 ogam1239    (0)   :  0.840 0.008 0.010 0.142 
 43 cent2126    (7)   :  0.962 0.014 0.010 0.013 
 44 yona1241   (14)   :  0.034 0.012 0.048 0.906 
 45 kore1280    (0)   :  0.026 0.011 0.010 0.952 
 46 tuvi1240    (0)   :  0.016 0.638 0.042 0.304 
 47 huzh1238    (7)   :  0.033 0.011 0.012 0.943 
 48 khak1248    (0)   :  0.010 0.963 0.012 0.015 
 49 oldu1238    (7)   :  0.010 0.961 0.015 0.014 
 50 nucl1643    (0)   :  0.971 0.010 0.008 0.011 
 51 orok1265   (14)   :  0.016 0.009 0.964 0.012 
 52 midd1372   (14)   :  0.015 0.007 0.022 0.956 
 53 mogh1245   (28)   :  0.062 0.471 0.228 0.240 
 54 uigh1240    (7)   :  0.008 0.968 0.009 0.015 
 55 kara1467   (14)   :  0.008 0.966 0.011 0.014 
 56 russ1264   (14)   :  0.011 0.951 0.019 0.018 
 57 sout2954    (0)   :  0.964 0.008 0.014 0.013 
 58 berj1234    (0)   :  0.011 0.011 0.963 0.015 
 59 kham1281    (0)   :  0.016 0.870 0.061 0.052 
 60 dolg1241    (0)   :  0.009 0.966 0.012 0.013 


Estimated Allele Frequencies in each cluster
First column gives estimated ancestral frequencies


Locus 1 : TE003 
2 alleles
3.3% missing data
   1   (0.431) 0.025 0.982 0.088 0.439 
   0   (0.569) 0.975 0.018 0.912 0.561 

Locus 2 : TE004 
2 alleles
3.3% missing data
   0   (0.810) 0.991 0.996 0.387 0.842 
   1   (0.190) 0.009 0.004 0.613 0.158 

Locus 3 : TE005 
2 alleles
18.3% missing data
   0   (0.762) 0.988 0.992 0.150 0.790 
   1   (0.238) 0.012 0.008 0.850 0.210 

Locus 4 : TE006 
2 alleles
26.7% missing data
   0   (0.581) 0.112 0.983 0.961 0.535 
   1   (0.419) 0.888 0.017 0.039 0.465 

Locus 5 : TE007 
2 alleles
6.7% missing data
   0   (0.674) 0.706 0.993 0.968 0.638 
   1   (0.326) 0.294 0.007 0.032 0.362 

Locus 6 : TE008 
2 alleles
1.7% missing data
   1   (0.547) 0.909 0.931 0.959 0.472 
   0   (0.453) 0.091 0.069 0.041 0.528 

Locus 7 : TE031 
2 alleles
1.7% missing data
   1   (0.747) 0.038 0.865 0.979 0.797 
   0   (0.253) 0.962 0.135 0.021 0.203 

Locus 8 : TE037 
2 alleles
1.7% missing data
   1   (0.486) 0.605 0.867 0.144 0.490 
   0   (0.514) 0.395 0.133 0.856 0.510 

Locus 9 : TE038 
2 alleles
1.7% missing data
   1   (0.658) 0.035 0.993 0.673 0.690 
   0   (0.342) 0.965 0.007 0.327 0.310 

Locus 10 : TE039 
2 alleles
5.0% missing data
   1   (0.610) 0.970 0.519 0.878 0.586 
   0   (0.390) 0.030 0.481 0.122 0.414 

Locus 11 : TE078 
2 alleles
3.3% missing data
   0   (0.790) 0.990 0.995 0.981 0.755 
   1   (0.210) 0.010 0.005 0.019 0.245 

Locus 12 : TS079 
2 alleles
10.0% missing data
   0   (0.834) 0.992 0.996 0.549 0.867 
   1   (0.166) 0.008 0.004 0.451 0.133 

Locus 13 : TS080 
2 alleles
10.0% missing data
   0   (0.731) 0.988 0.081 0.770 0.777 
   1   (0.269) 0.012 0.919 0.230 0.223 

Locus 14 : TS088 
2 alleles
1.7% missing data
   0   (0.476) 0.973 0.950 0.951 0.361 
   1   (0.524) 0.027 0.050 0.049 0.639 

Values of parameters used in structure:
DATAFILE=phonology_structure,	OUTFILE=outfile_phonology_structure_K4_run6,	NUMINDS=60,	NUMLOCI=14,	MISSING=-9,	LABEL=1,	POPDATA=0,	POPFLAG=0,	PHENOTYPE=0,	EXTRACOLS=0,	MAXPOPS=4,	BURNIN=10000,	NUMREPS=100000,	USEPOPINFO=0,	INFERALPHA=1,	INFERLAMBDA=0,	POPSPECIFICLAMBDA=0,	POPALPHAS=0,	COMPUTEPROB=1,	NOADMIX=0,	ADMBURNIN=500,	UPDATEFREQ=100,	PRINTLIKES=0,	INTERMEDSAVE=0,	PRINTKLD=0,	PRINTNET=1,	PRINTLAMBDA=1,	ANCESTDIST=0,	NUMBOXES=1000,	ANCESTPINT=0.90000,	GENSBACK=2,	MIGRPRIOR=0.01000,	PRINTQHAT=0,	PRINTQSUM=1,	ALPHA=1.0000,	FREQSCORR=1,	FPRIORMEAN=0.0100,	FPRIORSD=0.0500,	ONEFST=0,	LAMBDA=1.0000,	UNIFPRIORALPHA=1,	ALPHAMAX=10.0000,	ALPHAPRIORA=1.0000,	ALPHAPRIORB=2.0000,	ALPHAPROPSD=0.0250,	STARTATPOPINFO=0,	RANDOMIZE=1,	LINKAGE=0,	METROFREQ=10,	REPORTHITRATE=0,	MARKOVPHASE=0,	PHASED=0,	PLOIDY=1,	PHASEINFO=0	LOCPRIOR=0, 	LOCPRIORINIT=1.000000, 	LOCDATA=0, 	LOCISPOP=0, 	LOCPRIORSTEP=0.100000, 	MAXLOCPRIOR=20.000000, 	SEED=1641219621,	
[STRAT parameters]:    NUMSIMSTATS=1000,	PHENOTYPECOL=-9,	POOLFREQ=10,	LOCUSxONLY=0,	EMERROR=0.00100,	MISSINGPHENO=-9,	