

----------------------------------------------------
STRUCTURE by Pritchard, Stephens and Donnelly (2000)
     and Falush, Stephens and Pritchard (2003)
       Code by Pritchard, Falush and Hubisz
             Version 2.3.4 (Jul 2012)
----------------------------------------------------



Command line arguments:   ./structure -m mainparams -K 5 -i phonology_structure -L 14 -o outfile_phonology_structure_K5_run46 
Input File:    phonology_structure

Run parameters:
   60 individuals
   14 loci
   5 populations assumed
   10000 Burn-in period
   100000 Reps


--------------------------------------------
Overall proportion of membership of the
sample in each of the 5 clusters

Inferred Clusters
  1      2      3      4      5    
0.179  0.162  0.171  0.161  0.326  

--------------------------------------------

Allele-freq. divergence among pops (Net nucleotide distance),
computed using point estimates of P.

      1       2       3       4       5      
 1      -    0.1447  0.2669  0.1470  0.2634  
 2   0.1447     -    0.1828  0.0022  0.0985  
 3   0.2669  0.1828     -    0.1728  0.3257  
 4   0.1470  0.0022  0.1728     -    0.1209  
 5   0.2634  0.0985  0.3257  0.1209     -    

Average distances (expected heterozygosity) between individuals in same cluster:
cluster  1  : 0.2043 
cluster  2  : 0.3768 
cluster  3  : 0.1146 
cluster  4  : 0.3935 
cluster  5  : 0.0889 

--------------------------------------------
Estimated Ln Prob of Data   = -328.3
Mean value of ln likelihood = -228.9
Variance of ln likelihood   = 198.8
Mean value of alpha         = 0.0412

Mean value of Fst_1         = 0.5558
Mean value of Fst_2         = 0.2250
Mean value of Fst_3         = 0.6964
Mean value of Fst_4         = 0.1860
Mean value of Fst_5         = 0.7334


Inferred ancestry of individuals:
        Label (%Miss) :  Inferred clusters
  1 torg1245   (21)   :  0.018 0.130 0.017 0.101 0.735 
  2 oldj1239   (14)   :  0.536 0.171 0.062 0.199 0.032 
  3 crim1257    (0)   :  0.008 0.021 0.006 0.018 0.947 
  4 bash1264    (7)   :  0.008 0.025 0.006 0.017 0.944 
  5 anat1259    (0)   :  0.007 0.040 0.023 0.028 0.903 
  6 okin1246    (0)   :  0.008 0.010 0.963 0.009 0.009 
  7 yaku1245    (0)   :  0.050 0.294 0.015 0.207 0.435 
  8 daur1238    (0)   :  0.014 0.484 0.007 0.415 0.080 
  9 east2337   (14)   :  0.026 0.418 0.010 0.529 0.017 
 10 ikem1235    (7)   :  0.008 0.015 0.954 0.014 0.009 
 11 sibe1251    (0)   :  0.949 0.014 0.005 0.012 0.019 
 12 nort2697    (0)   :  0.007 0.040 0.023 0.026 0.904 
 13 bona1250    (0)   :  0.043 0.417 0.038 0.491 0.011 
 14 ulch1241   (14)   :  0.547 0.180 0.011 0.137 0.126 
 15 nort2935   (14)   :  0.020 0.020 0.932 0.018 0.010 
 16 gaga1249    (0)   :  0.009 0.113 0.045 0.063 0.770 
 17 tara1319    (0)   :  0.006 0.011 0.962 0.013 0.007 
 18 moma1245   (21)   :  0.898 0.038 0.013 0.033 0.018 
 19 manc1252    (0)   :  0.397 0.156 0.027 0.178 0.241 
 20 shor1247    (0)   :  0.011 0.127 0.010 0.084 0.768 
 21 kaza1248    (0)   :  0.008 0.023 0.007 0.016 0.947 
 22 midd1351   (14)   :  0.037 0.103 0.027 0.111 0.722 
 23 chag1247   (71)   :  0.049 0.319 0.101 0.332 0.200 
 24 huih1238   (14)   :  0.834 0.055 0.024 0.048 0.039 
 25 ordo1245    (0)   :  0.015 0.487 0.007 0.411 0.079 
 26 turk1303    (0)   :  0.011 0.130 0.009 0.078 0.771 
 27 negi1245    (0)   :  0.947 0.013 0.019 0.014 0.007 
 28 nana1257    (0)   :  0.940 0.018 0.012 0.018 0.012 
 29 nort2690    (7)   :  0.015 0.244 0.081 0.268 0.392 
 30 shur1243    (0)   :  0.013 0.011 0.954 0.015 0.007 
 31 minh1238    (0)   :  0.008 0.412 0.057 0.514 0.009 
 32 udih1248    (0)   :  0.904 0.028 0.017 0.028 0.024 
 33 oira1262   (14)   :  0.017 0.331 0.012 0.267 0.374 
 34 hate1238    (7)   :  0.040 0.045 0.812 0.045 0.059 
 35 tata1255    (0)   :  0.008 0.025 0.006 0.016 0.944 
 36 turk1304    (0)   :  0.011 0.131 0.010 0.083 0.765 
 37 oroc1248    (0)   :  0.917 0.019 0.017 0.021 0.025 
 38 chuv1255    (0)   :  0.015 0.341 0.029 0.298 0.317 
 39 noga1249   (14)   :  0.034 0.106 0.028 0.117 0.716 
 40 dong1285    (7)   :  0.021 0.416 0.014 0.530 0.019 
 41 halh1238   (14)   :  0.025 0.426 0.017 0.489 0.044 
 42 ogam1239    (0)   :  0.010 0.094 0.769 0.121 0.006 
 43 cent2126    (7)   :  0.011 0.012 0.952 0.013 0.013 
 44 yona1241   (14)   :  0.030 0.415 0.029 0.515 0.011 
 45 kore1280    (0)   :  0.010 0.428 0.024 0.529 0.010 
 46 tuvi1240    (0)   :  0.024 0.436 0.011 0.335 0.193 
 47 huzh1238    (7)   :  0.011 0.405 0.034 0.541 0.010 
 48 khak1248    (0)   :  0.011 0.138 0.009 0.085 0.757 
 49 oldu1238    (7)   :  0.016 0.132 0.009 0.079 0.763 
 50 nucl1643    (0)   :  0.008 0.010 0.963 0.010 0.010 
 51 orok1265   (14)   :  0.957 0.011 0.014 0.011 0.008 
 52 midd1372   (14)   :  0.021 0.432 0.013 0.527 0.006 
 53 mogh1245   (28)   :  0.155 0.151 0.056 0.157 0.481 
 54 uigh1240    (7)   :  0.008 0.030 0.007 0.019 0.936 
 55 kara1467   (14)   :  0.009 0.025 0.008 0.020 0.939 
 56 russ1264   (14)   :  0.017 0.146 0.012 0.083 0.742 
 57 sout2954    (0)   :  0.012 0.012 0.954 0.014 0.007 
 58 berj1234    (0)   :  0.954 0.014 0.009 0.013 0.010 
 59 kham1281    (0)   :  0.048 0.298 0.015 0.213 0.426 
 60 dolg1241    (0)   :  0.011 0.129 0.009 0.080 0.771 


Estimated Allele Frequencies in each cluster
First column gives estimated ancestral frequencies


Locus 1 : TE003 
2 alleles
3.3% missing data
   1   (0.471) 0.074 0.636 0.026 0.558 0.979 
   0   (0.529) 0.926 0.364 0.974 0.442 0.021 

Locus 2 : TE004 
2 alleles
3.3% missing data
   0   (0.835) 0.348 0.904 0.992 0.886 0.996 
   1   (0.165) 0.652 0.096 0.008 0.114 0.004 

Locus 3 : TE005 
2 alleles
18.3% missing data
   0   (0.738) 0.135 0.819 0.987 0.798 0.992 
   1   (0.262) 0.865 0.181 0.013 0.202 0.008 

Locus 4 : TE006 
2 alleles
26.7% missing data
   0   (0.572) 0.964 0.663 0.105 0.595 0.977 
   1   (0.428) 0.036 0.337 0.895 0.405 0.023 

Locus 5 : TE007 
2 alleles
6.7% missing data
   0   (0.677) 0.970 0.746 0.712 0.687 0.993 
   1   (0.323) 0.030 0.254 0.288 0.313 0.007 

Locus 6 : TE008 
2 alleles
1.7% missing data
   1   (0.584) 0.965 0.534 0.926 0.505 0.979 
   0   (0.416) 0.035 0.466 0.074 0.495 0.021 

Locus 7 : TE031 
2 alleles
1.7% missing data
   1   (0.733) 0.979 0.816 0.037 0.818 0.857 
   0   (0.267) 0.021 0.184 0.963 0.182 0.143 

Locus 8 : TE037 
2 alleles
1.7% missing data
   1   (0.485) 0.132 0.449 0.612 0.465 0.951 
   0   (0.515) 0.868 0.551 0.388 0.535 0.049 

Locus 9 : TE038 
2 alleles
1.7% missing data
   1   (0.655) 0.669 0.767 0.035 0.740 0.993 
   0   (0.345) 0.331 0.233 0.965 0.260 0.007 

Locus 10 : TE039 
2 alleles
5.0% missing data
   1   (0.612) 0.905 0.686 0.971 0.645 0.402 
   0   (0.388) 0.095 0.314 0.029 0.355 0.598 

Locus 11 : TE078 
2 alleles
3.3% missing data
   0   (0.803) 0.984 0.838 0.990 0.801 0.996 
   1   (0.197) 0.016 0.162 0.010 0.199 0.004 

Locus 12 : TS079 
2 alleles
10.0% missing data
   0   (0.842) 0.525 0.905 0.993 0.901 0.996 
   1   (0.158) 0.475 0.095 0.007 0.099 0.004 

Locus 13 : TS080 
2 alleles
10.0% missing data
   0   (0.732) 0.775 0.569 0.988 0.658 0.106 
   1   (0.268) 0.225 0.431 0.012 0.342 0.894 

Locus 14 : TS088 
2 alleles
1.7% missing data
   0   (0.520) 0.960 0.497 0.975 0.441 0.980 
   1   (0.480) 0.040 0.503 0.025 0.559 0.020 

Values of parameters used in structure:
DATAFILE=phonology_structure,	OUTFILE=outfile_phonology_structure_K5_run46,	NUMINDS=60,	NUMLOCI=14,	MISSING=-9,	LABEL=1,	POPDATA=0,	POPFLAG=0,	PHENOTYPE=0,	EXTRACOLS=0,	MAXPOPS=5,	BURNIN=10000,	NUMREPS=100000,	USEPOPINFO=0,	INFERALPHA=1,	INFERLAMBDA=0,	POPSPECIFICLAMBDA=0,	POPALPHAS=0,	COMPUTEPROB=1,	NOADMIX=0,	ADMBURNIN=500,	UPDATEFREQ=100,	PRINTLIKES=0,	INTERMEDSAVE=0,	PRINTKLD=0,	PRINTNET=1,	PRINTLAMBDA=1,	ANCESTDIST=0,	NUMBOXES=1000,	ANCESTPINT=0.90000,	GENSBACK=2,	MIGRPRIOR=0.01000,	PRINTQHAT=0,	PRINTQSUM=1,	ALPHA=1.0000,	FREQSCORR=1,	FPRIORMEAN=0.0100,	FPRIORSD=0.0500,	ONEFST=0,	LAMBDA=1.0000,	UNIFPRIORALPHA=1,	ALPHAMAX=10.0000,	ALPHAPRIORA=1.0000,	ALPHAPRIORB=2.0000,	ALPHAPROPSD=0.0250,	STARTATPOPINFO=0,	RANDOMIZE=1,	LINKAGE=0,	METROFREQ=10,	REPORTHITRATE=0,	MARKOVPHASE=0,	PHASED=0,	PLOIDY=1,	PHASEINFO=0	LOCPRIOR=0, 	LOCPRIORINIT=1.000000, 	LOCDATA=0, 	LOCISPOP=0, 	LOCPRIORSTEP=0.100000, 	MAXLOCPRIOR=20.000000, 	SEED=1641290536,	
[STRAT parameters]:    NUMSIMSTATS=1000,	PHENOTYPECOL=-9,	POOLFREQ=10,	LOCUSxONLY=0,	EMERROR=0.00100,	MISSINGPHENO=-9,	