

----------------------------------------------------
STRUCTURE by Pritchard, Stephens and Donnelly (2000)
     and Falush, Stephens and Pritchard (2003)
       Code by Pritchard, Falush and Hubisz
             Version 2.3.4 (Jul 2012)
----------------------------------------------------



Command line arguments:   ./structure -m mainparams -K 5 -i phonology_structure -L 14 -o outfile_phonology_structure_K5_run40 
Input File:    phonology_structure

Run parameters:
   60 individuals
   14 loci
   5 populations assumed
   10000 Burn-in period
   100000 Reps


--------------------------------------------
Overall proportion of membership of the
sample in each of the 5 clusters

Inferred Clusters
  1      2      3      4      5    
0.172  0.182  0.179  0.212  0.255  

--------------------------------------------

Allele-freq. divergence among pops (Net nucleotide distance),
computed using point estimates of P.

      1       2       3       4       5      
 1      -    0.2031  0.2639  0.1885  0.2517  
 2   0.2031     -    0.1519  0.0034  0.0215  
 3   0.2639  0.1519     -    0.1534  0.1969  
 4   0.1885  0.0034  0.1534     -    0.0166  
 5   0.2517  0.0215  0.1969  0.0166     -    

Average distances (expected heterozygosity) between individuals in same cluster:
cluster  1  : 0.1163 
cluster  2  : 0.3443 
cluster  3  : 0.2063 
cluster  4  : 0.3551 
cluster  5  : 0.2393 

--------------------------------------------
Estimated Ln Prob of Data   = -339.4
Mean value of ln likelihood = -226.3
Variance of ln likelihood   = 226.1
Mean value of alpha         = 0.0409

Mean value of Fst_1         = 0.6909
Mean value of Fst_2         = 0.3329
Mean value of Fst_3         = 0.5384
Mean value of Fst_4         = 0.3474
Mean value of Fst_5         = 0.5595


Inferred ancestry of individuals:
        Label (%Miss) :  Inferred clusters
  1 torg1245   (21)   :  0.017 0.204 0.017 0.273 0.489 
  2 oldj1239   (14)   :  0.059 0.140 0.563 0.161 0.077 
  3 crim1257    (0)   :  0.006 0.112 0.008 0.292 0.582 
  4 bash1264    (7)   :  0.006 0.109 0.008 0.293 0.583 
  5 anat1259    (0)   :  0.023 0.129 0.007 0.284 0.557 
  6 okin1246    (0)   :  0.965 0.009 0.008 0.009 0.009 
  7 yaku1245    (0)   :  0.014 0.373 0.046 0.227 0.341 
  8 daur1238    (0)   :  0.007 0.510 0.011 0.250 0.223 
  9 east2337   (14)   :  0.011 0.366 0.028 0.413 0.182 
 10 ikem1235    (7)   :  0.953 0.012 0.008 0.015 0.011 
 11 sibe1251    (0)   :  0.006 0.015 0.950 0.013 0.017 
 12 nort2697    (0)   :  0.023 0.117 0.007 0.276 0.577 
 13 bona1250    (0)   :  0.046 0.329 0.048 0.413 0.164 
 14 ulch1241   (14)   :  0.011 0.182 0.551 0.120 0.137 
 15 nort2935   (14)   :  0.936 0.016 0.019 0.018 0.012 
 16 gaga1249    (0)   :  0.045 0.178 0.010 0.258 0.508 
 17 tara1319    (0)   :  0.964 0.010 0.006 0.011 0.009 
 18 moma1245   (21)   :  0.013 0.032 0.905 0.029 0.021 
 19 manc1252    (0)   :  0.026 0.181 0.372 0.222 0.198 
 20 shor1247    (0)   :  0.010 0.199 0.011 0.286 0.495 
 21 kaza1248    (0)   :  0.006 0.106 0.008 0.288 0.591 
 22 midd1351   (14)   :  0.026 0.165 0.032 0.311 0.466 
 23 chag1247   (71)   :  0.102 0.301 0.050 0.300 0.247 
 24 huih1238   (14)   :  0.024 0.055 0.824 0.053 0.044 
 25 ordo1245    (0)   :  0.007 0.504 0.013 0.252 0.225 
 26 turk1303    (0)   :  0.010 0.203 0.012 0.280 0.495 
 27 negi1245    (0)   :  0.019 0.012 0.948 0.012 0.009 
 28 nana1257    (0)   :  0.012 0.015 0.944 0.015 0.013 
 29 nort2690    (7)   :  0.084 0.236 0.016 0.331 0.334 
 30 shur1243    (0)   :  0.958 0.011 0.012 0.010 0.008 
 31 minh1238    (0)   :  0.064 0.324 0.007 0.432 0.172 
 32 udih1248    (0)   :  0.017 0.026 0.910 0.023 0.024 
 33 oira1262   (14)   :  0.011 0.401 0.016 0.260 0.311 
 34 hate1238    (7)   :  0.817 0.046 0.039 0.047 0.051 
 35 tata1255    (0)   :  0.007 0.111 0.007 0.290 0.584 
 36 turk1304    (0)   :  0.010 0.203 0.011 0.288 0.488 
 37 oroc1248    (0)   :  0.015 0.021 0.916 0.024 0.024 
 38 chuv1255    (0)   :  0.029 0.389 0.014 0.266 0.302 
 39 noga1249   (14)   :  0.026 0.164 0.035 0.298 0.476 
 40 dong1285    (7)   :  0.013 0.353 0.022 0.434 0.178 
 41 halh1238   (14)   :  0.017 0.425 0.024 0.344 0.191 
 42 ogam1239    (0)   :  0.796 0.075 0.010 0.077 0.042 
 43 cent2126    (7)   :  0.955 0.011 0.010 0.012 0.012 
 44 yona1241   (14)   :  0.028 0.340 0.037 0.425 0.170 
 45 kore1280    (0)   :  0.027 0.349 0.010 0.432 0.181 
 46 tuvi1240    (0)   :  0.009 0.488 0.019 0.224 0.259 
 47 huzh1238    (7)   :  0.032 0.358 0.012 0.429 0.170 
 48 khak1248    (0)   :  0.009 0.201 0.011 0.280 0.499 
 49 oldu1238    (7)   :  0.010 0.200 0.016 0.283 0.491 
 50 nucl1643    (0)   :  0.962 0.010 0.008 0.011 0.010 
 51 orok1265   (14)   :  0.014 0.009 0.958 0.010 0.008 
 52 midd1372   (14)   :  0.013 0.349 0.021 0.448 0.169 
 53 mogh1245   (28)   :  0.053 0.189 0.149 0.263 0.345 
 54 uigh1240    (7)   :  0.008 0.112 0.008 0.290 0.583 
 55 kara1467   (14)   :  0.008 0.110 0.009 0.288 0.585 
 56 russ1264   (14)   :  0.012 0.198 0.016 0.282 0.492 
 57 sout2954    (0)   :  0.957 0.011 0.013 0.011 0.008 
 58 berj1234    (0)   :  0.009 0.012 0.955 0.012 0.011 
 59 kham1281    (0)   :  0.015 0.374 0.044 0.227 0.340 
 60 dolg1241    (0)   :  0.010 0.201 0.011 0.278 0.499 


Estimated Allele Frequencies in each cluster
First column gives estimated ancestral frequencies


Locus 1 : TE003 
2 alleles
3.3% missing data
   1   (0.441) 0.025 0.686 0.074 0.649 0.844 
   0   (0.559) 0.975 0.314 0.926 0.351 0.156 

Locus 2 : TE004 
2 alleles
3.3% missing data
   0   (0.813) 0.991 0.916 0.355 0.909 0.959 
   1   (0.187) 0.009 0.084 0.645 0.091 0.041 

Locus 3 : TE005 
2 alleles
18.3% missing data
   0   (0.750) 0.987 0.870 0.136 0.861 0.939 
   1   (0.250) 0.013 0.130 0.864 0.139 0.061 

Locus 4 : TE006 
2 alleles
26.7% missing data
   0   (0.616) 0.112 0.750 0.965 0.710 0.867 
   1   (0.384) 0.888 0.250 0.035 0.290 0.133 

Locus 5 : TE007 
2 alleles
6.7% missing data
   0   (0.700) 0.709 0.803 0.970 0.777 0.905 
   1   (0.300) 0.291 0.197 0.030 0.223 0.095 

Locus 6 : TE008 
2 alleles
1.7% missing data
   1   (0.624) 0.925 0.580 0.966 0.672 0.805 
   0   (0.376) 0.075 0.420 0.034 0.328 0.195 

Locus 7 : TE031 
2 alleles
1.7% missing data
   1   (0.732) 0.039 0.844 0.977 0.831 0.849 
   0   (0.268) 0.961 0.156 0.023 0.169 0.151 

Locus 8 : TE037 
2 alleles
1.7% missing data
   1   (0.513) 0.610 0.511 0.136 0.638 0.769 
   0   (0.487) 0.390 0.489 0.864 0.362 0.231 

Locus 9 : TE038 
2 alleles
1.7% missing data
   1   (0.665) 0.036 0.832 0.663 0.811 0.918 
   0   (0.335) 0.964 0.168 0.337 0.189 0.082 

Locus 10 : TE039 
2 alleles
5.0% missing data
   1   (0.600) 0.969 0.665 0.900 0.547 0.500 
   0   (0.400) 0.031 0.335 0.100 0.453 0.500 

Locus 11 : TE078 
2 alleles
3.3% missing data
   0   (0.809) 0.991 0.869 0.983 0.847 0.933 
   1   (0.191) 0.009 0.131 0.017 0.153 0.067 

Locus 12 : TS079 
2 alleles
10.0% missing data
   0   (0.842) 0.993 0.932 0.526 0.929 0.967 
   1   (0.158) 0.007 0.068 0.474 0.071 0.033 

Locus 13 : TS080 
2 alleles
10.0% missing data
   0   (0.700) 0.986 0.460 0.772 0.503 0.272 
   1   (0.300) 0.014 0.540 0.228 0.497 0.728 

Locus 14 : TS088 
2 alleles
1.7% missing data
   0   (0.565) 0.977 0.562 0.961 0.609 0.793 
   1   (0.435) 0.023 0.438 0.039 0.391 0.207 

Values of parameters used in structure:
DATAFILE=phonology_structure,	OUTFILE=outfile_phonology_structure_K5_run40,	NUMINDS=60,	NUMLOCI=14,	MISSING=-9,	LABEL=1,	POPDATA=0,	POPFLAG=0,	PHENOTYPE=0,	EXTRACOLS=0,	MAXPOPS=5,	BURNIN=10000,	NUMREPS=100000,	USEPOPINFO=0,	INFERALPHA=1,	INFERLAMBDA=0,	POPSPECIFICLAMBDA=0,	POPALPHAS=0,	COMPUTEPROB=1,	NOADMIX=0,	ADMBURNIN=500,	UPDATEFREQ=100,	PRINTLIKES=0,	INTERMEDSAVE=0,	PRINTKLD=0,	PRINTNET=1,	PRINTLAMBDA=1,	ANCESTDIST=0,	NUMBOXES=1000,	ANCESTPINT=0.90000,	GENSBACK=2,	MIGRPRIOR=0.01000,	PRINTQHAT=0,	PRINTQSUM=1,	ALPHA=1.0000,	FREQSCORR=1,	FPRIORMEAN=0.0100,	FPRIORSD=0.0500,	ONEFST=0,	LAMBDA=1.0000,	UNIFPRIORALPHA=1,	ALPHAMAX=10.0000,	ALPHAPRIORA=1.0000,	ALPHAPRIORB=2.0000,	ALPHAPROPSD=0.0250,	STARTATPOPINFO=0,	RANDOMIZE=1,	LINKAGE=0,	METROFREQ=10,	REPORTHITRATE=0,	MARKOVPHASE=0,	PHASED=0,	PLOIDY=1,	PHASEINFO=0	LOCPRIOR=0, 	LOCPRIORINIT=1.000000, 	LOCDATA=0, 	LOCISPOP=0, 	LOCPRIORSTEP=0.100000, 	MAXLOCPRIOR=20.000000, 	SEED=1641287167,	
[STRAT parameters]:    NUMSIMSTATS=1000,	PHENOTYPECOL=-9,	POOLFREQ=10,	LOCUSxONLY=0,	EMERROR=0.00100,	MISSINGPHENO=-9,	