

----------------------------------------------------
STRUCTURE by Pritchard, Stephens and Donnelly (2000)
     and Falush, Stephens and Pritchard (2003)
       Code by Pritchard, Falush and Hubisz
             Version 2.3.4 (Jul 2012)
----------------------------------------------------



Command line arguments:   ./structure -m mainparams -K 5 -i phonology_structure -L 14 -o outfile_phonology_structure_K5_run31 
Input File:    phonology_structure

Run parameters:
   60 individuals
   14 loci
   5 populations assumed
   10000 Burn-in period
   100000 Reps


--------------------------------------------
Overall proportion of membership of the
sample in each of the 5 clusters

Inferred Clusters
  1      2      3      4      5    
0.179  0.205  0.276  0.169  0.172  

--------------------------------------------

Allele-freq. divergence among pops (Net nucleotide distance),
computed using point estimates of P.

      1       2       3       4       5      
 1      -    0.1804  0.2328  0.1536  0.2672  
 2   0.1804     -    0.0172  0.0713  0.2505  
 3   0.2328  0.0172     -    0.1277  0.2971  
 4   0.1536  0.0713  0.1277     -    0.1564  
 5   0.2672  0.2505  0.2971  0.1564     -    

Average distances (expected heterozygosity) between individuals in same cluster:
cluster  1  : 0.2034 
cluster  2  : 0.2633 
cluster  3  : 0.1563 
cluster  4  : 0.4108 
cluster  5  : 0.1129 

--------------------------------------------
Estimated Ln Prob of Data   = -323.8
Mean value of ln likelihood = -224.9
Variance of ln likelihood   = 197.9
Mean value of alpha         = 0.0415

Mean value of Fst_1         = 0.5504
Mean value of Fst_2         = 0.5048
Mean value of Fst_3         = 0.6583
Mean value of Fst_4         = 0.1169
Mean value of Fst_5         = 0.7040


Inferred ancestry of individuals:
        Label (%Miss) :  Inferred clusters
  1 torg1245   (21)   :  0.017 0.352 0.578 0.035 0.018 
  2 oldj1239   (14)   :  0.536 0.067 0.041 0.298 0.059 
  3 crim1257    (0)   :  0.008 0.263 0.712 0.011 0.006 
  4 bash1264    (7)   :  0.008 0.264 0.710 0.011 0.007 
  5 anat1259    (0)   :  0.007 0.261 0.690 0.019 0.023 
  6 okin1246    (0)   :  0.008 0.009 0.010 0.009 0.964 
  7 yaku1245    (0)   :  0.044 0.501 0.387 0.055 0.014 
  8 daur1238    (0)   :  0.012 0.564 0.238 0.179 0.007 
  9 east2337   (14)   :  0.030 0.156 0.062 0.742 0.010 
 10 ikem1235    (7)   :  0.008 0.011 0.009 0.019 0.953 
 11 sibe1251    (0)   :  0.947 0.019 0.018 0.011 0.005 
 12 nort2697    (0)   :  0.007 0.265 0.688 0.016 0.024 
 13 bona1250    (0)   :  0.049 0.127 0.038 0.750 0.037 
 14 ulch1241   (14)   :  0.550 0.214 0.149 0.076 0.011 
 15 nort2935   (14)   :  0.020 0.013 0.011 0.022 0.934 
 16 gaga1249    (0)   :  0.011 0.322 0.599 0.021 0.047 
 17 tara1319    (0)   :  0.007 0.009 0.007 0.014 0.962 
 18 moma1245   (21)   :  0.908 0.030 0.021 0.028 0.014 
 19 manc1252    (0)   :  0.373 0.147 0.206 0.248 0.026 
 20 shor1247    (0)   :  0.011 0.372 0.581 0.026 0.010 
 21 kaza1248    (0)   :  0.008 0.265 0.710 0.011 0.007 
 22 midd1351   (14)   :  0.035 0.245 0.589 0.104 0.027 
 23 chag1247   (71)   :  0.050 0.255 0.243 0.349 0.103 
 24 huih1238   (14)   :  0.821 0.058 0.045 0.052 0.024 
 25 ordo1245    (0)   :  0.011 0.566 0.233 0.183 0.007 
 26 turk1303    (0)   :  0.012 0.369 0.585 0.024 0.010 
 27 negi1245    (0)   :  0.950 0.010 0.008 0.013 0.019 
 28 nana1257    (0)   :  0.938 0.018 0.014 0.018 0.012 
 29 nort2690    (7)   :  0.016 0.209 0.376 0.306 0.093 
 30 shur1243    (0)   :  0.014 0.009 0.008 0.013 0.956 
 31 minh1238    (0)   :  0.008 0.129 0.034 0.771 0.058 
 32 udih1248    (0)   :  0.910 0.028 0.023 0.021 0.017 
 33 oira1262   (14)   :  0.016 0.471 0.372 0.129 0.012 
 34 hate1238    (7)   :  0.038 0.044 0.057 0.046 0.814 
 35 tata1255    (0)   :  0.008 0.264 0.712 0.011 0.006 
 36 turk1304    (0)   :  0.011 0.383 0.570 0.026 0.010 
 37 oroc1248    (0)   :  0.911 0.023 0.025 0.024 0.016 
 38 chuv1255    (0)   :  0.014 0.408 0.359 0.187 0.032 
 39 noga1249   (14)   :  0.034 0.241 0.596 0.103 0.026 
 40 dong1285    (7)   :  0.021 0.133 0.044 0.788 0.014 
 41 halh1238   (14)   :  0.023 0.309 0.146 0.503 0.019 
 42 ogam1239    (0)   :  0.011 0.036 0.014 0.164 0.775 
 43 cent2126    (7)   :  0.010 0.010 0.012 0.013 0.954 
 44 yona1241   (14)   :  0.033 0.136 0.037 0.766 0.028 
 45 kore1280    (0)   :  0.010 0.160 0.048 0.756 0.026 
 46 tuvi1240    (0)   :  0.021 0.560 0.291 0.119 0.010 
 47 huzh1238    (7)   :  0.011 0.136 0.040 0.782 0.031 
 48 khak1248    (0)   :  0.012 0.364 0.590 0.025 0.009 
 49 oldu1238    (7)   :  0.015 0.380 0.572 0.023 0.009 
 50 nucl1643    (0)   :  0.008 0.009 0.010 0.011 0.963 
 51 orok1265   (14)   :  0.958 0.010 0.008 0.011 0.014 
 52 midd1372   (14)   :  0.019 0.125 0.030 0.814 0.012 
 53 mogh1245   (28)   :  0.149 0.201 0.396 0.198 0.055 
 54 uigh1240    (7)   :  0.008 0.258 0.712 0.014 0.008 
 55 kara1467   (14)   :  0.009 0.261 0.706 0.015 0.008 
 56 russ1264   (14)   :  0.018 0.365 0.573 0.032 0.013 
 57 sout2954    (0)   :  0.013 0.010 0.008 0.014 0.956 
 58 berj1234    (0)   :  0.955 0.012 0.011 0.013 0.010 
 59 kham1281    (0)   :  0.044 0.495 0.391 0.055 0.014 
 60 dolg1241    (0)   :  0.011 0.373 0.582 0.024 0.009 


Estimated Allele Frequencies in each cluster
First column gives estimated ancestral frequencies


Locus 1 : TE003 
2 alleles
3.3% missing data
   1   (0.423) 0.070 0.834 0.942 0.395 0.022 
   0   (0.577) 0.930 0.166 0.058 0.605 0.978 

Locus 2 : TE004 
2 alleles
3.3% missing data
   0   (0.804) 0.347 0.951 0.983 0.842 0.991 
   1   (0.196) 0.653 0.049 0.017 0.158 0.009 

Locus 3 : TE005 
2 alleles
18.3% missing data
   0   (0.744) 0.133 0.928 0.973 0.768 0.987 
   1   (0.256) 0.867 0.072 0.027 0.232 0.013 

Locus 4 : TE006 
2 alleles
26.7% missing data
   0   (0.591) 0.964 0.869 0.947 0.484 0.106 
   1   (0.409) 0.036 0.131 0.053 0.516 0.894 

Locus 5 : TE007 
2 alleles
6.7% missing data
   0   (0.694) 0.971 0.905 0.971 0.609 0.712 
   1   (0.306) 0.029 0.095 0.029 0.391 0.288 

Locus 6 : TE008 
2 alleles
1.7% missing data
   1   (0.612) 0.967 0.665 0.877 0.513 0.929 
   0   (0.388) 0.033 0.335 0.123 0.487 0.071 

Locus 7 : TE031 
2 alleles
1.7% missing data
   1   (0.727) 0.977 0.868 0.857 0.796 0.036 
   0   (0.273) 0.023 0.132 0.143 0.204 0.964 

Locus 8 : TE037 
2 alleles
1.7% missing data
   1   (0.499) 0.131 0.573 0.834 0.502 0.613 
   0   (0.501) 0.869 0.427 0.166 0.498 0.387 

Locus 9 : TE038 
2 alleles
1.7% missing data
   1   (0.651) 0.665 0.911 0.970 0.670 0.033 
   0   (0.349) 0.335 0.089 0.030 0.330 0.967 

Locus 10 : TE039 
2 alleles
5.0% missing data
   1   (0.609) 0.907 0.683 0.472 0.559 0.971 
   0   (0.391) 0.093 0.317 0.528 0.441 0.029 

Locus 11 : TE078 
2 alleles
3.3% missing data
   0   (0.795) 0.983 0.934 0.981 0.723 0.991 
   1   (0.205) 0.017 0.066 0.019 0.277 0.009 

Locus 12 : TS079 
2 alleles
10.0% missing data
   0   (0.834) 0.523 0.960 0.984 0.875 0.993 
   1   (0.166) 0.477 0.040 0.016 0.125 0.007 

Locus 13 : TS080 
2 alleles
10.0% missing data
   0   (0.704) 0.774 0.269 0.164 0.793 0.987 
   1   (0.296) 0.226 0.731 0.836 0.207 0.013 

Locus 14 : TS088 
2 alleles
1.7% missing data
   0   (0.546) 0.961 0.688 0.888 0.375 0.978 
   1   (0.454) 0.039 0.312 0.112 0.625 0.022 

Values of parameters used in structure:
DATAFILE=phonology_structure,	OUTFILE=outfile_phonology_structure_K5_run31,	NUMINDS=60,	NUMLOCI=14,	MISSING=-9,	LABEL=1,	POPDATA=0,	POPFLAG=0,	PHENOTYPE=0,	EXTRACOLS=0,	MAXPOPS=5,	BURNIN=10000,	NUMREPS=100000,	USEPOPINFO=0,	INFERALPHA=1,	INFERLAMBDA=0,	POPSPECIFICLAMBDA=0,	POPALPHAS=0,	COMPUTEPROB=1,	NOADMIX=0,	ADMBURNIN=500,	UPDATEFREQ=100,	PRINTLIKES=0,	INTERMEDSAVE=0,	PRINTKLD=0,	PRINTNET=1,	PRINTLAMBDA=1,	ANCESTDIST=0,	NUMBOXES=1000,	ANCESTPINT=0.90000,	GENSBACK=2,	MIGRPRIOR=0.01000,	PRINTQHAT=0,	PRINTQSUM=1,	ALPHA=1.0000,	FREQSCORR=1,	FPRIORMEAN=0.0100,	FPRIORSD=0.0500,	ONEFST=0,	LAMBDA=1.0000,	UNIFPRIORALPHA=1,	ALPHAMAX=10.0000,	ALPHAPRIORA=1.0000,	ALPHAPRIORB=2.0000,	ALPHAPROPSD=0.0250,	STARTATPOPINFO=0,	RANDOMIZE=1,	LINKAGE=0,	METROFREQ=10,	REPORTHITRATE=0,	MARKOVPHASE=0,	PHASED=0,	PLOIDY=1,	PHASEINFO=0	LOCPRIOR=0, 	LOCPRIORINIT=1.000000, 	LOCDATA=0, 	LOCISPOP=0, 	LOCPRIORSTEP=0.100000, 	MAXLOCPRIOR=20.000000, 	SEED=1641280567,	
[STRAT parameters]:    NUMSIMSTATS=1000,	PHENOTYPECOL=-9,	POOLFREQ=10,	LOCUSxONLY=0,	EMERROR=0.00100,	MISSINGPHENO=-9,	