

----------------------------------------------------
STRUCTURE by Pritchard, Stephens and Donnelly (2000)
     and Falush, Stephens and Pritchard (2003)
       Code by Pritchard, Falush and Hubisz
             Version 2.3.4 (Jul 2012)
----------------------------------------------------



Command line arguments:   ./structure -m mainparams -K 7 -i phonology_structure -L 14 -o outfile_phonology_structure_K7_run10 
Input File:    phonology_structure

Run parameters:
   60 individuals
   14 loci
   7 populations assumed
   10000 Burn-in period
   100000 Reps


--------------------------------------------
Overall proportion of membership of the
sample in each of the 7 clusters

Inferred Clusters
  1      2      3      4      5      6      7    
0.169  0.159  0.137  0.146  0.163  0.108  0.118  

--------------------------------------------

Allele-freq. divergence among pops (Net nucleotide distance),
computed using point estimates of P.

      1       2       3       4       5       6       7      
 1      -    0.1826  0.0061  0.0084  0.2214  0.0303  0.0233  
 2   0.1826     -    0.1488  0.1508  0.2550  0.1334  0.1344  
 3   0.0061  0.1488     -    0.0010  0.1829  0.0104  0.0066  
 4   0.0084  0.1508  0.0010     -    0.1813  0.0069  0.0038  
 5   0.2214  0.2550  0.1829  0.1813     -    0.1555  0.1554  
 6   0.0303  0.1334  0.0104  0.0069  0.1555     -    0.0007  
 7   0.0233  0.1344  0.0066  0.0038  0.1554  0.0007     -    

Average distances (expected heterozygosity) between individuals in same cluster:
cluster  1  : 0.2585 
cluster  2  : 0.2067 
cluster  3  : 0.3248 
cluster  4  : 0.3439 
cluster  5  : 0.1358 
cluster  6  : 0.3902 
cluster  7  : 0.3826 

--------------------------------------------
Estimated Ln Prob of Data   = -986.7
Mean value of ln likelihood = -240.0
Variance of ln likelihood   = 1493.3
Mean value of alpha         = 0.1024

Mean value of Fst_1         = 0.5031
Mean value of Fst_2         = 0.5652
Mean value of Fst_3         = 0.3569
Mean value of Fst_4         = 0.3316
Mean value of Fst_5         = 0.6774
Mean value of Fst_6         = 0.1456
Mean value of Fst_7         = 0.1844


Inferred ancestry of individuals:
        Label (%Miss) :  Inferred clusters
  1 torg1245   (21)   :  0.316 0.021 0.249 0.203 0.020 0.064 0.127 
  2 oldj1239   (14)   :  0.081 0.348 0.106 0.106 0.059 0.158 0.142 
  3 crim1257    (0)   :  0.372 0.012 0.154 0.256 0.011 0.082 0.112 
  4 bash1264    (7)   :  0.375 0.013 0.154 0.248 0.012 0.084 0.114 
  5 anat1259    (0)   :  0.339 0.012 0.163 0.242 0.029 0.097 0.118 
  6 okin1246    (0)   :  0.016 0.013 0.016 0.016 0.904 0.017 0.018 
  7 yaku1245    (0)   :  0.254 0.042 0.261 0.186 0.020 0.110 0.127 
  8 daur1238    (0)   :  0.166 0.016 0.204 0.193 0.013 0.233 0.174 
  9 east2337   (14)   :  0.116 0.026 0.164 0.193 0.017 0.240 0.244 
 10 ikem1235    (7)   :  0.017 0.014 0.020 0.021 0.882 0.024 0.023 
 11 sibe1251    (0)   :  0.021 0.888 0.022 0.020 0.011 0.019 0.020 
 12 nort2697    (0)   :  0.337 0.012 0.162 0.239 0.028 0.099 0.123 
 13 bona1250    (0)   :  0.101 0.037 0.148 0.189 0.043 0.236 0.246 
 14 ulch1241   (14)   :  0.124 0.407 0.136 0.107 0.016 0.104 0.105 
 15 nort2935   (14)   :  0.020 0.024 0.024 0.023 0.854 0.027 0.027 
 16 gaga1249    (0)   :  0.294 0.016 0.211 0.201 0.062 0.089 0.127 
 17 tara1319    (0)   :  0.015 0.012 0.018 0.019 0.898 0.020 0.018 
 18 moma1245   (21)   :  0.034 0.786 0.039 0.038 0.018 0.046 0.039 
 19 manc1252    (0)   :  0.132 0.227 0.141 0.149 0.025 0.167 0.159 
 20 shor1247    (0)   :  0.332 0.015 0.256 0.207 0.014 0.054 0.121 
 21 kaza1248    (0)   :  0.369 0.012 0.156 0.253 0.012 0.081 0.116 
 22 midd1351   (14)   :  0.267 0.031 0.174 0.220 0.026 0.142 0.141 
 23 chag1247   (71)   :  0.156 0.038 0.169 0.173 0.078 0.195 0.190 
 24 huih1238   (14)   :  0.049 0.708 0.056 0.051 0.026 0.056 0.054 
 25 ordo1245    (0)   :  0.167 0.017 0.203 0.192 0.014 0.228 0.179 
 26 turk1303    (0)   :  0.322 0.016 0.251 0.210 0.015 0.055 0.132 
 27 negi1245    (0)   :  0.017 0.878 0.021 0.019 0.023 0.022 0.020 
 28 nana1257    (0)   :  0.021 0.863 0.024 0.024 0.017 0.026 0.025 
 29 nort2690    (7)   :  0.195 0.017 0.169 0.196 0.066 0.180 0.177 
 30 shur1243    (0)   :  0.015 0.018 0.017 0.017 0.894 0.019 0.019 
 31 minh1238    (0)   :  0.098 0.013 0.149 0.181 0.064 0.248 0.248 
 32 udih1248    (0)   :  0.032 0.800 0.033 0.034 0.022 0.038 0.040 
 33 oira1262   (14)   :  0.243 0.019 0.237 0.182 0.017 0.140 0.162 
 34 hate1238    (7)   :  0.047 0.035 0.058 0.047 0.707 0.058 0.049 
 35 tata1255    (0)   :  0.380 0.013 0.147 0.256 0.011 0.081 0.111 
 36 turk1304    (0)   :  0.335 0.015 0.250 0.211 0.014 0.055 0.119 
 37 oroc1248    (0)   :  0.028 0.833 0.033 0.028 0.020 0.030 0.029 
 38 chuv1255    (0)   :  0.178 0.017 0.170 0.197 0.028 0.225 0.184 
 39 noga1249   (14)   :  0.279 0.030 0.171 0.220 0.028 0.135 0.136 
 40 dong1285    (7)   :  0.101 0.022 0.161 0.199 0.019 0.263 0.234 
 41 halh1238   (14)   :  0.124 0.024 0.171 0.201 0.021 0.231 0.227 
 42 ogam1239    (0)   :  0.035 0.015 0.050 0.055 0.696 0.074 0.075 
 43 cent2126    (7)   :  0.017 0.015 0.018 0.019 0.890 0.021 0.020 
 44 yona1241   (14)   :  0.098 0.034 0.154 0.195 0.031 0.257 0.231 
 45 kore1280    (0)   :  0.103 0.015 0.164 0.193 0.031 0.258 0.235 
 46 tuvi1240    (0)   :  0.197 0.024 0.227 0.191 0.017 0.189 0.155 
 47 huzh1238    (7)   :  0.103 0.015 0.171 0.188 0.039 0.232 0.252 
 48 khak1248    (0)   :  0.337 0.016 0.253 0.208 0.014 0.051 0.121 
 49 oldu1238    (7)   :  0.323 0.018 0.266 0.203 0.014 0.054 0.121 
 50 nucl1643    (0)   :  0.014 0.013 0.018 0.017 0.903 0.018 0.016 
 51 orok1265   (14)   :  0.014 0.902 0.016 0.016 0.019 0.015 0.018 
 52 midd1372   (14)   :  0.100 0.022 0.156 0.198 0.021 0.261 0.243 
 53 mogh1245   (28)   :  0.208 0.088 0.161 0.185 0.046 0.153 0.159 
 54 uigh1240    (7)   :  0.369 0.013 0.155 0.250 0.012 0.083 0.118 
 55 kara1467   (14)   :  0.370 0.015 0.158 0.249 0.012 0.083 0.113 
 56 russ1264   (14)   :  0.319 0.021 0.248 0.206 0.017 0.065 0.124 
 57 sout2954    (0)   :  0.015 0.018 0.017 0.017 0.896 0.019 0.018 
 58 berj1234    (0)   :  0.017 0.888 0.019 0.020 0.015 0.022 0.020 
 59 kham1281    (0)   :  0.257 0.045 0.265 0.176 0.020 0.108 0.129 
 60 dolg1241    (0)   :  0.329 0.015 0.257 0.207 0.014 0.055 0.123 


Estimated Allele Frequencies in each cluster
First column gives estimated ancestral frequencies


Locus 1 : TE003 
2 alleles
3.3% missing data
   1   (0.458) 0.798 0.078 0.694 0.669 0.046 0.554 0.565 
   0   (0.542) 0.202 0.922 0.306 0.331 0.954 0.446 0.435 

Locus 2 : TE004 
2 alleles
3.3% missing data
   0   (0.842) 0.951 0.332 0.919 0.905 0.987 0.869 0.881 
   1   (0.158) 0.049 0.668 0.081 0.095 0.013 0.131 0.119 

Locus 3 : TE005 
2 alleles
18.3% missing data
   0   (0.751) 0.908 0.139 0.857 0.852 0.977 0.803 0.801 
   1   (0.249) 0.092 0.861 0.143 0.148 0.023 0.197 0.199 

Locus 4 : TE006 
2 alleles
26.7% missing data
   0   (0.624) 0.853 0.960 0.783 0.758 0.126 0.679 0.684 
   1   (0.376) 0.147 0.040 0.217 0.242 0.874 0.321 0.316 

Locus 5 : TE007 
2 alleles
6.7% missing data
   0   (0.706) 0.895 0.969 0.834 0.818 0.720 0.750 0.761 
   1   (0.294) 0.105 0.031 0.166 0.182 0.280 0.250 0.239 

Locus 6 : TE008 
2 alleles
1.7% missing data
   1   (0.624) 0.820 0.962 0.738 0.695 0.928 0.612 0.655 
   0   (0.376) 0.180 0.038 0.262 0.305 0.072 0.388 0.345 

Locus 7 : TE031 
2 alleles
1.7% missing data
   1   (0.770) 0.851 0.971 0.841 0.831 0.068 0.790 0.803 
   0   (0.230) 0.149 0.029 0.159 0.169 0.932 0.210 0.197 

Locus 8 : TE037 
2 alleles
1.7% missing data
   1   (0.518) 0.740 0.133 0.641 0.633 0.614 0.508 0.573 
   0   (0.482) 0.260 0.867 0.359 0.367 0.386 0.492 0.427 

Locus 9 : TE038 
2 alleles
1.7% missing data
   1   (0.679) 0.889 0.667 0.823 0.809 0.067 0.741 0.750 
   0   (0.321) 0.111 0.333 0.177 0.191 0.933 0.259 0.250 

Locus 10 : TE039 
2 alleles
5.0% missing data
   1   (0.612) 0.545 0.925 0.654 0.564 0.959 0.601 0.601 
   0   (0.388) 0.455 0.075 0.346 0.436 0.041 0.399 0.399 

Locus 11 : TE078 
2 alleles
3.3% missing data
   0   (0.801) 0.927 0.980 0.885 0.873 0.985 0.828 0.836 
   1   (0.199) 0.073 0.020 0.115 0.127 0.015 0.172 0.164 

Locus 12 : TS079 
2 alleles
10.0% missing data
   0   (0.871) 0.960 0.509 0.933 0.925 0.989 0.898 0.903 
   1   (0.129) 0.040 0.491 0.067 0.075 0.011 0.102 0.097 

Locus 13 : TS080 
2 alleles
10.0% missing data
   0   (0.693) 0.300 0.766 0.433 0.458 0.967 0.604 0.570 
   1   (0.307) 0.700 0.234 0.567 0.542 0.033 0.396 0.430 

Locus 14 : TS088 
2 alleles
1.7% missing data
   0   (0.514) 0.784 0.953 0.683 0.649 0.965 0.531 0.573 
   1   (0.486) 0.216 0.047 0.317 0.351 0.035 0.469 0.427 

Values of parameters used in structure:
DATAFILE=phonology_structure,	OUTFILE=outfile_phonology_structure_K7_run10,	NUMINDS=60,	NUMLOCI=14,	MISSING=-9,	LABEL=1,	POPDATA=0,	POPFLAG=0,	PHENOTYPE=0,	EXTRACOLS=0,	MAXPOPS=7,	BURNIN=10000,	NUMREPS=100000,	USEPOPINFO=0,	INFERALPHA=1,	INFERLAMBDA=0,	POPSPECIFICLAMBDA=0,	POPALPHAS=0,	COMPUTEPROB=1,	NOADMIX=0,	ADMBURNIN=500,	UPDATEFREQ=100,	PRINTLIKES=0,	INTERMEDSAVE=0,	PRINTKLD=0,	PRINTNET=1,	PRINTLAMBDA=1,	ANCESTDIST=0,	NUMBOXES=1000,	ANCESTPINT=0.90000,	GENSBACK=2,	MIGRPRIOR=0.01000,	PRINTQHAT=0,	PRINTQSUM=1,	ALPHA=1.0000,	FREQSCORR=1,	FPRIORMEAN=0.0100,	FPRIORSD=0.0500,	ONEFST=0,	LAMBDA=1.0000,	UNIFPRIORALPHA=1,	ALPHAMAX=10.0000,	ALPHAPRIORA=1.0000,	ALPHAPRIORB=2.0000,	ALPHAPROPSD=0.0250,	STARTATPOPINFO=0,	RANDOMIZE=1,	LINKAGE=0,	METROFREQ=10,	REPORTHITRATE=0,	MARKOVPHASE=0,	PHASED=0,	PLOIDY=1,	PHASEINFO=0	LOCPRIOR=0, 	LOCPRIORINIT=1.000000, 	LOCDATA=0, 	LOCISPOP=0, 	LOCPRIORSTEP=0.100000, 	MAXLOCPRIOR=20.000000, 	SEED=1641226673,	
[STRAT parameters]:    NUMSIMSTATS=1000,	PHENOTYPECOL=-9,	POOLFREQ=10,	LOCUSxONLY=0,	EMERROR=0.00100,	MISSINGPHENO=-9,	