

----------------------------------------------------
STRUCTURE by Pritchard, Stephens and Donnelly (2000)
     and Falush, Stephens and Pritchard (2003)
       Code by Pritchard, Falush and Hubisz
             Version 2.3.4 (Jul 2012)
----------------------------------------------------



Command line arguments:   ./structure -m mainparams -K 5 -i phonology_structure -L 14 -o outfile_phonology_structure_K5_run10 
Input File:    phonology_structure

Run parameters:
   60 individuals
   14 loci
   5 populations assumed
   10000 Burn-in period
   100000 Reps


--------------------------------------------
Overall proportion of membership of the
sample in each of the 5 clusters

Inferred Clusters
  1      2      3      4      5    
0.176  0.178  0.295  0.173  0.179  

--------------------------------------------

Allele-freq. divergence among pops (Net nucleotide distance),
computed using point estimates of P.

      1       2       3       4       5      
 1      -    0.1307  0.2619  0.2673  0.1579  
 2   0.1307     -    0.0959  0.1670  0.0065  
 3   0.2619  0.0959     -    0.3206  0.0722  
 4   0.2673  0.1670  0.3206     -    0.2088  
 5   0.1579  0.0065  0.0722  0.2088     -    

Average distances (expected heterozygosity) between individuals in same cluster:
cluster  1  : 0.2030 
cluster  2  : 0.3951 
cluster  3  : 0.1035 
cluster  4  : 0.1166 
cluster  5  : 0.3421 

--------------------------------------------
Estimated Ln Prob of Data   = -310.1
Mean value of ln likelihood = -226.7
Variance of ln likelihood   = 166.9
Mean value of alpha         = 0.0415

Mean value of Fst_1         = 0.5516
Mean value of Fst_2         = 0.1766
Mean value of Fst_3         = 0.7288
Mean value of Fst_4         = 0.6924
Mean value of Fst_5         = 0.3671


Inferred ancestry of individuals:
        Label (%Miss) :  Inferred clusters
  1 torg1245   (21)   :  0.018 0.129 0.625 0.017 0.211 
  2 oldj1239   (14)   :  0.506 0.273 0.033 0.063 0.125 
  3 crim1257    (0)   :  0.008 0.020 0.894 0.006 0.072 
  4 bash1264    (7)   :  0.008 0.021 0.892 0.007 0.073 
  5 anat1259    (0)   :  0.007 0.037 0.849 0.024 0.084 
  6 okin1246    (0)   :  0.008 0.012 0.010 0.961 0.009 
  7 yaku1245    (0)   :  0.039 0.249 0.291 0.015 0.405 
  8 daur1238    (0)   :  0.012 0.356 0.075 0.007 0.551 
  9 east2337   (14)   :  0.027 0.569 0.023 0.011 0.370 
 10 ikem1235    (7)   :  0.008 0.017 0.009 0.952 0.013 
 11 sibe1251    (0)   :  0.944 0.016 0.018 0.006 0.016 
 12 nort2697    (0)   :  0.007 0.037 0.843 0.023 0.090 
 13 bona1250    (0)   :  0.040 0.569 0.015 0.040 0.336 
 14 ulch1241   (14)   :  0.504 0.156 0.120 0.011 0.209 
 15 nort2935   (14)   :  0.019 0.019 0.010 0.935 0.017 
 16 gaga1249    (0)   :  0.010 0.096 0.683 0.045 0.166 
 17 tara1319    (0)   :  0.007 0.012 0.008 0.962 0.011 
 18 moma1245   (21)   :  0.896 0.041 0.020 0.013 0.031 
 19 manc1252    (0)   :  0.368 0.242 0.223 0.027 0.140 
 20 shor1247    (0)   :  0.011 0.124 0.646 0.010 0.209 
 21 kaza1248    (0)   :  0.008 0.025 0.890 0.006 0.071 
 22 midd1351   (14)   :  0.033 0.108 0.707 0.028 0.124 
 23 chag1247   (71)   :  0.048 0.301 0.246 0.112 0.294 
 24 huih1238   (14)   :  0.826 0.060 0.039 0.025 0.051 
 25 ordo1245    (0)   :  0.011 0.356 0.076 0.007 0.550 
 26 turk1303    (0)   :  0.011 0.128 0.641 0.010 0.210 
 27 negi1245    (0)   :  0.947 0.014 0.007 0.019 0.013 
 28 nana1257    (0)   :  0.938 0.020 0.012 0.012 0.018 
 29 nort2690    (7)   :  0.015 0.255 0.441 0.090 0.199 
 30 shur1243    (0)   :  0.012 0.015 0.007 0.952 0.013 
 31 minh1238    (0)   :  0.008 0.552 0.012 0.069 0.359 
 32 udih1248    (0)   :  0.891 0.042 0.022 0.017 0.028 
 33 oira1262   (14)   :  0.016 0.306 0.277 0.012 0.390 
 34 hate1238    (7)   :  0.036 0.055 0.060 0.807 0.041 
 35 tata1255    (0)   :  0.008 0.021 0.890 0.006 0.075 
 36 turk1304    (0)   :  0.010 0.127 0.636 0.010 0.217 
 37 oroc1248    (0)   :  0.915 0.026 0.025 0.015 0.019 
 38 chuv1255    (0)   :  0.014 0.302 0.287 0.031 0.366 
 39 noga1249   (14)   :  0.033 0.105 0.707 0.027 0.127 
 40 dong1285    (7)   :  0.021 0.573 0.023 0.015 0.368 
 41 halh1238   (14)   :  0.023 0.449 0.056 0.019 0.453 
 42 ogam1239    (0)   :  0.010 0.098 0.007 0.817 0.068 
 43 cent2126    (7)   :  0.010 0.013 0.012 0.953 0.012 
 44 yona1241   (14)   :  0.031 0.585 0.015 0.026 0.343 
 45 kore1280    (0)   :  0.010 0.560 0.021 0.028 0.381 
 46 tuvi1240    (0)   :  0.018 0.322 0.134 0.010 0.517 
 47 huzh1238    (7)   :  0.012 0.566 0.015 0.036 0.371 
 48 khak1248    (0)   :  0.013 0.125 0.643 0.009 0.210 
 49 oldu1238    (7)   :  0.016 0.126 0.638 0.010 0.210 
 50 nucl1643    (0)   :  0.008 0.013 0.009 0.962 0.009 
 51 orok1265   (14)   :  0.954 0.014 0.008 0.014 0.010 
 52 midd1372   (14)   :  0.017 0.609 0.009 0.013 0.353 
 53 mogh1245   (28)   :  0.150 0.205 0.450 0.051 0.143 
 54 uigh1240    (7)   :  0.007 0.027 0.885 0.008 0.073 
 55 kara1467   (14)   :  0.009 0.029 0.879 0.007 0.075 
 56 russ1264   (14)   :  0.017 0.129 0.638 0.012 0.204 
 57 sout2954    (0)   :  0.013 0.014 0.007 0.954 0.012 
 58 berj1234    (0)   :  0.951 0.015 0.011 0.009 0.013 
 59 kham1281    (0)   :  0.037 0.245 0.297 0.015 0.405 
 60 dolg1241    (0)   :  0.011 0.127 0.649 0.010 0.204 


Estimated Allele Frequencies in each cluster
First column gives estimated ancestral frequencies


Locus 1 : TE003 
2 alleles
3.3% missing data
   1   (0.388) 0.062 0.521 0.968 0.023 0.689 
   0   (0.612) 0.938 0.479 0.032 0.977 0.311 

Locus 2 : TE004 
2 alleles
3.3% missing data
   0   (0.811) 0.341 0.867 0.994 0.991 0.922 
   1   (0.189) 0.659 0.133 0.006 0.009 0.078 

Locus 3 : TE005 
2 alleles
18.3% missing data
   0   (0.687) 0.127 0.749 0.985 0.984 0.866 
   1   (0.313) 0.873 0.251 0.015 0.016 0.134 

Locus 4 : TE006 
2 alleles
26.7% missing data
   0   (0.561) 0.961 0.633 0.966 0.103 0.737 
   1   (0.439) 0.039 0.367 0.034 0.897 0.263 

Locus 5 : TE007 
2 alleles
6.7% missing data
   0   (0.701) 0.971 0.755 0.990 0.704 0.812 
   1   (0.299) 0.029 0.245 0.010 0.296 0.188 

Locus 6 : TE008 
2 alleles
1.7% missing data
   1   (0.613) 0.967 0.580 0.959 0.921 0.550 
   0   (0.387) 0.033 0.420 0.041 0.079 0.450 

Locus 7 : TE031 
2 alleles
1.7% missing data
   1   (0.737) 0.978 0.803 0.855 0.038 0.854 
   0   (0.263) 0.022 0.197 0.145 0.962 0.146 

Locus 8 : TE037 
2 alleles
1.7% missing data
   1   (0.519) 0.136 0.503 0.938 0.609 0.477 
   0   (0.481) 0.864 0.497 0.062 0.391 0.523 

Locus 9 : TE038 
2 alleles
1.7% missing data
   1   (0.649) 0.665 0.739 0.988 0.035 0.836 
   0   (0.351) 0.335 0.261 0.012 0.965 0.164 

Locus 10 : TE039 
2 alleles
5.0% missing data
   1   (0.590) 0.904 0.653 0.373 0.968 0.706 
   0   (0.410) 0.096 0.347 0.627 0.032 0.294 

Locus 11 : TE078 
2 alleles
3.3% missing data
   0   (0.791) 0.982 0.826 0.992 0.990 0.858 
   1   (0.209) 0.018 0.174 0.008 0.010 0.142 

Locus 12 : TS079 
2 alleles
10.0% missing data
   0   (0.855) 0.523 0.906 0.996 0.993 0.935 
   1   (0.145) 0.477 0.094 0.004 0.007 0.065 

Locus 13 : TS080 
2 alleles
10.0% missing data
   0   (0.697) 0.776 0.565 0.132 0.986 0.448 
   1   (0.303) 0.224 0.435 0.868 0.014 0.552 

Locus 14 : TS088 
2 alleles
1.7% missing data
   0   (0.517) 0.958 0.509 0.962 0.975 0.521 
   1   (0.483) 0.042 0.491 0.038 0.025 0.479 

Values of parameters used in structure:
DATAFILE=phonology_structure,	OUTFILE=outfile_phonology_structure_K5_run10,	NUMINDS=60,	NUMLOCI=14,	MISSING=-9,	LABEL=1,	POPDATA=0,	POPFLAG=0,	PHENOTYPE=0,	EXTRACOLS=0,	MAXPOPS=5,	BURNIN=10000,	NUMREPS=100000,	USEPOPINFO=0,	INFERALPHA=1,	INFERLAMBDA=0,	POPSPECIFICLAMBDA=0,	POPALPHAS=0,	COMPUTEPROB=1,	NOADMIX=0,	ADMBURNIN=500,	UPDATEFREQ=100,	PRINTLIKES=0,	INTERMEDSAVE=0,	PRINTKLD=0,	PRINTNET=1,	PRINTLAMBDA=1,	ANCESTDIST=0,	NUMBOXES=1000,	ANCESTPINT=0.90000,	GENSBACK=2,	MIGRPRIOR=0.01000,	PRINTQHAT=0,	PRINTQSUM=1,	ALPHA=1.0000,	FREQSCORR=1,	FPRIORMEAN=0.0100,	FPRIORSD=0.0500,	ONEFST=0,	LAMBDA=1.0000,	UNIFPRIORALPHA=1,	ALPHAMAX=10.0000,	ALPHAPRIORA=1.0000,	ALPHAPRIORB=2.0000,	ALPHAPROPSD=0.0250,	STARTATPOPINFO=0,	RANDOMIZE=1,	LINKAGE=0,	METROFREQ=10,	REPORTHITRATE=0,	MARKOVPHASE=0,	PHASED=0,	PLOIDY=1,	PHASEINFO=0	LOCPRIOR=0, 	LOCPRIORINIT=1.000000, 	LOCDATA=0, 	LOCISPOP=0, 	LOCPRIORSTEP=0.100000, 	MAXLOCPRIOR=20.000000, 	SEED=1641226561,	
[STRAT parameters]:    NUMSIMSTATS=1000,	PHENOTYPECOL=-9,	POOLFREQ=10,	LOCUSxONLY=0,	EMERROR=0.00100,	MISSINGPHENO=-9,	