

----------------------------------------------------
STRUCTURE by Pritchard, Stephens and Donnelly (2000)
     and Falush, Stephens and Pritchard (2003)
       Code by Pritchard, Falush and Hubisz
             Version 2.3.4 (Jul 2012)
----------------------------------------------------



Command line arguments:   ./structure -m mainparams -K 4 -i phonology_structure -L 14 -o outfile_phonology_structure_K4_run22 
Input File:    phonology_structure

Run parameters:
   60 individuals
   14 loci
   4 populations assumed
   10000 Burn-in period
   100000 Reps


--------------------------------------------
Overall proportion of membership of the
sample in each of the 4 clusters

Inferred Clusters
  1      2      3      4    
0.177  0.192  0.407  0.224  

--------------------------------------------

Allele-freq. divergence among pops (Net nucleotide distance),
computed using point estimates of P.

      1       2       3       4      
 1      -    0.2579  0.3172  0.1641  
 2   0.2579     -    0.2355  0.1433  
 3   0.3172  0.2355     -    0.1481  
 4   0.1641  0.1433  0.1481     -    

Average distances (expected heterozygosity) between individuals in same cluster:
cluster  1  : 0.1192 
cluster  2  : 0.2171 
cluster  3  : 0.1062 
cluster  4  : 0.4069 

--------------------------------------------
Estimated Ln Prob of Data   = -272.7
Mean value of ln likelihood = -237.7
Variance of ln likelihood   = 69.9
Mean value of alpha         = 0.0444

Mean value of Fst_1         = 0.6937
Mean value of Fst_2         = 0.5206
Mean value of Fst_3         = 0.6701
Mean value of Fst_4         = 0.0687


Inferred ancestry of individuals:
        Label (%Miss) :  Inferred clusters
  1 torg1245   (21)   :  0.016 0.018 0.941 0.025 
  2 oldj1239   (14)   :  0.064 0.664 0.032 0.240 
  3 crim1257    (0)   :  0.007 0.009 0.973 0.012 
  4 bash1264    (7)   :  0.007 0.009 0.973 0.011 
  5 anat1259    (0)   :  0.022 0.008 0.954 0.016 
  6 okin1246    (0)   :  0.971 0.009 0.010 0.010 
  7 yaku1245    (0)   :  0.017 0.072 0.865 0.046 
  8 daur1238    (0)   :  0.009 0.023 0.326 0.642 
  9 east2337   (14)   :  0.011 0.027 0.020 0.941 
 10 ikem1235    (7)   :  0.967 0.008 0.010 0.015 
 11 sibe1251    (0)   :  0.006 0.962 0.020 0.012 
 12 nort2697    (0)   :  0.022 0.008 0.953 0.017 
 13 bona1250    (0)   :  0.051 0.053 0.014 0.882 
 14 ulch1241   (14)   :  0.011 0.676 0.223 0.090 
 15 nort2935   (14)   :  0.950 0.021 0.011 0.018 
 16 gaga1249    (0)   :  0.035 0.010 0.936 0.020 
 17 tara1319    (0)   :  0.970 0.008 0.008 0.014 
 18 moma1245   (21)   :  0.013 0.932 0.021 0.033 
 19 manc1252    (0)   :  0.030 0.452 0.203 0.315 
 20 shor1247    (0)   :  0.010 0.012 0.965 0.014 
 21 kaza1248    (0)   :  0.007 0.009 0.972 0.012 
 22 midd1351   (14)   :  0.033 0.052 0.775 0.140 
 23 chag1247   (71)   :  0.124 0.073 0.271 0.532 
 24 huih1238   (14)   :  0.026 0.876 0.047 0.051 
 25 ordo1245    (0)   :  0.009 0.024 0.328 0.639 
 26 turk1303    (0)   :  0.009 0.012 0.963 0.015 
 27 negi1245    (0)   :  0.020 0.957 0.008 0.015 
 28 nana1257    (0)   :  0.012 0.957 0.013 0.019 
 29 nort2690    (7)   :  0.104 0.019 0.425 0.453 
 30 shur1243    (0)   :  0.964 0.014 0.008 0.014 
 31 minh1238    (0)   :  0.073 0.009 0.010 0.908 
 32 udih1248    (0)   :  0.017 0.932 0.025 0.026 
 33 oira1262   (14)   :  0.011 0.023 0.719 0.246 
 34 hate1238    (7)   :  0.844 0.045 0.062 0.049 
 35 tata1255    (0)   :  0.007 0.009 0.973 0.010 
 36 turk1304    (0)   :  0.010 0.013 0.965 0.012 
 37 oroc1248    (0)   :  0.017 0.933 0.025 0.025 
 38 chuv1255    (0)   :  0.030 0.017 0.641 0.312 
 39 noga1249   (14)   :  0.032 0.047 0.779 0.142 
 40 dong1285    (7)   :  0.015 0.027 0.018 0.940 
 41 halh1238   (14)   :  0.018 0.030 0.092 0.860 
 42 ogam1239    (0)   :  0.849 0.012 0.008 0.131 
 43 cent2126    (7)   :  0.964 0.011 0.013 0.012 
 44 yona1241   (14)   :  0.032 0.044 0.012 0.912 
 45 kore1280    (0)   :  0.027 0.011 0.011 0.952 
 46 tuvi1240    (0)   :  0.016 0.048 0.639 0.298 
 47 huzh1238    (7)   :  0.037 0.013 0.011 0.939 
 48 khak1248    (0)   :  0.009 0.011 0.966 0.013 
 49 oldu1238    (7)   :  0.010 0.018 0.960 0.013 
 50 nucl1643    (0)   :  0.970 0.009 0.011 0.010 
 51 orok1265   (14)   :  0.015 0.965 0.009 0.011 
 52 midd1372   (14)   :  0.015 0.021 0.007 0.958 
 53 mogh1245   (28)   :  0.059 0.229 0.476 0.235 
 54 uigh1240    (7)   :  0.008 0.009 0.967 0.016 
 55 kara1467   (14)   :  0.008 0.011 0.967 0.014 
 56 russ1264   (14)   :  0.013 0.018 0.946 0.023 
 57 sout2954    (0)   :  0.966 0.014 0.008 0.012 
 58 berj1234    (0)   :  0.010 0.962 0.012 0.016 
 59 kham1281    (0)   :  0.017 0.064 0.868 0.051 
 60 dolg1241    (0)   :  0.010 0.012 0.967 0.011 


Estimated Allele Frequencies in each cluster
First column gives estimated ancestral frequencies


Locus 1 : TE003 
2 alleles
3.3% missing data
   1   (0.419) 0.025 0.090 0.981 0.427 
   0   (0.581) 0.975 0.910 0.019 0.573 

Locus 2 : TE004 
2 alleles
3.3% missing data
   0   (0.808) 0.991 0.387 0.995 0.844 
   1   (0.192) 0.009 0.613 0.005 0.156 

Locus 3 : TE005 
2 alleles
18.3% missing data
   0   (0.750) 0.987 0.154 0.992 0.783 
   1   (0.250) 0.013 0.846 0.008 0.217 

Locus 4 : TE006 
2 alleles
26.7% missing data
   0   (0.596) 0.112 0.963 0.983 0.540 
   1   (0.404) 0.888 0.037 0.017 0.460 

Locus 5 : TE007 
2 alleles
6.7% missing data
   0   (0.682) 0.704 0.968 0.993 0.638 
   1   (0.318) 0.296 0.032 0.007 0.362 

Locus 6 : TE008 
2 alleles
1.7% missing data
   1   (0.552) 0.910 0.957 0.931 0.464 
   0   (0.448) 0.090 0.043 0.069 0.536 

Locus 7 : TE031 
2 alleles
1.7% missing data
   1   (0.743) 0.039 0.978 0.865 0.803 
   0   (0.257) 0.961 0.022 0.135 0.197 

Locus 8 : TE037 
2 alleles
1.7% missing data
   1   (0.482) 0.603 0.145 0.869 0.486 
   0   (0.518) 0.397 0.855 0.131 0.514 

Locus 9 : TE038 
2 alleles
1.7% missing data
   1   (0.651) 0.035 0.675 0.993 0.689 
   0   (0.349) 0.965 0.325 0.007 0.311 

Locus 10 : TE039 
2 alleles
5.0% missing data
   1   (0.606) 0.968 0.878 0.518 0.578 
   0   (0.394) 0.032 0.122 0.482 0.422 

Locus 11 : TE078 
2 alleles
3.3% missing data
   0   (0.787) 0.990 0.981 0.995 0.743 
   1   (0.213) 0.010 0.019 0.005 0.257 

Locus 12 : TS079 
2 alleles
10.0% missing data
   0   (0.829) 0.992 0.550 0.996 0.868 
   1   (0.171) 0.008 0.450 0.004 0.132 

Locus 13 : TS080 
2 alleles
10.0% missing data
   0   (0.720) 0.987 0.766 0.085 0.774 
   1   (0.280) 0.013 0.234 0.915 0.226 

Locus 14 : TS088 
2 alleles
1.7% missing data
   0   (0.488) 0.973 0.952 0.950 0.350 
   1   (0.512) 0.027 0.048 0.050 0.650 

Values of parameters used in structure:
DATAFILE=phonology_structure,	OUTFILE=outfile_phonology_structure_K4_run22,	NUMINDS=60,	NUMLOCI=14,	MISSING=-9,	LABEL=1,	POPDATA=0,	POPFLAG=0,	PHENOTYPE=0,	EXTRACOLS=0,	MAXPOPS=4,	BURNIN=10000,	NUMREPS=100000,	USEPOPINFO=0,	INFERALPHA=1,	INFERLAMBDA=0,	POPSPECIFICLAMBDA=0,	POPALPHAS=0,	COMPUTEPROB=1,	NOADMIX=0,	ADMBURNIN=500,	UPDATEFREQ=100,	PRINTLIKES=0,	INTERMEDSAVE=0,	PRINTKLD=0,	PRINTNET=1,	PRINTLAMBDA=1,	ANCESTDIST=0,	NUMBOXES=1000,	ANCESTPINT=0.90000,	GENSBACK=2,	MIGRPRIOR=0.01000,	PRINTQHAT=0,	PRINTQSUM=1,	ALPHA=1.0000,	FREQSCORR=1,	FPRIORMEAN=0.0100,	FPRIORSD=0.0500,	ONEFST=0,	LAMBDA=1.0000,	UNIFPRIORALPHA=1,	ALPHAMAX=10.0000,	ALPHAPRIORA=1.0000,	ALPHAPRIORB=2.0000,	ALPHAPROPSD=0.0250,	STARTATPOPINFO=0,	RANDOMIZE=1,	LINKAGE=0,	METROFREQ=10,	REPORTHITRATE=0,	MARKOVPHASE=0,	PHASED=0,	PLOIDY=1,	PHASEINFO=0	LOCPRIOR=0, 	LOCPRIORINIT=1.000000, 	LOCDATA=0, 	LOCISPOP=0, 	LOCPRIORSTEP=0.100000, 	MAXLOCPRIOR=20.000000, 	SEED=1641259618,	
[STRAT parameters]:    NUMSIMSTATS=1000,	PHENOTYPECOL=-9,	POOLFREQ=10,	LOCUSxONLY=0,	EMERROR=0.00100,	MISSINGPHENO=-9,	