

----------------------------------------------------
STRUCTURE by Pritchard, Stephens and Donnelly (2000)
     and Falush, Stephens and Pritchard (2003)
       Code by Pritchard, Falush and Hubisz
             Version 2.3.4 (Jul 2012)
----------------------------------------------------



Command line arguments:   ./structure -m mainparams -K 3 -i phonology_structure -L 14 -o outfile_phonology_structure_K3_run34 
Input File:    phonology_structure

Run parameters:
   60 individuals
   14 loci
   3 populations assumed
   10000 Burn-in period
   100000 Reps


--------------------------------------------
Overall proportion of membership of the
sample in each of the 3 clusters

Inferred Clusters
  1      2      3    
0.198  0.449  0.353  

--------------------------------------------

Allele-freq. divergence among pops (Net nucleotide distance),
computed using point estimates of P.

      1       2       3      
 1      -    0.1980  0.0341  
 2   0.1980     -    0.1613  
 3   0.0341  0.1613     -    

Average distances (expected heterozygosity) between individuals in same cluster:
cluster  1  : 0.3012 
cluster  2  : 0.1302 
cluster  3  : 0.4014 

--------------------------------------------
Estimated Ln Prob of Data   = -307.3
Mean value of ln likelihood = -274.8
Variance of ln likelihood   = 64.8
Mean value of alpha         = 0.0530

Mean value of Fst_1         = 0.5640
Mean value of Fst_2         = 0.6273
Mean value of Fst_3         = 0.1058


Inferred ancestry of individuals:
        Label (%Miss) :  Inferred clusters
  1 torg1245   (21)   :  0.022 0.951 0.026 
  2 oldj1239   (14)   :  0.390 0.025 0.584 
  3 crim1257    (0)   :  0.010 0.978 0.012 
  4 bash1264    (7)   :  0.010 0.979 0.012 
  5 anat1259    (0)   :  0.018 0.962 0.020 
  6 okin1246    (0)   :  0.434 0.016 0.551 
  7 yaku1245    (0)   :  0.031 0.934 0.035 
  8 daur1238    (0)   :  0.022 0.760 0.219 
  9 east2337   (14)   :  0.057 0.060 0.883 
 10 ikem1235    (7)   :  0.430 0.014 0.556 
 11 sibe1251    (0)   :  0.557 0.031 0.413 
 12 nort2697    (0)   :  0.018 0.963 0.020 
 13 bona1250    (0)   :  0.082 0.017 0.901 
 14 ulch1241   (14)   :  0.393 0.308 0.299 
 15 nort2935   (14)   :  0.457 0.018 0.525 
 16 gaga1249    (0)   :  0.026 0.954 0.020 
 17 tara1319    (0)   :  0.429 0.012 0.560 
 18 moma1245   (21)   :  0.550 0.040 0.410 
 19 manc1252    (0)   :  0.336 0.174 0.490 
 20 shor1247    (0)   :  0.013 0.975 0.013 
 21 kaza1248    (0)   :  0.011 0.978 0.011 
 22 midd1351   (14)   :  0.052 0.828 0.120 
 23 chag1247   (71)   :  0.130 0.414 0.456 
 24 huih1238   (14)   :  0.530 0.057 0.412 
 25 ordo1245    (0)   :  0.023 0.752 0.225 
 26 turk1303    (0)   :  0.013 0.974 0.013 
 27 negi1245    (0)   :  0.573 0.012 0.415 
 28 nana1257    (0)   :  0.562 0.018 0.421 
 29 nort2690    (7)   :  0.084 0.481 0.435 
 30 shur1243    (0)   :  0.443 0.013 0.544 
 31 minh1238    (0)   :  0.087 0.018 0.896 
 32 udih1248    (0)   :  0.555 0.034 0.411 
 33 oira1262   (14)   :  0.017 0.891 0.091 
 34 hate1238    (7)   :  0.413 0.062 0.525 
 35 tata1255    (0)   :  0.010 0.979 0.011 
 36 turk1304    (0)   :  0.013 0.974 0.013 
 37 oroc1248    (0)   :  0.552 0.025 0.423 
 38 chuv1255    (0)   :  0.027 0.869 0.104 
 39 noga1249   (14)   :  0.054 0.819 0.127 
 40 dong1285    (7)   :  0.038 0.033 0.930 
 41 halh1238   (14)   :  0.044 0.315 0.641 
 42 ogam1239    (0)   :  0.392 0.010 0.598 
 43 cent2126    (7)   :  0.443 0.024 0.533 
 44 yona1241   (14)   :  0.043 0.016 0.941 
 45 kore1280    (0)   :  0.031 0.024 0.944 
 46 tuvi1240    (0)   :  0.028 0.882 0.090 
 47 huzh1238    (7)   :  0.046 0.020 0.935 
 48 khak1248    (0)   :  0.013 0.973 0.014 
 49 oldu1238    (7)   :  0.017 0.968 0.015 
 50 nucl1643    (0)   :  0.434 0.016 0.550 
 51 orok1265   (14)   :  0.574 0.013 0.413 
 52 midd1372   (14)   :  0.034 0.010 0.955 
 53 mogh1245   (28)   :  0.198 0.436 0.366 
 54 uigh1240    (7)   :  0.010 0.976 0.014 
 55 kara1467   (14)   :  0.012 0.973 0.015 
 56 russ1264   (14)   :  0.018 0.961 0.020 
 57 sout2954    (0)   :  0.441 0.012 0.547 
 58 berj1234    (0)   :  0.566 0.016 0.418 
 59 kham1281    (0)   :  0.033 0.937 0.030 
 60 dolg1241    (0)   :  0.013 0.973 0.013 


Estimated Allele Frequencies in each cluster
First column gives estimated ancestral frequencies


Locus 1 : TE003 
2 alleles
3.3% missing data
   1   (0.314) 0.058 0.977 0.222 
   0   (0.686) 0.942 0.023 0.778 

Locus 2 : TE004 
2 alleles
3.3% missing data
   0   (0.744) 0.651 0.993 0.802 
   1   (0.256) 0.349 0.007 0.198 

Locus 3 : TE005 
2 alleles
18.3% missing data
   0   (0.643) 0.522 0.985 0.702 
   1   (0.357) 0.478 0.015 0.298 

Locus 4 : TE006 
2 alleles
26.7% missing data
   0   (0.610) 0.597 0.981 0.459 
   1   (0.390) 0.403 0.019 0.541 

Locus 5 : TE007 
2 alleles
6.7% missing data
   0   (0.736) 0.850 0.993 0.674 
   1   (0.264) 0.150 0.007 0.326 

Locus 6 : TE008 
2 alleles
1.7% missing data
   1   (0.673) 0.934 0.870 0.662 
   0   (0.327) 0.066 0.130 0.338 

Locus 7 : TE031 
2 alleles
1.7% missing data
   1   (0.696) 0.567 0.862 0.641 
   0   (0.304) 0.433 0.138 0.359 

Locus 8 : TE037 
2 alleles
1.7% missing data
   1   (0.459) 0.354 0.803 0.481 
   0   (0.541) 0.646 0.197 0.519 

Locus 9 : TE038 
2 alleles
1.7% missing data
   1   (0.595) 0.398 0.990 0.506 
   0   (0.405) 0.602 0.010 0.494 

Locus 10 : TE039 
2 alleles
5.0% missing data
   1   (0.651) 0.910 0.552 0.679 
   0   (0.349) 0.090 0.448 0.321 

Locus 11 : TE078 
2 alleles
3.3% missing data
   0   (0.817) 0.984 0.995 0.809 
   1   (0.183) 0.016 0.005 0.191 

Locus 12 : TS079 
2 alleles
10.0% missing data
   0   (0.794) 0.746 0.994 0.854 
   1   (0.206) 0.254 0.006 0.146 

Locus 13 : TS080 
2 alleles
10.0% missing data
   0   (0.772) 0.875 0.106 0.878 
   1   (0.228) 0.125 0.894 0.122 

Locus 14 : TS088 
2 alleles
1.7% missing data
   0   (0.630) 0.961 0.902 0.584 
   1   (0.370) 0.039 0.098 0.416 

Values of parameters used in structure:
DATAFILE=phonology_structure,	OUTFILE=outfile_phonology_structure_K3_run34,	NUMINDS=60,	NUMLOCI=14,	MISSING=-9,	LABEL=1,	POPDATA=0,	POPFLAG=0,	PHENOTYPE=0,	EXTRACOLS=0,	MAXPOPS=3,	BURNIN=10000,	NUMREPS=100000,	USEPOPINFO=0,	INFERALPHA=1,	INFERLAMBDA=0,	POPSPECIFICLAMBDA=0,	POPALPHAS=0,	COMPUTEPROB=1,	NOADMIX=0,	ADMBURNIN=500,	UPDATEFREQ=100,	PRINTLIKES=0,	INTERMEDSAVE=0,	PRINTKLD=0,	PRINTNET=1,	PRINTLAMBDA=1,	ANCESTDIST=0,	NUMBOXES=1000,	ANCESTPINT=0.90000,	GENSBACK=2,	MIGRPRIOR=0.01000,	PRINTQHAT=0,	PRINTQSUM=1,	ALPHA=1.0000,	FREQSCORR=1,	FPRIORMEAN=0.0100,	FPRIORSD=0.0500,	ONEFST=0,	LAMBDA=1.0000,	UNIFPRIORALPHA=1,	ALPHAMAX=10.0000,	ALPHAPRIORA=1.0000,	ALPHAPRIORB=2.0000,	ALPHAPROPSD=0.0250,	STARTATPOPINFO=0,	RANDOMIZE=1,	LINKAGE=0,	METROFREQ=10,	REPORTHITRATE=0,	MARKOVPHASE=0,	PHASED=0,	PLOIDY=1,	PHASEINFO=0	LOCPRIOR=0, 	LOCPRIORINIT=1.000000, 	LOCDATA=0, 	LOCISPOP=0, 	LOCPRIORSTEP=0.100000, 	MAXLOCPRIOR=20.000000, 	SEED=1641283719,	
[STRAT parameters]:    NUMSIMSTATS=1000,	PHENOTYPECOL=-9,	POOLFREQ=10,	LOCUSxONLY=0,	EMERROR=0.00100,	MISSINGPHENO=-9,	