

----------------------------------------------------
STRUCTURE by Pritchard, Stephens and Donnelly (2000)
     and Falush, Stephens and Pritchard (2003)
       Code by Pritchard, Falush and Hubisz
             Version 2.3.4 (Jul 2012)
----------------------------------------------------



Command line arguments:   ./structure -m mainparams -K 3 -i phonology_structure -L 14 -o outfile_phonology_structure_K3_run43 
Input File:    phonology_structure

Run parameters:
   60 individuals
   14 loci
   3 populations assumed
   10000 Burn-in period
   100000 Reps


--------------------------------------------
Overall proportion of membership of the
sample in each of the 3 clusters

Inferred Clusters
  1      2      3    
0.227  0.318  0.455  

--------------------------------------------

Allele-freq. divergence among pops (Net nucleotide distance),
computed using point estimates of P.

      1       2       3      
 1      -    0.1494  0.2019  
 2   0.1494     -    0.2074  
 3   0.2019  0.2074     -    

Average distances (expected heterozygosity) between individuals in same cluster:
cluster  1  : 0.2604 
cluster  2  : 0.3335 
cluster  3  : 0.1344 

--------------------------------------------
Estimated Ln Prob of Data   = -300.5
Mean value of ln likelihood = -272.7
Variance of ln likelihood   = 55.7
Mean value of alpha         = 0.0517

Mean value of Fst_1         = 0.4198
Mean value of Fst_2         = 0.2389
Mean value of Fst_3         = 0.6188


Inferred ancestry of individuals:
        Label (%Miss) :  Inferred clusters
  1 torg1245   (21)   :  0.022 0.028 0.949 
  2 oldj1239   (14)   :  0.665 0.307 0.028 
  3 crim1257    (0)   :  0.012 0.010 0.979 
  4 bash1264    (7)   :  0.011 0.011 0.978 
  5 anat1259    (0)   :  0.010 0.019 0.971 
  6 okin1246    (0)   :  0.019 0.963 0.017 
  7 yaku1245    (0)   :  0.043 0.017 0.941 
  8 daur1238    (0)   :  0.076 0.076 0.848 
  9 east2337   (14)   :  0.198 0.725 0.077 
 10 ikem1235    (7)   :  0.017 0.968 0.015 
 11 sibe1251    (0)   :  0.964 0.009 0.027 
 12 nort2697    (0)   :  0.010 0.021 0.969 
 13 bona1250    (0)   :  0.198 0.784 0.018 
 14 ulch1241   (14)   :  0.681 0.030 0.289 
 15 nort2935   (14)   :  0.067 0.912 0.021 
 16 gaga1249    (0)   :  0.012 0.024 0.963 
 17 tara1319    (0)   :  0.014 0.975 0.012 
 18 moma1245   (21)   :  0.948 0.023 0.029 
 19 manc1252    (0)   :  0.627 0.179 0.194 
 20 shor1247    (0)   :  0.015 0.011 0.974 
 21 kaza1248    (0)   :  0.011 0.010 0.979 
 22 midd1351   (14)   :  0.078 0.098 0.824 
 23 chag1247   (71)   :  0.144 0.455 0.401 
 24 huih1238   (14)   :  0.911 0.035 0.054 
 25 ordo1245    (0)   :  0.074 0.071 0.855 
 26 turk1303    (0)   :  0.015 0.011 0.975 
 27 negi1245    (0)   :  0.968 0.021 0.010 
 28 nana1257    (0)   :  0.967 0.017 0.017 
 29 nort2690    (7)   :  0.064 0.499 0.437 
 30 shur1243    (0)   :  0.031 0.955 0.014 
 31 minh1238    (0)   :  0.113 0.873 0.014 
 32 udih1248    (0)   :  0.948 0.020 0.032 
 33 oira1262   (14)   :  0.035 0.038 0.927 
 34 hate1238    (7)   :  0.081 0.858 0.061 
 35 tata1255    (0)   :  0.011 0.010 0.979 
 36 turk1304    (0)   :  0.015 0.012 0.974 
 37 oroc1248    (0)   :  0.957 0.019 0.024 
 38 chuv1255    (0)   :  0.033 0.056 0.911 
 39 noga1249   (14)   :  0.079 0.103 0.818 
 40 dong1285    (7)   :  0.167 0.796 0.037 
 41 halh1238   (14)   :  0.146 0.452 0.402 
 42 ogam1239    (0)   :  0.022 0.968 0.010 
 43 cent2126    (7)   :  0.034 0.940 0.026 
 44 yona1241   (14)   :  0.162 0.822 0.016 
 45 kore1280    (0)   :  0.132 0.843 0.025 
 46 tuvi1240    (0)   :  0.050 0.028 0.922 
 47 huzh1238    (7)   :  0.130 0.850 0.019 
 48 khak1248    (0)   :  0.015 0.011 0.974 
 49 oldu1238    (7)   :  0.020 0.011 0.969 
 50 nucl1643    (0)   :  0.019 0.964 0.017 
 51 orok1265   (14)   :  0.971 0.018 0.011 
 52 midd1372   (14)   :  0.157 0.834 0.010 
 53 mogh1245   (28)   :  0.327 0.253 0.420 
 54 uigh1240    (7)   :  0.011 0.012 0.976 
 55 kara1467   (14)   :  0.015 0.013 0.972 
 56 russ1264   (14)   :  0.022 0.016 0.962 
 57 sout2954    (0)   :  0.030 0.956 0.013 
 58 berj1234    (0)   :  0.972 0.014 0.015 
 59 kham1281    (0)   :  0.038 0.015 0.947 
 60 dolg1241    (0)   :  0.015 0.011 0.974 


Estimated Allele Frequencies in each cluster
First column gives estimated ancestral frequencies


Locus 1 : TE003 
2 alleles
3.3% missing data
   1   (0.338) 0.112 0.169 0.978 
   0   (0.662) 0.888 0.831 0.022 

Locus 2 : TE004 
2 alleles
3.3% missing data
   0   (0.774) 0.435 0.920 0.994 
   1   (0.226) 0.565 0.080 0.006 

Locus 3 : TE005 
2 alleles
18.3% missing data
   0   (0.716) 0.223 0.893 0.988 
   1   (0.284) 0.777 0.107 0.012 

Locus 4 : TE006 
2 alleles
26.7% missing data
   0   (0.565) 0.920 0.235 0.980 
   1   (0.435) 0.080 0.765 0.020 

Locus 5 : TE007 
2 alleles
6.7% missing data
   0   (0.736) 0.939 0.623 0.993 
   1   (0.264) 0.061 0.377 0.007 

Locus 6 : TE008 
2 alleles
1.7% missing data
   1   (0.682) 0.925 0.693 0.853 
   0   (0.318) 0.075 0.307 0.147 

Locus 7 : TE031 
2 alleles
1.7% missing data
   1   (0.630) 0.944 0.414 0.855 
   0   (0.370) 0.056 0.586 0.145 

Locus 8 : TE037 
2 alleles
1.7% missing data
   1   (0.493) 0.210 0.564 0.794 
   0   (0.507) 0.790 0.436 0.206 

Locus 9 : TE038 
2 alleles
1.7% missing data
   1   (0.555) 0.666 0.327 0.989 
   0   (0.445) 0.334 0.673 0.011 

Locus 10 : TE039 
2 alleles
5.0% missing data
   1   (0.639) 0.840 0.716 0.558 
   0   (0.361) 0.160 0.284 0.442 

Locus 11 : TE078 
2 alleles
3.3% missing data
   0   (0.817) 0.959 0.827 0.995 
   1   (0.183) 0.041 0.173 0.005 

Locus 12 : TS079 
2 alleles
10.0% missing data
   0   (0.805) 0.587 0.935 0.994 
   1   (0.195) 0.413 0.065 0.006 

Locus 13 : TS080 
2 alleles
10.0% missing data
   0   (0.764) 0.791 0.948 0.107 
   1   (0.236) 0.209 0.052 0.893 

Locus 14 : TS088 
2 alleles
1.7% missing data
   0   (0.646) 0.909 0.630 0.889 
   1   (0.354) 0.091 0.370 0.111 

Values of parameters used in structure:
DATAFILE=phonology_structure,	OUTFILE=outfile_phonology_structure_K3_run43,	NUMINDS=60,	NUMLOCI=14,	MISSING=-9,	LABEL=1,	POPDATA=0,	POPFLAG=0,	PHENOTYPE=0,	EXTRACOLS=0,	MAXPOPS=3,	BURNIN=10000,	NUMREPS=100000,	USEPOPINFO=0,	INFERALPHA=1,	INFERLAMBDA=0,	POPSPECIFICLAMBDA=0,	POPALPHAS=0,	COMPUTEPROB=1,	NOADMIX=0,	ADMBURNIN=500,	UPDATEFREQ=100,	PRINTLIKES=0,	INTERMEDSAVE=0,	PRINTKLD=0,	PRINTNET=1,	PRINTLAMBDA=1,	ANCESTDIST=0,	NUMBOXES=1000,	ANCESTPINT=0.90000,	GENSBACK=2,	MIGRPRIOR=0.01000,	PRINTQHAT=0,	PRINTQSUM=1,	ALPHA=1.0000,	FREQSCORR=1,	FPRIORMEAN=0.0100,	FPRIORSD=0.0500,	ONEFST=0,	LAMBDA=1.0000,	UNIFPRIORALPHA=1,	ALPHAMAX=10.0000,	ALPHAPRIORA=1.0000,	ALPHAPRIORB=2.0000,	ALPHAPROPSD=0.0250,	STARTATPOPINFO=0,	RANDOMIZE=1,	LINKAGE=0,	METROFREQ=10,	REPORTHITRATE=0,	MARKOVPHASE=0,	PHASED=0,	PLOIDY=1,	PHASEINFO=0	LOCPRIOR=0, 	LOCPRIORINIT=1.000000, 	LOCDATA=0, 	LOCISPOP=0, 	LOCPRIORSTEP=0.100000, 	MAXLOCPRIOR=20.000000, 	SEED=1641288751,	
[STRAT parameters]:    NUMSIMSTATS=1000,	PHENOTYPECOL=-9,	POOLFREQ=10,	LOCUSxONLY=0,	EMERROR=0.00100,	MISSINGPHENO=-9,	