

----------------------------------------------------
STRUCTURE by Pritchard, Stephens and Donnelly (2000)
     and Falush, Stephens and Pritchard (2003)
       Code by Pritchard, Falush and Hubisz
             Version 2.3.4 (Jul 2012)
----------------------------------------------------



Command line arguments:   ./structure -m mainparams -K 7 -i phonology_structure -L 14 -o outfile_phonology_structure_K7_run18 
Input File:    phonology_structure

Run parameters:
   60 individuals
   14 loci
   7 populations assumed
   10000 Burn-in period
   100000 Reps


--------------------------------------------
Overall proportion of membership of the
sample in each of the 7 clusters

Inferred Clusters
  1      2      3      4      5      6      7    
0.158  0.150  0.177  0.123  0.164  0.111  0.117  

--------------------------------------------

Allele-freq. divergence among pops (Net nucleotide distance),
computed using point estimates of P.

      1       2       3       4       5       6       7      
 1      -    0.1461  0.1817  0.1294  0.2432  0.1219  0.1296  
 2   0.1461     -    0.0054  0.0086  0.1882  0.0138  0.0090  
 3   0.1817  0.0054     -    0.0266  0.2289  0.0352  0.0268  
 4   0.1294  0.0086  0.0266     -    0.1581  0.0009  0.0003  
 5   0.2432  0.1882  0.2289  0.1581     -    0.1468  0.1565  
 6   0.1219  0.0138  0.0352  0.0009  0.1468     -    0.0008  
 7   0.1296  0.0090  0.0268  0.0003  0.1565  0.0008     -    

Average distances (expected heterozygosity) between individuals in same cluster:
cluster  1  : 0.2191 
cluster  2  : 0.3159 
cluster  3  : 0.2409 
cluster  4  : 0.3760 
cluster  5  : 0.1440 
cluster  6  : 0.3904 
cluster  7  : 0.3759 

--------------------------------------------
Estimated Ln Prob of Data   = -1291.3
Mean value of ln likelihood = -243.0
Variance of ln likelihood   = 2096.7
Mean value of alpha         = 0.1562

Mean value of Fst_1         = 0.5394
Mean value of Fst_2         = 0.3867
Mean value of Fst_3         = 0.5359
Mean value of Fst_4         = 0.2167
Mean value of Fst_5         = 0.6799
Mean value of Fst_6         = 0.1314
Mean value of Fst_7         = 0.2134


Inferred ancestry of individuals:
        Label (%Miss) :  Inferred clusters
  1 torg1245   (21)   :  0.023 0.287 0.313 0.153 0.023 0.100 0.101 
  2 oldj1239   (14)   :  0.368 0.098 0.062 0.131 0.062 0.142 0.138 
  3 crim1257    (0)   :  0.015 0.233 0.401 0.124 0.014 0.091 0.122 
  4 bash1264    (7)   :  0.015 0.228 0.406 0.127 0.015 0.089 0.120 
  5 anat1259    (0)   :  0.014 0.224 0.400 0.114 0.031 0.080 0.137 
  6 okin1246    (0)   :  0.016 0.018 0.017 0.018 0.893 0.018 0.019 
  7 yaku1245    (0)   :  0.046 0.252 0.280 0.163 0.021 0.102 0.136 
  8 daur1238    (0)   :  0.021 0.184 0.214 0.202 0.017 0.161 0.202 
  9 east2337   (14)   :  0.030 0.147 0.093 0.231 0.020 0.274 0.205 
 10 ikem1235    (7)   :  0.016 0.020 0.020 0.024 0.873 0.026 0.022 
 11 sibe1251    (0)   :  0.864 0.026 0.027 0.023 0.013 0.024 0.023 
 12 nort2697    (0)   :  0.015 0.220 0.390 0.121 0.030 0.086 0.138 
 13 bona1250    (0)   :  0.051 0.145 0.073 0.216 0.049 0.253 0.213 
 14 ulch1241   (14)   :  0.426 0.135 0.130 0.096 0.018 0.092 0.102 
 15 nort2935   (14)   :  0.024 0.021 0.021 0.026 0.855 0.026 0.027 
 16 gaga1249    (0)   :  0.019 0.247 0.325 0.134 0.059 0.098 0.118 
 17 tara1319    (0)   :  0.014 0.018 0.016 0.019 0.892 0.022 0.019 
 18 moma1245   (21)   :  0.759 0.045 0.035 0.044 0.021 0.050 0.046 
 19 manc1252    (0)   :  0.200 0.131 0.122 0.159 0.028 0.196 0.165 
 20 shor1247    (0)   :  0.017 0.292 0.339 0.158 0.017 0.089 0.087 
 21 kaza1248    (0)   :  0.015 0.233 0.406 0.125 0.014 0.086 0.121 
 22 midd1351   (14)   :  0.034 0.185 0.305 0.137 0.029 0.135 0.175 
 23 chag1247   (71)   :  0.042 0.157 0.150 0.183 0.079 0.190 0.200 
 24 huih1238   (14)   :  0.682 0.056 0.049 0.057 0.028 0.068 0.061 
 25 ordo1245    (0)   :  0.021 0.188 0.222 0.199 0.017 0.153 0.200 
 26 turk1303    (0)   :  0.018 0.294 0.325 0.156 0.016 0.092 0.100 
 27 negi1245    (0)   :  0.856 0.023 0.020 0.026 0.025 0.025 0.024 
 28 nana1257    (0)   :  0.839 0.026 0.026 0.028 0.019 0.033 0.029 
 29 nort2690    (7)   :  0.020 0.158 0.203 0.172 0.065 0.182 0.200 
 30 shur1243    (0)   :  0.020 0.017 0.018 0.018 0.885 0.021 0.021 
 31 minh1238    (0)   :  0.017 0.142 0.075 0.226 0.067 0.257 0.215 
 32 udih1248    (0)   :  0.793 0.035 0.035 0.036 0.023 0.039 0.038 
 33 oira1262   (14)   :  0.022 0.248 0.249 0.175 0.019 0.135 0.153 
 34 hate1238    (7)   :  0.037 0.049 0.050 0.053 0.697 0.056 0.057 
 35 tata1255    (0)   :  0.015 0.235 0.407 0.123 0.015 0.086 0.119 
 36 turk1304    (0)   :  0.018 0.291 0.333 0.158 0.017 0.091 0.092 
 37 oroc1248    (0)   :  0.811 0.031 0.032 0.033 0.022 0.038 0.033 
 38 chuv1255    (0)   :  0.021 0.177 0.230 0.168 0.030 0.178 0.195 
 39 noga1249   (14)   :  0.033 0.188 0.302 0.140 0.029 0.136 0.173 
 40 dong1285    (7)   :  0.027 0.156 0.078 0.219 0.021 0.259 0.239 
 41 halh1238   (14)   :  0.026 0.158 0.120 0.216 0.024 0.232 0.225 
 42 ogam1239    (0)   :  0.017 0.045 0.029 0.064 0.710 0.070 0.065 
 43 cent2126    (7)   :  0.018 0.019 0.019 0.021 0.877 0.022 0.023 
 44 yona1241   (14)   :  0.035 0.145 0.077 0.217 0.033 0.253 0.240 
 45 kore1280    (0)   :  0.018 0.147 0.088 0.234 0.034 0.247 0.231 
 46 tuvi1240    (0)   :  0.026 0.207 0.248 0.190 0.019 0.130 0.180 
 47 huzh1238    (7)   :  0.020 0.147 0.085 0.237 0.045 0.253 0.213 
 48 khak1248    (0)   :  0.018 0.290 0.329 0.157 0.017 0.095 0.094 
 49 oldu1238    (7)   :  0.021 0.302 0.328 0.148 0.017 0.093 0.092 
 50 nucl1643    (0)   :  0.017 0.017 0.017 0.018 0.896 0.017 0.017 
 51 orok1265   (14)   :  0.877 0.019 0.019 0.022 0.022 0.022 0.021 
 52 midd1372   (14)   :  0.026 0.147 0.068 0.239 0.022 0.254 0.243 
 53 mogh1245   (28)   :  0.086 0.165 0.211 0.152 0.045 0.169 0.172 
 54 uigh1240    (7)   :  0.015 0.231 0.408 0.124 0.016 0.090 0.117 
 55 kara1467   (14)   :  0.016 0.230 0.405 0.123 0.016 0.088 0.122 
 56 russ1264   (14)   :  0.023 0.280 0.330 0.155 0.020 0.096 0.096 
 57 sout2954    (0)   :  0.021 0.017 0.017 0.020 0.886 0.019 0.020 
 58 berj1234    (0)   :  0.864 0.022 0.021 0.023 0.017 0.026 0.026 
 59 kham1281    (0)   :  0.046 0.250 0.278 0.167 0.021 0.103 0.135 
 60 dolg1241    (0)   :  0.018 0.298 0.324 0.159 0.017 0.094 0.092 


Estimated Allele Frequencies in each cluster
First column gives estimated ancestral frequencies


Locus 1 : TE003 
2 alleles
3.3% missing data
   1   (0.457) 0.096 0.722 0.839 0.577 0.055 0.517 0.573 
   0   (0.543) 0.904 0.278 0.161 0.423 0.945 0.483 0.427 

Locus 2 : TE004 
2 alleles
3.3% missing data
   0   (0.824) 0.355 0.908 0.950 0.875 0.984 0.854 0.877 
   1   (0.176) 0.645 0.092 0.050 0.125 0.016 0.146 0.123 

Locus 3 : TE005 
2 alleles
18.3% missing data
   0   (0.770) 0.157 0.863 0.923 0.829 0.976 0.804 0.832 
   1   (0.230) 0.843 0.137 0.077 0.171 0.024 0.196 0.168 

Locus 4 : TE006 
2 alleles
26.7% missing data
   0   (0.646) 0.954 0.800 0.882 0.702 0.136 0.683 0.712 
   1   (0.354) 0.046 0.200 0.118 0.298 0.864 0.317 0.288 

Locus 5 : TE007 
2 alleles
6.7% missing data
   0   (0.716) 0.963 0.849 0.917 0.766 0.716 0.742 0.780 
   1   (0.284) 0.037 0.151 0.083 0.234 0.284 0.258 0.220 

Locus 6 : TE008 
2 alleles
1.7% missing data
   1   (0.602) 0.953 0.746 0.802 0.625 0.925 0.628 0.639 
   0   (0.398) 0.047 0.254 0.198 0.375 0.075 0.372 0.361 

Locus 7 : TE031 
2 alleles
1.7% missing data
   1   (0.776) 0.965 0.840 0.848 0.823 0.081 0.806 0.809 
   0   (0.224) 0.035 0.160 0.152 0.177 0.919 0.194 0.191 

Locus 8 : TE037 
2 alleles
1.7% missing data
   1   (0.512) 0.143 0.654 0.732 0.567 0.610 0.561 0.560 
   0   (0.488) 0.857 0.346 0.268 0.433 0.390 0.439 0.440 

Locus 9 : TE038 
2 alleles
1.7% missing data
   1   (0.693) 0.664 0.839 0.907 0.773 0.077 0.740 0.763 
   0   (0.307) 0.336 0.161 0.093 0.227 0.923 0.260 0.237 

Locus 10 : TE039 
2 alleles
5.0% missing data
   1   (0.574) 0.914 0.604 0.535 0.591 0.951 0.570 0.546 
   0   (0.426) 0.086 0.396 0.465 0.409 0.049 0.430 0.454 

Locus 11 : TE078 
2 alleles
3.3% missing data
   0   (0.816) 0.979 0.898 0.945 0.849 0.987 0.832 0.842 
   1   (0.184) 0.021 0.102 0.055 0.151 0.013 0.168 0.158 

Locus 12 : TS079 
2 alleles
10.0% missing data
   0   (0.861) 0.520 0.929 0.962 0.901 0.988 0.885 0.907 
   1   (0.139) 0.480 0.071 0.038 0.099 0.012 0.115 0.093 

Locus 13 : TS080 
2 alleles
10.0% missing data
   0   (0.695) 0.759 0.386 0.265 0.564 0.960 0.627 0.586 
   1   (0.305) 0.241 0.614 0.735 0.436 0.040 0.373 0.414 

Locus 14 : TS088 
2 alleles
1.7% missing data
   0   (0.553) 0.948 0.719 0.812 0.584 0.964 0.577 0.593 
   1   (0.447) 0.052 0.281 0.188 0.416 0.036 0.423 0.407 

Values of parameters used in structure:
DATAFILE=phonology_structure,	OUTFILE=outfile_phonology_structure_K7_run18,	NUMINDS=60,	NUMLOCI=14,	MISSING=-9,	LABEL=1,	POPDATA=0,	POPFLAG=0,	PHENOTYPE=0,	EXTRACOLS=0,	MAXPOPS=7,	BURNIN=10000,	NUMREPS=100000,	USEPOPINFO=0,	INFERALPHA=1,	INFERLAMBDA=0,	POPSPECIFICLAMBDA=0,	POPALPHAS=0,	COMPUTEPROB=1,	NOADMIX=0,	ADMBURNIN=500,	UPDATEFREQ=100,	PRINTLIKES=0,	INTERMEDSAVE=0,	PRINTKLD=0,	PRINTNET=1,	PRINTLAMBDA=1,	ANCESTDIST=0,	NUMBOXES=1000,	ANCESTPINT=0.90000,	GENSBACK=2,	MIGRPRIOR=0.01000,	PRINTQHAT=0,	PRINTQSUM=1,	ALPHA=1.0000,	FREQSCORR=1,	FPRIORMEAN=0.0100,	FPRIORSD=0.0500,	ONEFST=0,	LAMBDA=1.0000,	UNIFPRIORALPHA=1,	ALPHAMAX=10.0000,	ALPHAPRIORA=1.0000,	ALPHAPRIORB=2.0000,	ALPHAPROPSD=0.0250,	STARTATPOPINFO=0,	RANDOMIZE=1,	LINKAGE=0,	METROFREQ=10,	REPORTHITRATE=0,	MARKOVPHASE=0,	PHASED=0,	PLOIDY=1,	PHASEINFO=0	LOCPRIOR=0, 	LOCPRIORINIT=1.000000, 	LOCDATA=0, 	LOCISPOP=0, 	LOCPRIORSTEP=0.100000, 	MAXLOCPRIOR=20.000000, 	SEED=1641246038,	
[STRAT parameters]:    NUMSIMSTATS=1000,	PHENOTYPECOL=-9,	POOLFREQ=10,	LOCUSxONLY=0,	EMERROR=0.00100,	MISSINGPHENO=-9,	