

----------------------------------------------------
STRUCTURE by Pritchard, Stephens and Donnelly (2000)
     and Falush, Stephens and Pritchard (2003)
       Code by Pritchard, Falush and Hubisz
             Version 2.3.4 (Jul 2012)
----------------------------------------------------



Command line arguments:   ./structure -m mainparams -K 7 -i phonology_structure -L 14 -o outfile_phonology_structure_K7_run2 
Input File:    phonology_structure

Run parameters:
   60 individuals
   14 loci
   7 populations assumed
   10000 Burn-in period
   100000 Reps


--------------------------------------------
Overall proportion of membership of the
sample in each of the 7 clusters

Inferred Clusters
  1      2      3      4      5      6      7    
0.118  0.139  0.160  0.098  0.164  0.172  0.149  

--------------------------------------------

Allele-freq. divergence among pops (Net nucleotide distance),
computed using point estimates of P.

      1       2       3       4       5       6       7      
 1      -    0.0051  0.1487  0.0047  0.1803  0.0231  0.0041  
 2   0.0051     -    0.1699  0.0190  0.2132  0.0076  0.0014  
 3   0.1487  0.1699     -    0.1402  0.2776  0.1942  0.1625  
 4   0.0047  0.0190  0.1402     -    0.1595  0.0479  0.0171  
 5   0.1803  0.2132  0.2776  0.1595     -    0.2481  0.1977  
 6   0.0231  0.0076  0.1942  0.0479  0.2481     -    0.0087  
 7   0.0041  0.0014  0.1625  0.0171  0.1977  0.0087     -    

Average distances (expected heterozygosity) between individuals in same cluster:
cluster  1  : 0.3733 
cluster  2  : 0.3216 
cluster  3  : 0.1931 
cluster  4  : 0.3994 
cluster  5  : 0.1102 
cluster  6  : 0.2413 
cluster  7  : 0.3306 

--------------------------------------------
Estimated Ln Prob of Data   = -350.9
Mean value of ln likelihood = -231.8
Variance of ln likelihood   = 238.3
Mean value of alpha         = 0.0396

Mean value of Fst_1         = 0.2193
Mean value of Fst_2         = 0.3961
Mean value of Fst_3         = 0.5772
Mean value of Fst_4         = 0.0905
Mean value of Fst_5         = 0.7155
Mean value of Fst_6         = 0.5464
Mean value of Fst_7         = 0.3434


Inferred ancestry of individuals:
        Label (%Miss) :  Inferred clusters
  1 torg1245   (21)   :  0.102 0.204 0.016 0.040 0.016 0.400 0.221 
  2 oldj1239   (14)   :  0.132 0.091 0.361 0.180 0.054 0.068 0.113 
  3 crim1257    (0)   :  0.163 0.209 0.007 0.037 0.006 0.297 0.281 
  4 bash1264    (7)   :  0.161 0.210 0.007 0.039 0.006 0.299 0.277 
  5 anat1259    (0)   :  0.165 0.211 0.006 0.042 0.025 0.268 0.282 
  6 okin1246    (0)   :  0.009 0.009 0.008 0.010 0.945 0.009 0.010 
  7 yaku1245    (0)   :  0.121 0.253 0.039 0.059 0.014 0.341 0.173 
  8 daur1238    (0)   :  0.204 0.277 0.012 0.164 0.007 0.195 0.142 
  9 east2337   (14)   :  0.230 0.169 0.021 0.295 0.010 0.089 0.186 
 10 ikem1235    (7)   :  0.015 0.012 0.008 0.020 0.918 0.013 0.014 
 11 sibe1251    (0)   :  0.014 0.015 0.922 0.013 0.005 0.017 0.015 
 12 nort2697    (0)   :  0.163 0.210 0.006 0.042 0.024 0.272 0.282 
 13 bona1250    (0)   :  0.214 0.144 0.036 0.291 0.038 0.094 0.183 
 14 ulch1241   (14)   :  0.100 0.113 0.437 0.095 0.010 0.131 0.114 
 15 nort2935   (14)   :  0.018 0.015 0.017 0.019 0.901 0.014 0.017 
 16 gaga1249    (0)   :  0.115 0.180 0.010 0.042 0.051 0.347 0.256 
 17 tara1319    (0)   :  0.014 0.010 0.006 0.019 0.931 0.009 0.012 
 18 moma1245   (21)   :  0.042 0.034 0.797 0.047 0.014 0.031 0.035 
 19 manc1252    (0)   :  0.183 0.129 0.204 0.189 0.019 0.116 0.159 
 20 shor1247    (0)   :  0.085 0.204 0.009 0.015 0.009 0.441 0.237 
 21 kaza1248    (0)   :  0.159 0.215 0.007 0.040 0.006 0.298 0.275 
 22 midd1351   (14)   :  0.185 0.186 0.025 0.142 0.023 0.215 0.224 
 23 chag1247   (71)   :  0.199 0.171 0.035 0.224 0.073 0.131 0.169 
 24 huih1238   (14)   :  0.051 0.050 0.717 0.062 0.023 0.045 0.053 
 25 ordo1245    (0)   :  0.194 0.283 0.011 0.168 0.006 0.186 0.151 
 26 turk1303    (0)   :  0.088 0.203 0.011 0.016 0.008 0.440 0.233 
 27 negi1245    (0)   :  0.015 0.011 0.911 0.019 0.019 0.012 0.013 
 28 nana1257    (0)   :  0.020 0.017 0.893 0.025 0.011 0.016 0.019 
 29 nort2690    (7)   :  0.199 0.168 0.011 0.206 0.056 0.158 0.202 
 30 shur1243    (0)   :  0.011 0.010 0.012 0.014 0.934 0.010 0.010 
 31 minh1238    (0)   :  0.215 0.160 0.007 0.293 0.065 0.095 0.164 
 32 udih1248    (0)   :  0.029 0.025 0.844 0.025 0.016 0.026 0.034 
 33 oira1262   (14)   :  0.150 0.235 0.015 0.117 0.011 0.286 0.186 
 34 hate1238    (7)   :  0.049 0.038 0.030 0.054 0.737 0.041 0.050 
 35 tata1255    (0)   :  0.156 0.209 0.007 0.037 0.006 0.307 0.278 
 36 turk1304    (0)   :  0.091 0.208 0.009 0.016 0.008 0.434 0.233 
 37 oroc1248    (0)   :  0.024 0.021 0.865 0.028 0.015 0.022 0.025 
 38 chuv1255    (0)   :  0.203 0.222 0.012 0.170 0.022 0.171 0.199 
 39 noga1249   (14)   :  0.178 0.186 0.024 0.147 0.022 0.209 0.234 
 40 dong1285    (7)   :  0.227 0.160 0.017 0.299 0.013 0.100 0.184 
 41 halh1238   (14)   :  0.221 0.190 0.019 0.262 0.015 0.123 0.169 
 42 ogam1239    (0)   :  0.060 0.048 0.009 0.083 0.722 0.025 0.052 
 43 cent2126    (7)   :  0.014 0.011 0.010 0.015 0.924 0.012 0.014 
 44 yona1241   (14)   :  0.233 0.161 0.029 0.282 0.028 0.091 0.177 
 45 kore1280    (0)   :  0.222 0.171 0.009 0.289 0.026 0.105 0.179 
 46 tuvi1240    (0)   :  0.176 0.275 0.020 0.124 0.009 0.242 0.153 
 47 huzh1238    (7)   :  0.221 0.169 0.010 0.296 0.035 0.099 0.170 
 48 khak1248    (0)   :  0.091 0.194 0.010 0.018 0.009 0.443 0.235 
 49 oldu1238    (7)   :  0.084 0.205 0.012 0.018 0.008 0.437 0.235 
 50 nucl1643    (0)   :  0.009 0.011 0.008 0.010 0.941 0.009 0.011 
 51 orok1265   (14)   :  0.011 0.010 0.934 0.013 0.014 0.009 0.010 
 52 midd1372   (14)   :  0.231 0.160 0.017 0.314 0.014 0.096 0.168 
 53 mogh1245   (28)   :  0.184 0.159 0.080 0.160 0.040 0.169 0.209 
 54 uigh1240    (7)   :  0.165 0.207 0.007 0.042 0.007 0.296 0.276 
 55 kara1467   (14)   :  0.161 0.208 0.008 0.042 0.008 0.297 0.276 
 56 russ1264   (14)   :  0.088 0.204 0.015 0.031 0.011 0.427 0.224 
 57 sout2954    (0)   :  0.011 0.010 0.012 0.011 0.938 0.008 0.011 
 58 berj1234    (0)   :  0.013 0.012 0.921 0.016 0.009 0.012 0.015 
 59 kham1281    (0)   :  0.120 0.255 0.039 0.064 0.014 0.342 0.166 
 60 dolg1241    (0)   :  0.086 0.216 0.010 0.016 0.009 0.426 0.236 


Estimated Allele Frequencies in each cluster
First column gives estimated ancestral frequencies


Locus 1 : TE003 
2 alleles
3.3% missing data
   1   (0.479) 0.606 0.728 0.066 0.497 0.024 0.826 0.691 
   0   (0.521) 0.394 0.272 0.934 0.503 0.976 0.174 0.309 

Locus 2 : TE004 
2 alleles
3.3% missing data
   0   (0.829) 0.877 0.918 0.318 0.849 0.992 0.946 0.909 
   1   (0.171) 0.123 0.082 0.682 0.151 0.008 0.054 0.091 

Locus 3 : TE005 
2 alleles
18.3% missing data
   0   (0.762) 0.822 0.888 0.114 0.782 0.988 0.920 0.862 
   1   (0.238) 0.178 0.112 0.886 0.218 0.012 0.080 0.138 

Locus 4 : TE006 
2 alleles
26.7% missing data
   0   (0.627) 0.698 0.786 0.968 0.622 0.096 0.869 0.770 
   1   (0.373) 0.302 0.214 0.032 0.378 0.904 0.131 0.230 

Locus 5 : TE007 
2 alleles
6.7% missing data
   0   (0.714) 0.776 0.832 0.973 0.712 0.715 0.897 0.840 
   1   (0.286) 0.224 0.168 0.027 0.288 0.285 0.103 0.160 

Locus 6 : TE008 
2 alleles
1.7% missing data
   1   (0.612) 0.644 0.674 0.967 0.591 0.938 0.808 0.739 
   0   (0.388) 0.356 0.326 0.033 0.409 0.062 0.192 0.261 

Locus 7 : TE031 
2 alleles
1.7% missing data
   1   (0.782) 0.820 0.848 0.982 0.803 0.037 0.886 0.821 
   0   (0.218) 0.180 0.152 0.018 0.197 0.963 0.114 0.179 

Locus 8 : TE037 
2 alleles
1.7% missing data
   1   (0.515) 0.574 0.610 0.114 0.525 0.612 0.738 0.662 
   0   (0.485) 0.426 0.390 0.886 0.475 0.388 0.262 0.338 

Locus 9 : TE038 
2 alleles
1.7% missing data
   1   (0.695) 0.776 0.851 0.662 0.716 0.034 0.908 0.819 
   0   (0.305) 0.224 0.149 0.338 0.284 0.966 0.092 0.181 

Locus 10 : TE039 
2 alleles
5.0% missing data
   1   (0.597) 0.547 0.600 0.934 0.565 0.973 0.641 0.539 
   0   (0.403) 0.453 0.400 0.066 0.435 0.027 0.359 0.461 

Locus 11 : TE078 
2 alleles
3.3% missing data
   0   (0.815) 0.851 0.895 0.984 0.811 0.992 0.935 0.885 
   1   (0.185) 0.149 0.105 0.016 0.189 0.008 0.065 0.115 

Locus 12 : TS079 
2 alleles
10.0% missing data
   0   (0.866) 0.910 0.940 0.491 0.887 0.994 0.964 0.925 
   1   (0.134) 0.090 0.060 0.509 0.113 0.006 0.036 0.075 

Locus 13 : TS080 
2 alleles
10.0% missing data
   0   (0.709) 0.560 0.409 0.770 0.712 0.987 0.262 0.462 
   1   (0.291) 0.440 0.591 0.230 0.288 0.013 0.738 0.538 

Locus 14 : TS088 
2 alleles
1.7% missing data
   0   (0.557) 0.612 0.658 0.962 0.527 0.978 0.797 0.704 
   1   (0.443) 0.388 0.342 0.038 0.473 0.022 0.203 0.296 

Values of parameters used in structure:
DATAFILE=phonology_structure,	OUTFILE=outfile_phonology_structure_K7_run2,	NUMINDS=60,	NUMLOCI=14,	MISSING=-9,	LABEL=1,	POPDATA=0,	POPFLAG=0,	PHENOTYPE=0,	EXTRACOLS=0,	MAXPOPS=7,	BURNIN=10000,	NUMREPS=100000,	USEPOPINFO=0,	INFERALPHA=1,	INFERLAMBDA=0,	POPSPECIFICLAMBDA=0,	POPALPHAS=0,	COMPUTEPROB=1,	NOADMIX=0,	ADMBURNIN=500,	UPDATEFREQ=100,	PRINTLIKES=0,	INTERMEDSAVE=0,	PRINTKLD=0,	PRINTNET=1,	PRINTLAMBDA=1,	ANCESTDIST=0,	NUMBOXES=1000,	ANCESTPINT=0.90000,	GENSBACK=2,	MIGRPRIOR=0.01000,	PRINTQHAT=0,	PRINTQSUM=1,	ALPHA=1.0000,	FREQSCORR=1,	FPRIORMEAN=0.0100,	FPRIORSD=0.0500,	ONEFST=0,	LAMBDA=1.0000,	UNIFPRIORALPHA=1,	ALPHAMAX=10.0000,	ALPHAPRIORA=1.0000,	ALPHAPRIORB=2.0000,	ALPHAPROPSD=0.0250,	STARTATPOPINFO=0,	RANDOMIZE=1,	LINKAGE=0,	METROFREQ=10,	REPORTHITRATE=0,	MARKOVPHASE=0,	PHASED=0,	PLOIDY=1,	PHASEINFO=0	LOCPRIOR=0, 	LOCPRIORINIT=1.000000, 	LOCDATA=0, 	LOCISPOP=0, 	LOCPRIORSTEP=0.100000, 	MAXLOCPRIOR=20.000000, 	SEED=1641217519,	
[STRAT parameters]:    NUMSIMSTATS=1000,	PHENOTYPECOL=-9,	POOLFREQ=10,	LOCUSxONLY=0,	EMERROR=0.00100,	MISSINGPHENO=-9,	