

----------------------------------------------------
STRUCTURE by Pritchard, Stephens and Donnelly (2000)
     and Falush, Stephens and Pritchard (2003)
       Code by Pritchard, Falush and Hubisz
             Version 2.3.4 (Jul 2012)
----------------------------------------------------



Command line arguments:   ./structure -m mainparams -K 4 -i phonology_structure -L 14 -o outfile_phonology_structure_K4_run46 
Input File:    phonology_structure

Run parameters:
   60 individuals
   14 loci
   4 populations assumed
   10000 Burn-in period
   100000 Reps


--------------------------------------------
Overall proportion of membership of the
sample in each of the 4 clusters

Inferred Clusters
  1      2      3      4    
0.401  0.190  0.177  0.232  

--------------------------------------------

Allele-freq. divergence among pops (Net nucleotide distance),
computed using point estimates of P.

      1       2       3       4      
 1      -    0.2382  0.3199  0.1404  
 2   0.2382     -    0.2593  0.1340  
 3   0.3199  0.2593     -    0.1579  
 4   0.1404  0.1340  0.1579     -    

Average distances (expected heterozygosity) between individuals in same cluster:
cluster  1  : 0.1020 
cluster  2  : 0.2168 
cluster  3  : 0.1185 
cluster  4  : 0.4088 

--------------------------------------------
Estimated Ln Prob of Data   = -276.4
Mean value of ln likelihood = -239.6
Variance of ln likelihood   = 73.6
Mean value of alpha         = 0.0452

Mean value of Fst_1         = 0.6861
Mean value of Fst_2         = 0.5287
Mean value of Fst_3         = 0.6971
Mean value of Fst_4         = 0.0344


Inferred ancestry of individuals:
        Label (%Miss) :  Inferred clusters
  1 torg1245   (21)   :  0.931 0.019 0.017 0.033 
  2 oldj1239   (14)   :  0.031 0.620 0.063 0.286 
  3 crim1257    (0)   :  0.970 0.009 0.007 0.015 
  4 bash1264    (7)   :  0.971 0.009 0.007 0.013 
  5 anat1259    (0)   :  0.947 0.008 0.025 0.021 
  6 okin1246    (0)   :  0.011 0.008 0.970 0.011 
  7 yaku1245    (0)   :  0.852 0.073 0.018 0.057 
  8 daur1238    (0)   :  0.284 0.024 0.009 0.682 
  9 east2337   (14)   :  0.019 0.025 0.011 0.946 
 10 ikem1235    (7)   :  0.010 0.008 0.964 0.017 
 11 sibe1251    (0)   :  0.021 0.960 0.006 0.013 
 12 nort2697    (0)   :  0.947 0.008 0.026 0.020 
 13 bona1250    (0)   :  0.013 0.059 0.054 0.873 
 14 ulch1241   (14)   :  0.224 0.658 0.011 0.107 
 15 nort2935   (14)   :  0.012 0.020 0.946 0.021 
 16 gaga1249    (0)   :  0.930 0.010 0.037 0.023 
 17 tara1319    (0)   :  0.008 0.007 0.970 0.015 
 18 moma1245   (21)   :  0.021 0.925 0.014 0.041 
 19 manc1252    (0)   :  0.199 0.435 0.029 0.337 
 20 shor1247    (0)   :  0.965 0.011 0.009 0.015 
 21 kaza1248    (0)   :  0.972 0.009 0.007 0.012 
 22 midd1351   (14)   :  0.753 0.052 0.033 0.162 
 23 chag1247   (71)   :  0.269 0.073 0.124 0.534 
 24 huih1238   (14)   :  0.048 0.856 0.027 0.069 
 25 ordo1245    (0)   :  0.285 0.025 0.009 0.680 
 26 turk1303    (0)   :  0.961 0.012 0.010 0.017 
 27 negi1245    (0)   :  0.008 0.954 0.021 0.017 
 28 nana1257    (0)   :  0.014 0.952 0.012 0.023 
 29 nort2690    (7)   :  0.420 0.020 0.109 0.452 
 30 shur1243    (0)   :  0.009 0.014 0.962 0.015 
 31 minh1238    (0)   :  0.010 0.009 0.069 0.912 
 32 udih1248    (0)   :  0.026 0.923 0.018 0.034 
 33 oira1262   (14)   :  0.695 0.024 0.013 0.268 
 34 hate1238    (7)   :  0.063 0.046 0.827 0.063 
 35 tata1255    (0)   :  0.973 0.008 0.008 0.011 
 36 turk1304    (0)   :  0.965 0.012 0.010 0.013 
 37 oroc1248    (0)   :  0.026 0.928 0.017 0.028 
 38 chuv1255    (0)   :  0.588 0.017 0.033 0.362 
 39 noga1249   (14)   :  0.740 0.055 0.032 0.173 
 40 dong1285    (7)   :  0.019 0.029 0.016 0.936 
 41 halh1238   (14)   :  0.071 0.028 0.016 0.885 
 42 ogam1239    (0)   :  0.008 0.011 0.840 0.141 
 43 cent2126    (7)   :  0.013 0.011 0.963 0.013 
 44 yona1241   (14)   :  0.012 0.049 0.033 0.906 
 45 kore1280    (0)   :  0.011 0.012 0.027 0.950 
 46 tuvi1240    (0)   :  0.583 0.048 0.016 0.353 
 47 huzh1238    (7)   :  0.012 0.013 0.039 0.936 
 48 khak1248    (0)   :  0.966 0.012 0.009 0.013 
 49 oldu1238    (7)   :  0.961 0.015 0.009 0.014 
 50 nucl1643    (0)   :  0.010 0.009 0.970 0.011 
 51 orok1265   (14)   :  0.008 0.964 0.015 0.012 
 52 midd1372   (14)   :  0.007 0.022 0.014 0.957 
 53 mogh1245   (28)   :  0.460 0.216 0.062 0.262 
 54 uigh1240    (7)   :  0.964 0.010 0.008 0.018 
 55 kara1467   (14)   :  0.964 0.011 0.008 0.017 
 56 russ1264   (14)   :  0.941 0.019 0.013 0.028 
 57 sout2954    (0)   :  0.009 0.014 0.965 0.012 
 58 berj1234    (0)   :  0.011 0.964 0.010 0.015 
 59 kham1281    (0)   :  0.852 0.072 0.018 0.057 
 60 dolg1241    (0)   :  0.963 0.012 0.010 0.014 


Estimated Allele Frequencies in each cluster
First column gives estimated ancestral frequencies


Locus 1 : TE003 
2 alleles
3.3% missing data
   1   (0.425) 0.983 0.090 0.025 0.432 
   0   (0.575) 0.017 0.910 0.975 0.568 

Locus 2 : TE004 
2 alleles
3.3% missing data
   0   (0.820) 0.996 0.385 0.992 0.840 
   1   (0.180) 0.004 0.615 0.008 0.160 

Locus 3 : TE005 
2 alleles
18.3% missing data
   0   (0.749) 0.992 0.152 0.987 0.767 
   1   (0.251) 0.008 0.848 0.013 0.233 

Locus 4 : TE006 
2 alleles
26.7% missing data
   0   (0.586) 0.984 0.962 0.108 0.561 
   1   (0.414) 0.016 0.038 0.892 0.439 

Locus 5 : TE007 
2 alleles
6.7% missing data
   0   (0.685) 0.994 0.969 0.704 0.665 
   1   (0.315) 0.006 0.031 0.296 0.335 

Locus 6 : TE008 
2 alleles
1.7% missing data
   1   (0.536) 0.938 0.955 0.909 0.488 
   0   (0.464) 0.062 0.045 0.091 0.512 

Locus 7 : TE031 
2 alleles
1.7% missing data
   1   (0.764) 0.868 0.980 0.040 0.794 
   0   (0.236) 0.132 0.020 0.960 0.206 

Locus 8 : TE037 
2 alleles
1.7% missing data
   1   (0.496) 0.878 0.144 0.603 0.495 
   0   (0.504) 0.122 0.856 0.397 0.505 

Locus 9 : TE038 
2 alleles
1.7% missing data
   1   (0.652) 0.993 0.676 0.035 0.672 
   0   (0.348) 0.007 0.324 0.965 0.328 

Locus 10 : TE039 
2 alleles
5.0% missing data
   1   (0.598) 0.515 0.882 0.969 0.586 
   0   (0.402) 0.485 0.118 0.031 0.414 

Locus 11 : TE078 
2 alleles
3.3% missing data
   0   (0.802) 0.996 0.982 0.991 0.781 
   1   (0.198) 0.004 0.018 0.009 0.219 

Locus 12 : TS079 
2 alleles
10.0% missing data
   0   (0.848) 0.996 0.550 0.993 0.868 
   1   (0.152) 0.004 0.450 0.007 0.132 

Locus 13 : TS080 
2 alleles
10.0% missing data
   0   (0.728) 0.080 0.767 0.988 0.755 
   1   (0.272) 0.920 0.233 0.012 0.245 

Locus 14 : TS088 
2 alleles
1.7% missing data
   0   (0.456) 0.953 0.947 0.972 0.387 
   1   (0.544) 0.047 0.053 0.028 0.613 

Values of parameters used in structure:
DATAFILE=phonology_structure,	OUTFILE=outfile_phonology_structure_K4_run46,	NUMINDS=60,	NUMLOCI=14,	MISSING=-9,	LABEL=1,	POPDATA=0,	POPFLAG=0,	PHENOTYPE=0,	EXTRACOLS=0,	MAXPOPS=4,	BURNIN=10000,	NUMREPS=100000,	USEPOPINFO=0,	INFERALPHA=1,	INFERLAMBDA=0,	POPSPECIFICLAMBDA=0,	POPALPHAS=0,	COMPUTEPROB=1,	NOADMIX=0,	ADMBURNIN=500,	UPDATEFREQ=100,	PRINTLIKES=0,	INTERMEDSAVE=0,	PRINTKLD=0,	PRINTNET=1,	PRINTLAMBDA=1,	ANCESTDIST=0,	NUMBOXES=1000,	ANCESTPINT=0.90000,	GENSBACK=2,	MIGRPRIOR=0.01000,	PRINTQHAT=0,	PRINTQSUM=1,	ALPHA=1.0000,	FREQSCORR=1,	FPRIORMEAN=0.0100,	FPRIORSD=0.0500,	ONEFST=0,	LAMBDA=1.0000,	UNIFPRIORALPHA=1,	ALPHAMAX=10.0000,	ALPHAPRIORA=1.0000,	ALPHAPRIORB=2.0000,	ALPHAPROPSD=0.0250,	STARTATPOPINFO=0,	RANDOMIZE=1,	LINKAGE=0,	METROFREQ=10,	REPORTHITRATE=0,	MARKOVPHASE=0,	PHASED=0,	PLOIDY=1,	PHASEINFO=0	LOCPRIOR=0, 	LOCPRIORINIT=1.000000, 	LOCDATA=0, 	LOCISPOP=0, 	LOCPRIORSTEP=0.100000, 	MAXLOCPRIOR=20.000000, 	SEED=1641290488,	
[STRAT parameters]:    NUMSIMSTATS=1000,	PHENOTYPECOL=-9,	POOLFREQ=10,	LOCUSxONLY=0,	EMERROR=0.00100,	MISSINGPHENO=-9,	