

----------------------------------------------------
STRUCTURE by Pritchard, Stephens and Donnelly (2000)
     and Falush, Stephens and Pritchard (2003)
       Code by Pritchard, Falush and Hubisz
             Version 2.3.4 (Jul 2012)
----------------------------------------------------



Command line arguments:   ./structure -m mainparams -K 3 -i phonology_structure -L 14 -o outfile_phonology_structure_K3_run20 
Input File:    phonology_structure

Run parameters:
   60 individuals
   14 loci
   3 populations assumed
   10000 Burn-in period
   100000 Reps


--------------------------------------------
Overall proportion of membership of the
sample in each of the 3 clusters

Inferred Clusters
  1      2      3    
0.453  0.241  0.305  

--------------------------------------------

Allele-freq. divergence among pops (Net nucleotide distance),
computed using point estimates of P.

      1       2       3      
 1      -    0.1920  0.2129  
 2   0.1920     -    0.1399  
 3   0.2129  0.1399     -    

Average distances (expected heterozygosity) between individuals in same cluster:
cluster  1  : 0.1337 
cluster  2  : 0.2828 
cluster  3  : 0.3194 

--------------------------------------------
Estimated Ln Prob of Data   = -303.8
Mean value of ln likelihood = -273.5
Variance of ln likelihood   = 60.7
Mean value of alpha         = 0.0509

Mean value of Fst_1         = 0.6168
Mean value of Fst_2         = 0.3727
Mean value of Fst_3         = 0.2830


Inferred ancestry of individuals:
        Label (%Miss) :  Inferred clusters
  1 torg1245   (21)   :  0.951 0.025 0.024 
  2 oldj1239   (14)   :  0.026 0.695 0.279 
  3 crim1257    (0)   :  0.979 0.011 0.010 
  4 bash1264    (7)   :  0.979 0.011 0.010 
  5 anat1259    (0)   :  0.969 0.010 0.021 
  6 okin1246    (0)   :  0.015 0.017 0.967 
  7 yaku1245    (0)   :  0.943 0.041 0.016 
  8 daur1238    (0)   :  0.830 0.103 0.067 
  9 east2337   (14)   :  0.071 0.281 0.648 
 10 ikem1235    (7)   :  0.014 0.016 0.970 
 11 sibe1251    (0)   :  0.027 0.965 0.008 
 12 nort2697    (0)   :  0.967 0.011 0.023 
 13 bona1250    (0)   :  0.018 0.281 0.702 
 14 ulch1241   (14)   :  0.293 0.676 0.031 
 15 nort2935   (14)   :  0.019 0.061 0.920 
 16 gaga1249    (0)   :  0.959 0.013 0.027 
 17 tara1319    (0)   :  0.012 0.013 0.975 
 18 moma1245   (21)   :  0.034 0.943 0.023 
 19 manc1252    (0)   :  0.180 0.637 0.183 
 20 shor1247    (0)   :  0.975 0.014 0.011 
 21 kaza1248    (0)   :  0.980 0.011 0.009 
 22 midd1351   (14)   :  0.826 0.080 0.094 
 23 chag1247   (71)   :  0.414 0.167 0.419 
 24 huih1238   (14)   :  0.055 0.908 0.038 
 25 ordo1245    (0)   :  0.826 0.104 0.070 
 26 turk1303    (0)   :  0.975 0.014 0.011 
 27 negi1245    (0)   :  0.010 0.963 0.027 
 28 nana1257    (0)   :  0.015 0.969 0.016 
 29 nort2690    (7)   :  0.442 0.088 0.470 
 30 shur1243    (0)   :  0.013 0.030 0.958 
 31 minh1238    (0)   :  0.015 0.181 0.804 
 32 udih1248    (0)   :  0.032 0.947 0.021 
 33 oira1262   (14)   :  0.917 0.046 0.037 
 34 hate1238    (7)   :  0.058 0.072 0.870 
 35 tata1255    (0)   :  0.979 0.011 0.010 
 36 turk1304    (0)   :  0.974 0.014 0.012 
 37 oroc1248    (0)   :  0.024 0.958 0.018 
 38 chuv1255    (0)   :  0.903 0.041 0.056 
 39 noga1249   (14)   :  0.823 0.083 0.093 
 40 dong1285    (7)   :  0.034 0.253 0.713 
 41 halh1238   (14)   :  0.369 0.214 0.417 
 42 ogam1239    (0)   :  0.010 0.029 0.962 
 43 cent2126    (7)   :  0.024 0.033 0.943 
 44 yona1241   (14)   :  0.016 0.250 0.734 
 45 kore1280    (0)   :  0.026 0.218 0.756 
 46 tuvi1240    (0)   :  0.913 0.058 0.029 
 47 huzh1238    (7)   :  0.019 0.211 0.770 
 48 khak1248    (0)   :  0.975 0.014 0.011 
 49 oldu1238    (7)   :  0.969 0.018 0.012 
 50 nucl1643    (0)   :  0.017 0.018 0.965 
 51 orok1265   (14)   :  0.011 0.969 0.020 
 52 midd1372   (14)   :  0.010 0.248 0.742 
 53 mogh1245   (28)   :  0.418 0.337 0.246 
 54 uigh1240    (7)   :  0.977 0.011 0.012 
 55 kara1467   (14)   :  0.973 0.014 0.012 
 56 russ1264   (14)   :  0.963 0.021 0.016 
 57 sout2954    (0)   :  0.013 0.030 0.957 
 58 berj1234    (0)   :  0.014 0.972 0.014 
 59 kham1281    (0)   :  0.943 0.042 0.015 
 60 dolg1241    (0)   :  0.974 0.014 0.011 


Estimated Allele Frequencies in each cluster
First column gives estimated ancestral frequencies


Locus 1 : TE003 
2 alleles
3.3% missing data
   1   (0.329) 0.977 0.126 0.154 
   0   (0.671) 0.023 0.874 0.846 

Locus 2 : TE004 
2 alleles
3.3% missing data
   0   (0.763) 0.994 0.460 0.926 
   1   (0.237) 0.006 0.540 0.074 

Locus 3 : TE005 
2 alleles
18.3% missing data
   0   (0.694) 0.987 0.250 0.902 
   1   (0.306) 0.013 0.750 0.098 

Locus 4 : TE006 
2 alleles
26.7% missing data
   0   (0.585) 0.980 0.898 0.230 
   1   (0.415) 0.020 0.102 0.770 

Locus 5 : TE007 
2 alleles
6.7% missing data
   0   (0.739) 0.993 0.917 0.634 
   1   (0.261) 0.007 0.083 0.366 

Locus 6 : TE008 
2 alleles
1.7% missing data
   1   (0.683) 0.857 0.897 0.716 
   0   (0.317) 0.143 0.103 0.284 

Locus 7 : TE031 
2 alleles
1.7% missing data
   1   (0.655) 0.858 0.936 0.378 
   0   (0.345) 0.142 0.064 0.622 

Locus 8 : TE037 
2 alleles
1.7% missing data
   1   (0.481) 0.794 0.227 0.566 
   0   (0.519) 0.206 0.773 0.434 

Locus 9 : TE038 
2 alleles
1.7% missing data
   1   (0.570) 0.989 0.667 0.299 
   0   (0.430) 0.011 0.333 0.701 

Locus 10 : TE039 
2 alleles
5.0% missing data
   1   (0.644) 0.557 0.823 0.743 
   0   (0.356) 0.443 0.177 0.257 

Locus 11 : TE078 
2 alleles
3.3% missing data
   0   (0.818) 0.995 0.942 0.846 
   1   (0.182) 0.005 0.058 0.154 

Locus 12 : TS079 
2 alleles
10.0% missing data
   0   (0.801) 0.994 0.607 0.940 
   1   (0.199) 0.006 0.393 0.060 

Locus 13 : TS080 
2 alleles
10.0% missing data
   0   (0.767) 0.108 0.790 0.951 
   1   (0.233) 0.892 0.210 0.049 

Locus 14 : TS088 
2 alleles
1.7% missing data
   0   (0.643) 0.892 0.871 0.668 
   1   (0.357) 0.108 0.129 0.332 

Values of parameters used in structure:
DATAFILE=phonology_structure,	OUTFILE=outfile_phonology_structure_K3_run20,	NUMINDS=60,	NUMLOCI=14,	MISSING=-9,	LABEL=1,	POPDATA=0,	POPFLAG=0,	PHENOTYPE=0,	EXTRACOLS=0,	MAXPOPS=3,	BURNIN=10000,	NUMREPS=100000,	USEPOPINFO=0,	INFERALPHA=1,	INFERLAMBDA=0,	POPSPECIFICLAMBDA=0,	POPALPHAS=0,	COMPUTEPROB=1,	NOADMIX=0,	ADMBURNIN=500,	UPDATEFREQ=100,	PRINTLIKES=0,	INTERMEDSAVE=0,	PRINTKLD=0,	PRINTNET=1,	PRINTLAMBDA=1,	ANCESTDIST=0,	NUMBOXES=1000,	ANCESTPINT=0.90000,	GENSBACK=2,	MIGRPRIOR=0.01000,	PRINTQHAT=0,	PRINTQSUM=1,	ALPHA=1.0000,	FREQSCORR=1,	FPRIORMEAN=0.0100,	FPRIORSD=0.0500,	ONEFST=0,	LAMBDA=1.0000,	UNIFPRIORALPHA=1,	ALPHAMAX=10.0000,	ALPHAPRIORA=1.0000,	ALPHAPRIORB=2.0000,	ALPHAPROPSD=0.0250,	STARTATPOPINFO=0,	RANDOMIZE=1,	LINKAGE=0,	METROFREQ=10,	REPORTHITRATE=0,	MARKOVPHASE=0,	PHASED=0,	PLOIDY=1,	PHASEINFO=0	LOCPRIOR=0, 	LOCPRIORINIT=1.000000, 	LOCDATA=0, 	LOCISPOP=0, 	LOCPRIORSTEP=0.100000, 	MAXLOCPRIOR=20.000000, 	SEED=1641247074,	
[STRAT parameters]:    NUMSIMSTATS=1000,	PHENOTYPECOL=-9,	POOLFREQ=10,	LOCUSxONLY=0,	EMERROR=0.00100,	MISSINGPHENO=-9,	