

----------------------------------------------------
STRUCTURE by Pritchard, Stephens and Donnelly (2000)
     and Falush, Stephens and Pritchard (2003)
       Code by Pritchard, Falush and Hubisz
             Version 2.3.4 (Jul 2012)
----------------------------------------------------



Command line arguments:   ./structure -m mainparams -K 4 -i phonology_structure -L 14 -o outfile_phonology_structure_K4_run28 
Input File:    phonology_structure

Run parameters:
   60 individuals
   14 loci
   4 populations assumed
   10000 Burn-in period
   100000 Reps


--------------------------------------------
Overall proportion of membership of the
sample in each of the 4 clusters

Inferred Clusters
  1      2      3      4    
0.226  0.177  0.404  0.192  

--------------------------------------------

Allele-freq. divergence among pops (Net nucleotide distance),
computed using point estimates of P.

      1       2       3       4      
 1      -    0.1657  0.1505  0.1453  
 2   0.1657     -    0.3182  0.2575  
 3   0.1505  0.3182     -    0.2371  
 4   0.1453  0.2575  0.2371     -    

Average distances (expected heterozygosity) between individuals in same cluster:
cluster  1  : 0.4047 
cluster  2  : 0.1199 
cluster  3  : 0.1031 
cluster  4  : 0.2172 

--------------------------------------------
Estimated Ln Prob of Data   = -271.2
Mean value of ln likelihood = -237.5
Variance of ln likelihood   = 67.4
Mean value of alpha         = 0.0450

Mean value of Fst_1         = 0.0722
Mean value of Fst_2         = 0.6888
Mean value of Fst_3         = 0.6822
Mean value of Fst_4         = 0.5210


Inferred ancestry of individuals:
        Label (%Miss) :  Inferred clusters
  1 torg1245   (21)   :  0.028 0.016 0.938 0.018 
  2 oldj1239   (14)   :  0.259 0.065 0.031 0.645 
  3 crim1257    (0)   :  0.012 0.007 0.972 0.009 
  4 bash1264    (7)   :  0.014 0.007 0.971 0.009 
  5 anat1259    (0)   :  0.017 0.024 0.951 0.008 
  6 okin1246    (0)   :  0.010 0.971 0.010 0.009 
  7 yaku1245    (0)   :  0.051 0.017 0.866 0.067 
  8 daur1238    (0)   :  0.657 0.009 0.311 0.023 
  9 east2337   (14)   :  0.942 0.012 0.019 0.028 
 10 ikem1235    (7)   :  0.017 0.966 0.009 0.008 
 11 sibe1251    (0)   :  0.011 0.006 0.021 0.962 
 12 nort2697    (0)   :  0.017 0.024 0.951 0.008 
 13 bona1250    (0)   :  0.875 0.052 0.014 0.059 
 14 ulch1241   (14)   :  0.098 0.013 0.239 0.650 
 15 nort2935   (14)   :  0.018 0.950 0.012 0.020 
 16 gaga1249    (0)   :  0.016 0.041 0.933 0.010 
 17 tara1319    (0)   :  0.015 0.971 0.007 0.007 
 18 moma1245   (21)   :  0.034 0.014 0.022 0.929 
 19 manc1252    (0)   :  0.294 0.028 0.208 0.470 
 20 shor1247    (0)   :  0.012 0.010 0.965 0.013 
 21 kaza1248    (0)   :  0.012 0.007 0.972 0.009 
 22 midd1351   (14)   :  0.155 0.033 0.759 0.054 
 23 chag1247   (71)   :  0.559 0.124 0.248 0.069 
 24 huih1238   (14)   :  0.054 0.026 0.051 0.870 
 25 ordo1245    (0)   :  0.658 0.009 0.310 0.022 
 26 turk1303    (0)   :  0.012 0.010 0.965 0.013 
 27 negi1245    (0)   :  0.016 0.021 0.009 0.955 
 28 nana1257    (0)   :  0.017 0.012 0.014 0.958 
 29 nort2690    (7)   :  0.432 0.115 0.432 0.021 
 30 shur1243    (0)   :  0.014 0.963 0.009 0.014 
 31 minh1238    (0)   :  0.907 0.074 0.010 0.009 
 32 udih1248    (0)   :  0.027 0.018 0.024 0.931 
 33 oira1262   (14)   :  0.261 0.013 0.704 0.022 
 34 hate1238    (7)   :  0.045 0.846 0.062 0.047 
 35 tata1255    (0)   :  0.011 0.007 0.973 0.009 
 36 turk1304    (0)   :  0.014 0.010 0.964 0.013 
 37 oroc1248    (0)   :  0.022 0.017 0.027 0.934 
 38 chuv1255    (0)   :  0.337 0.034 0.612 0.017 
 39 noga1249   (14)   :  0.163 0.034 0.749 0.055 
 40 dong1285    (7)   :  0.936 0.016 0.021 0.027 
 41 halh1238   (14)   :  0.877 0.018 0.079 0.026 
 42 ogam1239    (0)   :  0.138 0.842 0.008 0.011 
 43 cent2126    (7)   :  0.012 0.963 0.014 0.011 
 44 yona1241   (14)   :  0.910 0.036 0.012 0.042 
 45 kore1280    (0)   :  0.951 0.027 0.010 0.011 
 46 tuvi1240    (0)   :  0.315 0.018 0.622 0.045 
 47 huzh1238    (7)   :  0.937 0.037 0.012 0.013 
 48 khak1248    (0)   :  0.014 0.010 0.963 0.013 
 49 oldu1238    (7)   :  0.015 0.010 0.959 0.017 
 50 nucl1643    (0)   :  0.010 0.971 0.011 0.009 
 51 orok1265   (14)   :  0.011 0.016 0.008 0.964 
 52 midd1372   (14)   :  0.952 0.016 0.007 0.025 
 53 mogh1245   (28)   :  0.234 0.062 0.464 0.240 
 54 uigh1240    (7)   :  0.013 0.008 0.970 0.008 
 55 kara1467   (14)   :  0.014 0.008 0.968 0.010 
 56 russ1264   (14)   :  0.018 0.012 0.953 0.018 
 57 sout2954    (0)   :  0.012 0.966 0.008 0.013 
 58 berj1234    (0)   :  0.014 0.011 0.011 0.964 
 59 kham1281    (0)   :  0.053 0.018 0.857 0.072 
 60 dolg1241    (0)   :  0.013 0.010 0.966 0.011 


Estimated Allele Frequencies in each cluster
First column gives estimated ancestral frequencies


Locus 1 : TE003 
2 alleles
3.3% missing data
   1   (0.427) 0.437 0.026 0.982 0.087 
   0   (0.573) 0.563 0.974 0.018 0.913 

Locus 2 : TE004 
2 alleles
3.3% missing data
   0   (0.809) 0.849 0.991 0.996 0.384 
   1   (0.191) 0.151 0.009 0.004 0.616 

Locus 3 : TE005 
2 alleles
18.3% missing data
   0   (0.746) 0.781 0.987 0.992 0.154 
   1   (0.254) 0.219 0.013 0.008 0.846 

Locus 4 : TE006 
2 alleles
26.7% missing data
   0   (0.583) 0.527 0.113 0.983 0.961 
   1   (0.417) 0.473 0.887 0.017 0.039 

Locus 5 : TE007 
2 alleles
6.7% missing data
   0   (0.686) 0.641 0.705 0.993 0.969 
   1   (0.314) 0.359 0.295 0.007 0.031 

Locus 6 : TE008 
2 alleles
1.7% missing data
   1   (0.553) 0.457 0.910 0.936 0.957 
   0   (0.447) 0.543 0.090 0.064 0.043 

Locus 7 : TE031 
2 alleles
1.7% missing data
   1   (0.748) 0.810 0.040 0.867 0.978 
   0   (0.252) 0.190 0.960 0.133 0.022 

Locus 8 : TE037 
2 alleles
1.7% missing data
   1   (0.477) 0.478 0.603 0.873 0.148 
   0   (0.523) 0.522 0.397 0.127 0.852 

Locus 9 : TE038 
2 alleles
1.7% missing data
   1   (0.655) 0.695 0.036 0.993 0.676 
   0   (0.345) 0.305 0.964 0.007 0.324 

Locus 10 : TE039 
2 alleles
5.0% missing data
   1   (0.606) 0.578 0.968 0.517 0.877 
   0   (0.394) 0.422 0.032 0.483 0.123 

Locus 11 : TE078 
2 alleles
3.3% missing data
   0   (0.789) 0.745 0.990 0.995 0.981 
   1   (0.211) 0.255 0.010 0.005 0.019 

Locus 12 : TS079 
2 alleles
10.0% missing data
   0   (0.833) 0.875 0.992 0.996 0.550 
   1   (0.167) 0.125 0.008 0.004 0.450 

Locus 13 : TS080 
2 alleles
10.0% missing data
   0   (0.718) 0.774 0.987 0.079 0.766 
   1   (0.282) 0.226 0.013 0.921 0.234 

Locus 14 : TS088 
2 alleles
1.7% missing data
   0   (0.492) 0.345 0.973 0.953 0.952 
   1   (0.508) 0.655 0.027 0.047 0.048 

Values of parameters used in structure:
DATAFILE=phonology_structure,	OUTFILE=outfile_phonology_structure_K4_run28,	NUMINDS=60,	NUMLOCI=14,	MISSING=-9,	LABEL=1,	POPDATA=0,	POPFLAG=0,	PHENOTYPE=0,	EXTRACOLS=0,	MAXPOPS=4,	BURNIN=10000,	NUMREPS=100000,	USEPOPINFO=0,	INFERALPHA=1,	INFERLAMBDA=0,	POPSPECIFICLAMBDA=0,	POPALPHAS=0,	COMPUTEPROB=1,	NOADMIX=0,	ADMBURNIN=500,	UPDATEFREQ=100,	PRINTLIKES=0,	INTERMEDSAVE=0,	PRINTKLD=0,	PRINTNET=1,	PRINTLAMBDA=1,	ANCESTDIST=0,	NUMBOXES=1000,	ANCESTPINT=0.90000,	GENSBACK=2,	MIGRPRIOR=0.01000,	PRINTQHAT=0,	PRINTQSUM=1,	ALPHA=1.0000,	FREQSCORR=1,	FPRIORMEAN=0.0100,	FPRIORSD=0.0500,	ONEFST=0,	LAMBDA=1.0000,	UNIFPRIORALPHA=1,	ALPHAMAX=10.0000,	ALPHAPRIORA=1.0000,	ALPHAPRIORB=2.0000,	ALPHAPROPSD=0.0250,	STARTATPOPINFO=0,	RANDOMIZE=1,	LINKAGE=0,	METROFREQ=10,	REPORTHITRATE=0,	MARKOVPHASE=0,	PHASED=0,	PLOIDY=1,	PHASEINFO=0	LOCPRIOR=0, 	LOCPRIORINIT=1.000000, 	LOCDATA=0, 	LOCISPOP=0, 	LOCPRIORSTEP=0.100000, 	MAXLOCPRIOR=20.000000, 	SEED=1641274860,	
[STRAT parameters]:    NUMSIMSTATS=1000,	PHENOTYPECOL=-9,	POOLFREQ=10,	LOCUSxONLY=0,	EMERROR=0.00100,	MISSINGPHENO=-9,	