

----------------------------------------------------
STRUCTURE by Pritchard, Stephens and Donnelly (2000)
     and Falush, Stephens and Pritchard (2003)
       Code by Pritchard, Falush and Hubisz
             Version 2.3.4 (Jul 2012)
----------------------------------------------------



Command line arguments:   ./structure -m mainparams -K 3 -i phonology_structure -L 14 -o outfile_phonology_structure_K3_run12 
Input File:    phonology_structure

Run parameters:
   60 individuals
   14 loci
   3 populations assumed
   10000 Burn-in period
   100000 Reps


--------------------------------------------
Overall proportion of membership of the
sample in each of the 3 clusters

Inferred Clusters
  1      2      3    
0.358  0.200  0.442  

--------------------------------------------

Allele-freq. divergence among pops (Net nucleotide distance),
computed using point estimates of P.

      1       2       3      
 1      -    0.1536  0.1485  
 2   0.1536     -    0.2957  
 3   0.1485  0.2957     -    

Average distances (expected heterozygosity) between individuals in same cluster:
cluster  1  : 0.3920 
cluster  2  : 0.1564 
cluster  3  : 0.1261 

--------------------------------------------
Estimated Ln Prob of Data   = -299.6
Mean value of ln likelihood = -276.1
Variance of ln likelihood   = 47.1
Mean value of alpha         = 0.0511

Mean value of Fst_1         = 0.0639
Mean value of Fst_2         = 0.6370
Mean value of Fst_3         = 0.6374


Inferred ancestry of individuals:
        Label (%Miss) :  Inferred clusters
  1 torg1245   (21)   :  0.028 0.019 0.953 
  2 oldj1239   (14)   :  0.892 0.087 0.022 
  3 crim1257    (0)   :  0.012 0.009 0.979 
  4 bash1264    (7)   :  0.013 0.008 0.979 
  5 anat1259    (0)   :  0.016 0.025 0.959 
  6 okin1246    (0)   :  0.013 0.974 0.013 
  7 yaku1245    (0)   :  0.045 0.016 0.939 
  8 daur1238    (0)   :  0.342 0.017 0.642 
  9 east2337   (14)   :  0.872 0.088 0.040 
 10 ikem1235    (7)   :  0.016 0.973 0.011 
 11 sibe1251    (0)   :  0.957 0.010 0.033 
 12 nort2697    (0)   :  0.014 0.026 0.960 
 13 bona1250    (0)   :  0.844 0.139 0.017 
 14 ulch1241   (14)   :  0.669 0.017 0.314 
 15 nort2935   (14)   :  0.028 0.959 0.013 
 16 gaga1249    (0)   :  0.018 0.041 0.941 
 17 tara1319    (0)   :  0.012 0.979 0.009 
 18 moma1245   (21)   :  0.920 0.024 0.055 
 19 manc1252    (0)   :  0.839 0.043 0.117 
 20 shor1247    (0)   :  0.013 0.011 0.976 
 21 kaza1248    (0)   :  0.013 0.009 0.979 
 22 midd1351   (14)   :  0.133 0.039 0.828 
 23 chag1247   (71)   :  0.390 0.188 0.422 
 24 huih1238   (14)   :  0.913 0.030 0.058 
 25 ordo1245    (0)   :  0.332 0.017 0.651 
 26 turk1303    (0)   :  0.015 0.011 0.974 
 27 negi1245    (0)   :  0.953 0.034 0.013 
 28 nana1257    (0)   :  0.962 0.017 0.021 
 29 nort2690    (7)   :  0.267 0.194 0.539 
 30 shur1243    (0)   :  0.017 0.973 0.010 
 31 minh1238    (0)   :  0.718 0.261 0.021 
 32 udih1248    (0)   :  0.941 0.024 0.036 
 33 oira1262   (14)   :  0.124 0.015 0.861 
 34 hate1238    (7)   :  0.068 0.868 0.064 
 35 tata1255    (0)   :  0.013 0.009 0.978 
 36 turk1304    (0)   :  0.014 0.012 0.974 
 37 oroc1248    (0)   :  0.964 0.015 0.021 
 38 chuv1255    (0)   :  0.120 0.041 0.839 
 39 noga1249   (14)   :  0.134 0.040 0.825 
 40 dong1285    (7)   :  0.875 0.098 0.028 
 41 halh1238   (14)   :  0.708 0.065 0.227 
 42 ogam1239    (0)   :  0.074 0.914 0.012 
 43 cent2126    (7)   :  0.017 0.967 0.016 
 44 yona1241   (14)   :  0.876 0.110 0.014 
 45 kore1280    (0)   :  0.847 0.132 0.022 
 46 tuvi1240    (0)   :  0.148 0.017 0.835 
 47 huzh1238    (7)   :  0.819 0.161 0.020 
 48 khak1248    (0)   :  0.015 0.011 0.975 
 49 oldu1238    (7)   :  0.019 0.011 0.971 
 50 nucl1643    (0)   :  0.013 0.975 0.012 
 51 orok1265   (14)   :  0.953 0.031 0.016 
 52 midd1372   (14)   :  0.888 0.103 0.009 
 53 mogh1245   (28)   :  0.456 0.089 0.455 
 54 uigh1240    (7)   :  0.014 0.010 0.977 
 55 kara1467   (14)   :  0.017 0.010 0.974 
 56 russ1264   (14)   :  0.025 0.014 0.961 
 57 sout2954    (0)   :  0.018 0.972 0.010 
 58 berj1234    (0)   :  0.965 0.017 0.018 
 59 kham1281    (0)   :  0.046 0.017 0.937 
 60 dolg1241    (0)   :  0.015 0.012 0.974 


Estimated Allele Frequencies in each cluster
First column gives estimated ancestral frequencies


Locus 1 : TE003 
2 alleles
3.3% missing data
   1   (0.296) 0.252 0.035 0.976 
   0   (0.704) 0.748 0.965 0.024 

Locus 2 : TE004 
2 alleles
3.3% missing data
   0   (0.685) 0.634 0.977 0.992 
   1   (0.315) 0.366 0.023 0.008 

Locus 3 : TE005 
2 alleles
18.3% missing data
   0   (0.519) 0.437 0.965 0.978 
   1   (0.481) 0.563 0.035 0.022 

Locus 4 : TE006 
2 alleles
26.7% missing data
   0   (0.699) 0.746 0.141 0.984 
   1   (0.301) 0.254 0.859 0.016 

Locus 5 : TE007 
2 alleles
6.7% missing data
   0   (0.747) 0.773 0.684 0.994 
   1   (0.253) 0.227 0.316 0.006 

Locus 6 : TE008 
2 alleles
1.7% missing data
   1   (0.668) 0.699 0.874 0.885 
   0   (0.332) 0.301 0.126 0.115 

Locus 7 : TE031 
2 alleles
1.7% missing data
   1   (0.813) 0.878 0.086 0.870 
   0   (0.187) 0.122 0.914 0.130 

Locus 8 : TE037 
2 alleles
1.7% missing data
   1   (0.411) 0.365 0.584 0.808 
   0   (0.589) 0.635 0.416 0.192 

Locus 9 : TE038 
2 alleles
1.7% missing data
   1   (0.641) 0.661 0.072 0.992 
   0   (0.359) 0.339 0.928 0.008 

Locus 10 : TE039 
2 alleles
5.0% missing data
   1   (0.664) 0.688 0.943 0.545 
   0   (0.336) 0.312 0.057 0.455 

Locus 11 : TE078 
2 alleles
3.3% missing data
   0   (0.817) 0.831 0.974 0.996 
   1   (0.183) 0.169 0.026 0.004 

Locus 12 : TS079 
2 alleles
10.0% missing data
   0   (0.778) 0.749 0.984 0.994 
   1   (0.222) 0.251 0.016 0.006 

Locus 13 : TS080 
2 alleles
10.0% missing data
   0   (0.781) 0.803 0.986 0.105 
   1   (0.219) 0.197 0.014 0.895 

Locus 14 : TS088 
2 alleles
1.7% missing data
   0   (0.594) 0.609 0.935 0.915 
   1   (0.406) 0.391 0.065 0.085 

Values of parameters used in structure:
DATAFILE=phonology_structure,	OUTFILE=outfile_phonology_structure_K3_run12,	NUMINDS=60,	NUMLOCI=14,	MISSING=-9,	LABEL=1,	POPDATA=0,	POPFLAG=0,	PHENOTYPE=0,	EXTRACOLS=0,	MAXPOPS=3,	BURNIN=10000,	NUMREPS=100000,	USEPOPINFO=0,	INFERALPHA=1,	INFERLAMBDA=0,	POPSPECIFICLAMBDA=0,	POPALPHAS=0,	COMPUTEPROB=1,	NOADMIX=0,	ADMBURNIN=500,	UPDATEFREQ=100,	PRINTLIKES=0,	INTERMEDSAVE=0,	PRINTKLD=0,	PRINTNET=1,	PRINTLAMBDA=1,	ANCESTDIST=0,	NUMBOXES=1000,	ANCESTPINT=0.90000,	GENSBACK=2,	MIGRPRIOR=0.01000,	PRINTQHAT=0,	PRINTQSUM=1,	ALPHA=1.0000,	FREQSCORR=1,	FPRIORMEAN=0.0100,	FPRIORSD=0.0500,	ONEFST=0,	LAMBDA=1.0000,	UNIFPRIORALPHA=1,	ALPHAMAX=10.0000,	ALPHAPRIORA=1.0000,	ALPHAPRIORB=2.0000,	ALPHAPROPSD=0.0250,	STARTATPOPINFO=0,	RANDOMIZE=1,	LINKAGE=0,	METROFREQ=10,	REPORTHITRATE=0,	MARKOVPHASE=0,	PHASED=0,	PLOIDY=1,	PHASEINFO=0	LOCPRIOR=0, 	LOCPRIORINIT=1.000000, 	LOCDATA=0, 	LOCISPOP=0, 	LOCPRIORSTEP=0.100000, 	MAXLOCPRIOR=20.000000, 	SEED=1641235002,	
[STRAT parameters]:    NUMSIMSTATS=1000,	PHENOTYPECOL=-9,	POOLFREQ=10,	LOCUSxONLY=0,	EMERROR=0.00100,	MISSINGPHENO=-9,	