

----------------------------------------------------
STRUCTURE by Pritchard, Stephens and Donnelly (2000)
     and Falush, Stephens and Pritchard (2003)
       Code by Pritchard, Falush and Hubisz
             Version 2.3.4 (Jul 2012)
----------------------------------------------------



Command line arguments:   ./structure -m mainparams -K 7 -i phonology_structure -L 14 -o outfile_phonology_structure_K7_run17 
Input File:    phonology_structure

Run parameters:
   60 individuals
   14 loci
   7 populations assumed
   10000 Burn-in period
   100000 Reps


--------------------------------------------
Overall proportion of membership of the
sample in each of the 7 clusters

Inferred Clusters
  1      2      3      4      5      6      7    
0.187  0.111  0.103  0.189  0.101  0.157  0.153  

--------------------------------------------

Allele-freq. divergence among pops (Net nucleotide distance),
computed using point estimates of P.

      1       2       3       4       5       6       7      
 1      -    0.0490  0.0605  0.0061  0.0653  0.1819  0.1359  
 2   0.0490     -    0.0007  0.0353  0.0015  0.0929  0.0786  
 3   0.0605  0.0007     -    0.0437  0.0003  0.0876  0.0789  
 4   0.0061  0.0353  0.0437     -    0.0471  0.1510  0.1237  
 5   0.0653  0.0015  0.0003  0.0471     -    0.0833  0.0750  
 6   0.1819  0.0929  0.0876  0.1510  0.0833     -    0.1603  
 7   0.1359  0.0786  0.0789  0.1237  0.0750  0.1603     -    

Average distances (expected heterozygosity) between individuals in same cluster:
cluster  1  : 0.2184 
cluster  2  : 0.4008 
cluster  3  : 0.4082 
cluster  4  : 0.2669 
cluster  5  : 0.4134 
cluster  6  : 0.2198 
cluster  7  : 0.2778 

--------------------------------------------
Estimated Ln Prob of Data   = -3405.6
Mean value of ln likelihood = -274.8
Variance of ln likelihood   = 6261.6
Mean value of alpha         = 0.9285

Mean value of Fst_1         = 0.5657
Mean value of Fst_2         = 0.1113
Mean value of Fst_3         = 0.0761
Mean value of Fst_4         = 0.4703
Mean value of Fst_5         = 0.0027
Mean value of Fst_6         = 0.5537
Mean value of Fst_7         = 0.4495


Inferred ancestry of individuals:
        Label (%Miss) :  Inferred clusters
  1 torg1245   (21)   :  0.373 0.108 0.067 0.308 0.053 0.046 0.044 
  2 oldj1239   (14)   :  0.047 0.176 0.174 0.077 0.203 0.075 0.248 
  3 crim1257    (0)   :  0.321 0.044 0.046 0.471 0.041 0.038 0.039 
  4 bash1264    (7)   :  0.317 0.048 0.044 0.471 0.042 0.038 0.039 
  5 anat1259    (0)   :  0.308 0.048 0.048 0.460 0.047 0.051 0.039 
  6 okin1246    (0)   :  0.040 0.042 0.043 0.041 0.043 0.750 0.040 
  7 yaku1245    (0)   :  0.441 0.138 0.077 0.185 0.055 0.044 0.060 
  8 daur1238    (0)   :  0.384 0.169 0.131 0.134 0.100 0.039 0.043 
  9 east2337   (14)   :  0.054 0.239 0.230 0.107 0.274 0.041 0.054 
 10 ikem1235    (7)   :  0.040 0.049 0.049 0.043 0.052 0.728 0.040 
 11 sibe1251    (0)   :  0.052 0.050 0.046 0.053 0.048 0.039 0.713 
 12 nort2697    (0)   :  0.300 0.052 0.048 0.462 0.048 0.050 0.039 
 13 bona1250    (0)   :  0.042 0.239 0.256 0.095 0.255 0.054 0.059 
 14 ulch1241   (14)   :  0.199 0.118 0.098 0.122 0.100 0.042 0.321 
 15 nort2935   (14)   :  0.042 0.047 0.050 0.045 0.053 0.716 0.048 
 16 gaga1249    (0)   :  0.313 0.089 0.063 0.365 0.056 0.072 0.043 
 17 tara1319    (0)   :  0.038 0.044 0.051 0.042 0.048 0.738 0.039 
 18 moma1245   (21)   :  0.056 0.065 0.062 0.058 0.074 0.044 0.641 
 19 manc1252    (0)   :  0.092 0.151 0.166 0.149 0.182 0.050 0.210 
 20 shor1247    (0)   :  0.392 0.102 0.059 0.322 0.043 0.041 0.041 
 21 kaza1248    (0)   :  0.319 0.045 0.042 0.475 0.041 0.038 0.039 
 22 midd1351   (14)   :  0.236 0.109 0.112 0.331 0.104 0.053 0.056 
 23 chag1247   (71)   :  0.129 0.190 0.199 0.141 0.192 0.089 0.060 
 24 huih1238   (14)   :  0.071 0.078 0.070 0.068 0.072 0.052 0.590 
 25 ordo1245    (0)   :  0.379 0.171 0.131 0.135 0.102 0.039 0.044 
 26 turk1303    (0)   :  0.401 0.103 0.055 0.316 0.043 0.041 0.042 
 27 negi1245    (0)   :  0.039 0.051 0.047 0.044 0.054 0.049 0.716 
 28 nana1257    (0)   :  0.045 0.056 0.055 0.049 0.061 0.043 0.691 
 29 nort2690    (7)   :  0.148 0.176 0.182 0.194 0.182 0.071 0.046 
 30 shur1243    (0)   :  0.039 0.043 0.044 0.041 0.045 0.744 0.043 
 31 minh1238    (0)   :  0.043 0.232 0.259 0.097 0.261 0.066 0.043 
 32 udih1248    (0)   :  0.058 0.065 0.059 0.060 0.069 0.047 0.641 
 33 oira1262   (14)   :  0.353 0.156 0.109 0.201 0.090 0.042 0.048 
 34 hate1238    (7)   :  0.062 0.069 0.075 0.078 0.079 0.579 0.058 
 35 tata1255    (0)   :  0.324 0.046 0.042 0.469 0.042 0.039 0.039 
 36 turk1304    (0)   :  0.403 0.099 0.057 0.315 0.044 0.041 0.041 
 37 oroc1248    (0)   :  0.048 0.058 0.053 0.055 0.060 0.044 0.681 
 38 chuv1255    (0)   :  0.233 0.149 0.147 0.219 0.156 0.052 0.045 
 39 noga1249   (14)   :  0.225 0.106 0.117 0.325 0.118 0.052 0.055 
 40 dong1285    (7)   :  0.049 0.237 0.263 0.093 0.262 0.044 0.053 
 41 halh1238   (14)   :  0.153 0.205 0.214 0.118 0.213 0.046 0.053 
 42 ogam1239    (0)   :  0.043 0.100 0.117 0.058 0.124 0.516 0.042 
 43 cent2126    (7)   :  0.041 0.042 0.044 0.045 0.045 0.742 0.041 
 44 yona1241   (14)   :  0.042 0.250 0.250 0.092 0.254 0.055 0.058 
 45 kore1280    (0)   :  0.052 0.232 0.257 0.096 0.266 0.052 0.044 
 46 tuvi1240    (0)   :  0.414 0.151 0.107 0.156 0.085 0.041 0.046 
 47 huzh1238    (7)   :  0.045 0.240 0.267 0.103 0.246 0.052 0.048 
 48 khak1248    (0)   :  0.387 0.106 0.057 0.325 0.043 0.041 0.041 
 49 oldu1238    (7)   :  0.383 0.103 0.060 0.325 0.044 0.040 0.044 
 50 nucl1643    (0)   :  0.040 0.041 0.042 0.041 0.042 0.754 0.040 
 51 orok1265   (14)   :  0.040 0.048 0.044 0.044 0.051 0.046 0.728 
 52 midd1372   (14)   :  0.039 0.246 0.265 0.094 0.262 0.043 0.052 
 53 mogh1245   (28)   :  0.151 0.129 0.147 0.246 0.162 0.065 0.099 
 54 uigh1240    (7)   :  0.319 0.048 0.045 0.466 0.044 0.039 0.039 
 55 kara1467   (14)   :  0.316 0.049 0.045 0.465 0.046 0.039 0.041 
 56 russ1264   (14)   :  0.382 0.102 0.061 0.318 0.049 0.042 0.045 
 57 sout2954    (0)   :  0.040 0.044 0.044 0.041 0.045 0.742 0.044 
 58 berj1234    (0)   :  0.042 0.050 0.047 0.045 0.053 0.041 0.722 
 59 kham1281    (0)   :  0.432 0.139 0.079 0.194 0.055 0.044 0.057 
 60 dolg1241    (0)   :  0.390 0.102 0.059 0.324 0.043 0.041 0.042 


Estimated Allele Frequencies in each cluster
First column gives estimated ancestral frequencies


Locus 1 : TE003 
2 alleles
3.3% missing data
   1   (0.441) 0.867 0.512 0.462 0.762 0.441 0.143 0.175 
   0   (0.559) 0.133 0.488 0.538 0.238 0.559 0.857 0.825 

Locus 2 : TE004 
2 alleles
3.3% missing data
   0   (0.846) 0.959 0.863 0.859 0.939 0.846 0.958 0.435 
   1   (0.154) 0.041 0.137 0.141 0.061 0.154 0.042 0.565 

Locus 3 : TE005 
2 alleles
18.3% missing data
   0   (0.664) 0.924 0.720 0.691 0.875 0.664 0.932 0.271 
   1   (0.336) 0.076 0.280 0.309 0.125 0.336 0.068 0.729 

Locus 4 : TE006 
2 alleles
26.7% missing data
   0   (0.550) 0.912 0.591 0.558 0.843 0.551 0.240 0.900 
   1   (0.450) 0.088 0.409 0.442 0.157 0.449 0.760 0.100 

Locus 5 : TE007 
2 alleles
6.7% missing data
   0   (0.683) 0.950 0.712 0.694 0.908 0.683 0.757 0.937 
   1   (0.317) 0.050 0.288 0.306 0.092 0.317 0.243 0.063 

Locus 6 : TE008 
2 alleles
1.7% missing data
   1   (0.600) 0.779 0.623 0.602 0.823 0.601 0.909 0.921 
   0   (0.400) 0.221 0.377 0.398 0.177 0.399 0.091 0.079 

Locus 7 : TE031 
2 alleles
1.7% missing data
   1   (0.753) 0.875 0.793 0.772 0.811 0.754 0.205 0.922 
   0   (0.247) 0.125 0.207 0.228 0.189 0.246 0.795 0.078 

Locus 8 : TE037 
2 alleles
1.7% missing data
   1   (0.540) 0.649 0.537 0.538 0.756 0.541 0.611 0.237 
   0   (0.460) 0.351 0.463 0.462 0.244 0.459 0.389 0.763 

Locus 9 : TE038 
2 alleles
1.7% missing data
   1   (0.685) 0.919 0.727 0.706 0.864 0.685 0.189 0.677 
   0   (0.315) 0.081 0.273 0.294 0.136 0.315 0.811 0.323 

Locus 10 : TE039 
2 alleles
5.0% missing data
   1   (0.597) 0.670 0.618 0.594 0.501 0.596 0.895 0.864 
   0   (0.403) 0.330 0.382 0.406 0.499 0.404 0.105 0.136 

Locus 11 : TE078 
2 alleles
3.3% missing data
   0   (0.821) 0.973 0.836 0.816 0.941 0.822 0.973 0.965 
   1   (0.179) 0.027 0.164 0.184 0.059 0.178 0.027 0.035 

Locus 12 : TS079 
2 alleles
10.0% missing data
   0   (0.860) 0.970 0.878 0.879 0.949 0.860 0.969 0.590 
   1   (0.140) 0.030 0.122 0.121 0.051 0.140 0.031 0.410 

Locus 13 : TS080 
2 alleles
10.0% missing data
   0   (0.721) 0.205 0.653 0.704 0.319 0.721 0.888 0.734 
   1   (0.279) 0.795 0.347 0.296 0.681 0.279 0.112 0.266 

Locus 14 : TS088 
2 alleles
1.7% missing data
   0   (0.634) 0.812 0.615 0.610 0.844 0.634 0.934 0.916 
   1   (0.366) 0.188 0.385 0.390 0.156 0.366 0.066 0.084 

Values of parameters used in structure:
DATAFILE=phonology_structure,	OUTFILE=outfile_phonology_structure_K7_run17,	NUMINDS=60,	NUMLOCI=14,	MISSING=-9,	LABEL=1,	POPDATA=0,	POPFLAG=0,	PHENOTYPE=0,	EXTRACOLS=0,	MAXPOPS=7,	BURNIN=10000,	NUMREPS=100000,	USEPOPINFO=0,	INFERALPHA=1,	INFERLAMBDA=0,	POPSPECIFICLAMBDA=0,	POPALPHAS=0,	COMPUTEPROB=1,	NOADMIX=0,	ADMBURNIN=500,	UPDATEFREQ=100,	PRINTLIKES=0,	INTERMEDSAVE=0,	PRINTKLD=0,	PRINTNET=1,	PRINTLAMBDA=1,	ANCESTDIST=0,	NUMBOXES=1000,	ANCESTPINT=0.90000,	GENSBACK=2,	MIGRPRIOR=0.01000,	PRINTQHAT=0,	PRINTQSUM=1,	ALPHA=1.0000,	FREQSCORR=1,	FPRIORMEAN=0.0100,	FPRIORSD=0.0500,	ONEFST=0,	LAMBDA=1.0000,	UNIFPRIORALPHA=1,	ALPHAMAX=10.0000,	ALPHAPRIORA=1.0000,	ALPHAPRIORB=2.0000,	ALPHAPROPSD=0.0250,	STARTATPOPINFO=0,	RANDOMIZE=1,	LINKAGE=0,	METROFREQ=10,	REPORTHITRATE=0,	MARKOVPHASE=0,	PHASED=0,	PLOIDY=1,	PHASEINFO=0	LOCPRIOR=0, 	LOCPRIORINIT=1.000000, 	LOCDATA=0, 	LOCISPOP=0, 	LOCPRIORSTEP=0.100000, 	MAXLOCPRIOR=20.000000, 	SEED=1641245356,	
[STRAT parameters]:    NUMSIMSTATS=1000,	PHENOTYPECOL=-9,	POOLFREQ=10,	LOCUSxONLY=0,	EMERROR=0.00100,	MISSINGPHENO=-9,	