

----------------------------------------------------
STRUCTURE by Pritchard, Stephens and Donnelly (2000)
     and Falush, Stephens and Pritchard (2003)
       Code by Pritchard, Falush and Hubisz
             Version 2.3.4 (Jul 2012)
----------------------------------------------------



Command line arguments:   ./structure -m mainparams -K 7 -i phonology_structure -L 14 -o outfile_phonology_structure_K7_run19 
Input File:    phonology_structure

Run parameters:
   60 individuals
   14 loci
   7 populations assumed
   10000 Burn-in period
   100000 Reps


--------------------------------------------
Overall proportion of membership of the
sample in each of the 7 clusters

Inferred Clusters
  1      2      3      4      5      6      7    
0.157  0.145  0.154  0.151  0.119  0.109  0.164  

--------------------------------------------

Allele-freq. divergence among pops (Net nucleotide distance),
computed using point estimates of P.

      1       2       3       4       5       6       7      
 1      -    0.1138  0.1431  0.1075  0.0822  0.0805  0.1347  
 2   0.1138     -    0.0851  0.0007  0.0110  0.0158  0.0030  
 3   0.1431  0.0851     -    0.0900  0.0734  0.0715  0.1033  
 4   0.1075  0.0007  0.0900     -    0.0081  0.0125  0.0048  
 5   0.0822  0.0110  0.0734  0.0081     -    0.0005  0.0246  
 6   0.0805  0.0158  0.0715  0.0125  0.0005     -    0.0319  
 7   0.1347  0.0030  0.1033  0.0048  0.0246  0.0319     -    

Average distances (expected heterozygosity) between individuals in same cluster:
cluster  1  : 0.2378 
cluster  2  : 0.3221 
cluster  3  : 0.2900 
cluster  4  : 0.3329 
cluster  5  : 0.3901 
cluster  6  : 0.3990 
cluster  7  : 0.2697 

--------------------------------------------
Estimated Ln Prob of Data   = -3710.7
Mean value of ln likelihood = -285.0
Variance of ln likelihood   = 6851.5
Mean value of alpha         = 1.3245

Mean value of Fst_1         = 0.5254
Mean value of Fst_2         = 0.2994
Mean value of Fst_3         = 0.4302
Mean value of Fst_4         = 0.2990
Mean value of Fst_5         = 0.0915
Mean value of Fst_6         = 0.0497
Mean value of Fst_7         = 0.4205


Inferred ancestry of individuals:
        Label (%Miss) :  Inferred clusters
  1 torg1245   (21)   :  0.050 0.222 0.051 0.205 0.100 0.063 0.308 
  2 oldj1239   (14)   :  0.081 0.109 0.317 0.103 0.148 0.160 0.082 
  3 crim1257    (0)   :  0.044 0.201 0.045 0.273 0.103 0.050 0.283 
  4 bash1264    (7)   :  0.044 0.197 0.045 0.265 0.104 0.051 0.293 
  5 anat1259    (0)   :  0.057 0.192 0.046 0.257 0.108 0.059 0.281 
  6 okin1246    (0)   :  0.718 0.047 0.045 0.048 0.048 0.048 0.046 
  7 yaku1245    (0)   :  0.049 0.258 0.069 0.185 0.090 0.083 0.265 
  8 daur1238    (0)   :  0.045 0.226 0.051 0.170 0.162 0.175 0.170 
  9 east2337   (14)   :  0.047 0.142 0.056 0.156 0.247 0.248 0.103 
 10 ikem1235    (7)   :  0.700 0.050 0.045 0.051 0.054 0.052 0.048 
 11 sibe1251    (0)   :  0.044 0.055 0.689 0.050 0.053 0.052 0.056 
 12 nort2697    (0)   :  0.057 0.194 0.047 0.257 0.108 0.060 0.278 
 13 bona1250    (0)   :  0.067 0.130 0.070 0.140 0.239 0.265 0.089 
 14 ulch1241   (14)   :  0.047 0.142 0.350 0.110 0.107 0.109 0.136 
 15 nort2935   (14)   :  0.678 0.052 0.054 0.052 0.057 0.057 0.050 
 16 gaga1249    (0)   :  0.079 0.200 0.049 0.214 0.107 0.069 0.282 
 17 tara1319    (0)   :  0.710 0.047 0.044 0.049 0.052 0.050 0.047 
 18 moma1245   (21)   :  0.049 0.068 0.614 0.061 0.073 0.072 0.062 
 19 manc1252    (0)   :  0.053 0.133 0.197 0.144 0.172 0.170 0.131 
 20 shor1247    (0)   :  0.047 0.225 0.047 0.221 0.087 0.053 0.322 
 21 kaza1248    (0)   :  0.044 0.199 0.046 0.267 0.104 0.053 0.287 
 22 midd1351   (14)   :  0.055 0.187 0.059 0.209 0.140 0.116 0.234 
 23 chag1247   (71)   :  0.094 0.158 0.065 0.163 0.184 0.193 0.143 
 24 huih1238   (14)   :  0.054 0.080 0.547 0.072 0.079 0.089 0.078 
 25 ordo1245    (0)   :  0.045 0.218 0.051 0.174 0.159 0.180 0.174 
 26 turk1303    (0)   :  0.046 0.217 0.048 0.216 0.090 0.054 0.328 
 27 negi1245    (0)   :  0.054 0.052 0.689 0.048 0.053 0.054 0.051 
 28 nana1257    (0)   :  0.048 0.057 0.667 0.051 0.058 0.062 0.056 
 29 nort2690    (7)   :  0.078 0.162 0.050 0.179 0.199 0.169 0.163 
 30 shur1243    (0)   :  0.712 0.048 0.049 0.047 0.049 0.049 0.045 
 31 minh1238    (0)   :  0.081 0.132 0.047 0.149 0.247 0.251 0.093 
 32 udih1248    (0)   :  0.051 0.069 0.624 0.060 0.066 0.065 0.065 
 33 oira1262   (14)   :  0.047 0.218 0.053 0.171 0.136 0.127 0.246 
 34 hate1238    (7)   :  0.555 0.075 0.063 0.078 0.079 0.080 0.071 
 35 tata1255    (0)   :  0.044 0.196 0.045 0.269 0.106 0.050 0.290 
 36 turk1304    (0)   :  0.046 0.219 0.048 0.219 0.092 0.051 0.326 
 37 oroc1248    (0)   :  0.050 0.060 0.649 0.056 0.062 0.061 0.062 
 38 chuv1255    (0)   :  0.054 0.203 0.052 0.179 0.177 0.170 0.166 
 39 noga1249   (14)   :  0.056 0.183 0.059 0.205 0.151 0.112 0.235 
 40 dong1285    (7)   :  0.049 0.137 0.055 0.160 0.228 0.276 0.095 
 41 halh1238   (14)   :  0.050 0.152 0.056 0.167 0.228 0.226 0.123 
 42 ogam1239    (0)   :  0.556 0.067 0.047 0.074 0.100 0.100 0.055 
 43 cent2126    (7)   :  0.704 0.049 0.047 0.050 0.050 0.052 0.049 
 44 yona1241   (14)   :  0.059 0.136 0.063 0.158 0.221 0.268 0.095 
 45 kore1280    (0)   :  0.058 0.144 0.050 0.173 0.213 0.266 0.096 
 46 tuvi1240    (0)   :  0.047 0.244 0.056 0.174 0.122 0.140 0.217 
 47 huzh1238    (7)   :  0.063 0.131 0.051 0.149 0.256 0.254 0.097 
 48 khak1248    (0)   :  0.046 0.220 0.048 0.212 0.088 0.052 0.334 
 49 oldu1238    (7)   :  0.046 0.222 0.050 0.214 0.089 0.054 0.325 
 50 nucl1643    (0)   :  0.720 0.046 0.046 0.046 0.048 0.047 0.047 
 51 orok1265   (14)   :  0.050 0.051 0.699 0.047 0.051 0.053 0.050 
 52 midd1372   (14)   :  0.050 0.135 0.056 0.164 0.246 0.259 0.090 
 53 mogh1245   (28)   :  0.069 0.160 0.101 0.185 0.162 0.146 0.179 
 54 uigh1240    (7)   :  0.045 0.199 0.045 0.272 0.106 0.051 0.282 
 55 kara1467   (14)   :  0.045 0.199 0.047 0.268 0.106 0.054 0.280 
 56 russ1264   (14)   :  0.048 0.229 0.051 0.207 0.097 0.060 0.309 
 57 sout2954    (0)   :  0.712 0.048 0.049 0.047 0.048 0.050 0.046 
 58 berj1234    (0)   :  0.047 0.053 0.691 0.048 0.054 0.054 0.053 
 59 kham1281    (0)   :  0.049 0.248 0.069 0.186 0.084 0.082 0.282 
 60 dolg1241    (0)   :  0.046 0.230 0.048 0.219 0.089 0.049 0.320 


Estimated Allele Frequencies in each cluster
First column gives estimated ancestral frequencies


Locus 1 : TE003 
2 alleles
3.3% missing data
   1   (0.492) 0.173 0.692 0.207 0.671 0.527 0.497 0.768 
   0   (0.508) 0.827 0.308 0.793 0.329 0.473 0.503 0.232 

Locus 2 : TE004 
2 alleles
3.3% missing data
   0   (0.847) 0.958 0.905 0.475 0.911 0.866 0.856 0.929 
   1   (0.153) 0.042 0.095 0.525 0.089 0.134 0.144 0.071 

Locus 3 : TE005 
2 alleles
18.3% missing data
   0   (0.764) 0.926 0.836 0.301 0.863 0.789 0.772 0.875 
   1   (0.236) 0.074 0.164 0.699 0.137 0.211 0.228 0.125 

Locus 4 : TE006 
2 alleles
26.7% missing data
   0   (0.651) 0.270 0.800 0.901 0.760 0.659 0.640 0.852 
   1   (0.349) 0.730 0.200 0.099 0.240 0.341 0.360 0.148 

Locus 5 : TE007 
2 alleles
6.7% missing data
   0   (0.731) 0.746 0.847 0.931 0.833 0.742 0.728 0.893 
   1   (0.269) 0.254 0.153 0.069 0.167 0.258 0.272 0.107 

Locus 6 : TE008 
2 alleles
1.7% missing data
   1   (0.662) 0.894 0.759 0.916 0.746 0.664 0.635 0.830 
   0   (0.338) 0.106 0.241 0.084 0.254 0.336 0.365 0.170 

Locus 7 : TE031 
2 alleles
1.7% missing data
   1   (0.744) 0.231 0.816 0.911 0.791 0.761 0.764 0.835 
   0   (0.256) 0.769 0.184 0.089 0.209 0.239 0.236 0.165 

Locus 8 : TE037 
2 alleles
1.7% missing data
   1   (0.556) 0.611 0.640 0.256 0.661 0.581 0.545 0.726 
   0   (0.444) 0.389 0.360 0.744 0.339 0.419 0.455 0.274 

Locus 9 : TE038 
2 alleles
1.7% missing data
   1   (0.689) 0.216 0.807 0.672 0.802 0.720 0.700 0.850 
   0   (0.311) 0.784 0.193 0.328 0.198 0.280 0.300 0.150 

Locus 10 : TE039 
2 alleles
5.0% missing data
   1   (0.615) 0.884 0.621 0.853 0.565 0.596 0.611 0.606 
   0   (0.385) 0.116 0.379 0.147 0.435 0.404 0.389 0.394 

Locus 11 : TE078 
2 alleles
3.3% missing data
   0   (0.853) 0.971 0.914 0.966 0.905 0.860 0.841 0.944 
   1   (0.147) 0.029 0.086 0.034 0.095 0.140 0.159 0.056 

Locus 12 : TS079 
2 alleles
10.0% missing data
   0   (0.871) 0.970 0.928 0.617 0.923 0.888 0.883 0.947 
   1   (0.129) 0.030 0.072 0.383 0.077 0.112 0.117 0.053 

Locus 13 : TS080 
2 alleles
10.0% missing data
   0   (0.652) 0.865 0.411 0.709 0.450 0.622 0.657 0.323 
   1   (0.348) 0.135 0.589 0.291 0.550 0.378 0.343 0.677 

Locus 14 : TS088 
2 alleles
1.7% missing data
   0   (0.613) 0.924 0.749 0.910 0.719 0.613 0.579 0.823 
   1   (0.387) 0.076 0.251 0.090 0.281 0.387 0.421 0.177 

Values of parameters used in structure:
DATAFILE=phonology_structure,	OUTFILE=outfile_phonology_structure_K7_run19,	NUMINDS=60,	NUMLOCI=14,	MISSING=-9,	LABEL=1,	POPDATA=0,	POPFLAG=0,	PHENOTYPE=0,	EXTRACOLS=0,	MAXPOPS=7,	BURNIN=10000,	NUMREPS=100000,	USEPOPINFO=0,	INFERALPHA=1,	INFERLAMBDA=0,	POPSPECIFICLAMBDA=0,	POPALPHAS=0,	COMPUTEPROB=1,	NOADMIX=0,	ADMBURNIN=500,	UPDATEFREQ=100,	PRINTLIKES=0,	INTERMEDSAVE=0,	PRINTKLD=0,	PRINTNET=1,	PRINTLAMBDA=1,	ANCESTDIST=0,	NUMBOXES=1000,	ANCESTPINT=0.90000,	GENSBACK=2,	MIGRPRIOR=0.01000,	PRINTQHAT=0,	PRINTQSUM=1,	ALPHA=1.0000,	FREQSCORR=1,	FPRIORMEAN=0.0100,	FPRIORSD=0.0500,	ONEFST=0,	LAMBDA=1.0000,	UNIFPRIORALPHA=1,	ALPHAMAX=10.0000,	ALPHAPRIORA=1.0000,	ALPHAPRIORB=2.0000,	ALPHAPROPSD=0.0250,	STARTATPOPINFO=0,	RANDOMIZE=1,	LINKAGE=0,	METROFREQ=10,	REPORTHITRATE=0,	MARKOVPHASE=0,	PHASED=0,	PLOIDY=1,	PHASEINFO=0	LOCPRIOR=0, 	LOCPRIORINIT=1.000000, 	LOCDATA=0, 	LOCISPOP=0, 	LOCPRIORSTEP=0.100000, 	MAXLOCPRIOR=20.000000, 	SEED=1641246631,	
[STRAT parameters]:    NUMSIMSTATS=1000,	PHENOTYPECOL=-9,	POOLFREQ=10,	LOCUSxONLY=0,	EMERROR=0.00100,	MISSINGPHENO=-9,	