

----------------------------------------------------
STRUCTURE by Pritchard, Stephens and Donnelly (2000)
     and Falush, Stephens and Pritchard (2003)
       Code by Pritchard, Falush and Hubisz
             Version 2.3.4 (Jul 2012)
----------------------------------------------------



Command line arguments:   ./structure -m mainparams -K 5 -i phonology_structure -L 14 -o outfile_phonology_structure_K5_run30 
Input File:    phonology_structure

Run parameters:
   60 individuals
   14 loci
   5 populations assumed
   10000 Burn-in period
   100000 Reps


--------------------------------------------
Overall proportion of membership of the
sample in each of the 5 clusters

Inferred Clusters
  1      2      3      4      5    
0.213  0.170  0.172  0.266  0.178  

--------------------------------------------

Allele-freq. divergence among pops (Net nucleotide distance),
computed using point estimates of P.

      1       2       3       4       5      
 1      -    0.0155  0.2104  0.0181  0.1652  
 2   0.0155     -    0.1599  0.0639  0.1350  
 3   0.2104  0.1599     -    0.2740  0.2659  
 4   0.0181  0.0639  0.2740     -    0.2174  
 5   0.1652  0.1350  0.2659  0.2174     -    

Average distances (expected heterozygosity) between individuals in same cluster:
cluster  1  : 0.3190 
cluster  2  : 0.3965 
cluster  3  : 0.1166 
cluster  4  : 0.1979 
cluster  5  : 0.2040 

--------------------------------------------
Estimated Ln Prob of Data   = -323.9
Mean value of ln likelihood = -228.6
Variance of ln likelihood   = 190.8
Mean value of alpha         = 0.0412

Mean value of Fst_1         = 0.4282
Mean value of Fst_2         = 0.1529
Mean value of Fst_3         = 0.6910
Mean value of Fst_4         = 0.6165
Mean value of Fst_5         = 0.5529


Inferred ancestry of individuals:
        Label (%Miss) :  Inferred clusters
  1 torg1245   (21)   :  0.332 0.121 0.017 0.512 0.017 
  2 oldj1239   (14)   :  0.112 0.214 0.063 0.062 0.549 
  3 crim1257    (0)   :  0.295 0.018 0.006 0.673 0.007 
  4 bash1264    (7)   :  0.299 0.018 0.006 0.669 0.007 
  5 anat1259    (0)   :  0.294 0.030 0.021 0.647 0.007 
  6 okin1246    (0)   :  0.009 0.013 0.959 0.010 0.008 
  7 yaku1245    (0)   :  0.362 0.208 0.014 0.369 0.047 
  8 daur1238    (0)   :  0.390 0.361 0.007 0.227 0.014 
  9 east2337   (14)   :  0.317 0.541 0.011 0.103 0.027 
 10 ikem1235    (7)   :  0.012 0.020 0.950 0.010 0.008 
 11 sibe1251    (0)   :  0.017 0.014 0.005 0.018 0.946 
 12 nort2697    (0)   :  0.301 0.024 0.022 0.646 0.007 
 13 bona1250    (0)   :  0.274 0.533 0.044 0.093 0.056 
 14 ulch1241   (14)   :  0.154 0.127 0.011 0.134 0.574 
 15 nort2935   (14)   :  0.014 0.022 0.933 0.011 0.020 
 16 gaga1249    (0)   :  0.303 0.089 0.045 0.553 0.011 
 17 tara1319    (0)   :  0.010 0.014 0.961 0.008 0.007 
 18 moma1245   (21)   :  0.027 0.031 0.012 0.022 0.907 
 19 manc1252    (0)   :  0.177 0.272 0.026 0.200 0.325 
 20 shor1247    (0)   :  0.335 0.116 0.009 0.529 0.011 
 21 kaza1248    (0)   :  0.295 0.020 0.006 0.671 0.008 
 22 midd1351   (14)   :  0.271 0.108 0.027 0.561 0.033 
 23 chag1247   (71)   :  0.284 0.314 0.098 0.252 0.052 
 24 huih1238   (14)   :  0.051 0.067 0.023 0.045 0.814 
 25 ordo1245    (0)   :  0.397 0.365 0.007 0.218 0.013 
 26 turk1303    (0)   :  0.337 0.115 0.009 0.527 0.010 
 27 negi1245    (0)   :  0.010 0.015 0.019 0.009 0.947 
 28 nana1257    (0)   :  0.015 0.019 0.012 0.013 0.941 
 29 nort2690    (7)   :  0.271 0.273 0.086 0.356 0.015 
 30 shur1243    (0)   :  0.011 0.013 0.954 0.009 0.013 
 31 minh1238    (0)   :  0.288 0.547 0.058 0.099 0.007 
 32 udih1248    (0)   :  0.026 0.028 0.017 0.026 0.903 
 33 oira1262   (14)   :  0.356 0.254 0.011 0.363 0.016 
 34 hate1238    (7)   :  0.051 0.059 0.804 0.049 0.036 
 35 tata1255    (0)   :  0.296 0.022 0.006 0.667 0.008 
 36 turk1304    (0)   :  0.340 0.113 0.009 0.526 0.011 
 37 oroc1248    (0)   :  0.021 0.022 0.018 0.025 0.914 
 38 chuv1255    (0)   :  0.309 0.317 0.031 0.328 0.014 
 39 noga1249   (14)   :  0.278 0.111 0.027 0.550 0.034 
 40 dong1285    (7)   :  0.295 0.560 0.013 0.109 0.023 
 41 halh1238   (14)   :  0.355 0.452 0.018 0.151 0.023 
 42 ogam1239    (0)   :  0.060 0.117 0.789 0.024 0.010 
 43 cent2126    (7)   :  0.013 0.014 0.951 0.012 0.011 
 44 yona1241   (14)   :  0.272 0.562 0.028 0.100 0.038 
 45 kore1280    (0)   :  0.305 0.560 0.026 0.099 0.010 
 46 tuvi1240    (0)   :  0.378 0.309 0.011 0.277 0.024 
 47 huzh1238    (7)   :  0.310 0.540 0.036 0.102 0.012 
 48 khak1248    (0)   :  0.338 0.115 0.009 0.527 0.012 
 49 oldu1238    (7)   :  0.339 0.113 0.009 0.525 0.014 
 50 nucl1643    (0)   :  0.010 0.011 0.961 0.009 0.008 
 51 orok1265   (14)   :  0.009 0.012 0.014 0.009 0.957 
 52 midd1372   (14)   :  0.286 0.584 0.013 0.096 0.020 
 53 mogh1245   (28)   :  0.238 0.191 0.051 0.380 0.140 
 54 uigh1240    (7)   :  0.300 0.018 0.007 0.667 0.008 
 55 kara1467   (14)   :  0.293 0.025 0.007 0.665 0.009 
 56 russ1264   (14)   :  0.335 0.115 0.013 0.519 0.018 
 57 sout2954    (0)   :  0.011 0.015 0.953 0.009 0.013 
 58 berj1234    (0)   :  0.012 0.015 0.010 0.010 0.952 
 59 kham1281    (0)   :  0.356 0.200 0.015 0.383 0.047 
 60 dolg1241    (0)   :  0.338 0.120 0.010 0.521 0.012 


Estimated Allele Frequencies in each cluster
First column gives estimated ancestral frequencies


Locus 1 : TE003 
2 alleles
3.3% missing data
   1   (0.413) 0.727 0.515 0.024 0.885 0.070 
   0   (0.587) 0.273 0.485 0.976 0.115 0.930 

Locus 2 : TE004 
2 alleles
3.3% missing data
   0   (0.800) 0.929 0.847 0.990 0.968 0.353 
   1   (0.200) 0.071 0.153 0.010 0.032 0.647 

Locus 3 : TE005 
2 alleles
18.3% missing data
   0   (0.785) 0.910 0.840 0.988 0.962 0.133 
   1   (0.215) 0.090 0.160 0.012 0.038 0.867 

Locus 4 : TE006 
2 alleles
26.7% missing data
   0   (0.583) 0.776 0.633 0.107 0.906 0.963 
   1   (0.417) 0.224 0.367 0.893 0.094 0.037 

Locus 5 : TE007 
2 alleles
6.7% missing data
   0   (0.697) 0.842 0.734 0.707 0.939 0.970 
   1   (0.303) 0.158 0.266 0.293 0.061 0.030 

Locus 6 : TE008 
2 alleles
1.7% missing data
   1   (0.582) 0.664 0.550 0.921 0.852 0.964 
   0   (0.418) 0.336 0.450 0.079 0.148 0.036 

Locus 7 : TE031 
2 alleles
1.7% missing data
   1   (0.734) 0.843 0.792 0.039 0.854 0.978 
   0   (0.266) 0.157 0.208 0.961 0.146 0.022 

Locus 8 : TE037 
2 alleles
1.7% missing data
   1   (0.493) 0.613 0.483 0.609 0.818 0.127 
   0   (0.507) 0.387 0.517 0.391 0.182 0.873 

Locus 9 : TE038 
2 alleles
1.7% missing data
   1   (0.650) 0.862 0.723 0.035 0.943 0.664 
   0   (0.350) 0.138 0.277 0.965 0.057 0.336 

Locus 10 : TE039 
2 alleles
5.0% missing data
   1   (0.594) 0.607 0.641 0.968 0.456 0.908 
   0   (0.406) 0.393 0.359 0.032 0.544 0.092 

Locus 11 : TE078 
2 alleles
3.3% missing data
   0   (0.782) 0.885 0.801 0.989 0.953 0.981 
   1   (0.218) 0.115 0.199 0.011 0.047 0.019 

Locus 12 : TS079 
2 alleles
10.0% missing data
   0   (0.838) 0.945 0.883 0.992 0.972 0.523 
   1   (0.162) 0.055 0.117 0.008 0.028 0.477 

Locus 13 : TS080 
2 alleles
10.0% missing data
   0   (0.743) 0.421 0.644 0.987 0.223 0.777 
   1   (0.257) 0.579 0.356 0.013 0.777 0.223 

Locus 14 : TS088 
2 alleles
1.7% missing data
   0   (0.534) 0.635 0.515 0.975 0.851 0.958 
   1   (0.466) 0.365 0.485 0.025 0.149 0.042 

Values of parameters used in structure:
DATAFILE=phonology_structure,	OUTFILE=outfile_phonology_structure_K5_run30,	NUMINDS=60,	NUMLOCI=14,	MISSING=-9,	LABEL=1,	POPDATA=0,	POPFLAG=0,	PHENOTYPE=0,	EXTRACOLS=0,	MAXPOPS=5,	BURNIN=10000,	NUMREPS=100000,	USEPOPINFO=0,	INFERALPHA=1,	INFERLAMBDA=0,	POPSPECIFICLAMBDA=0,	POPALPHAS=0,	COMPUTEPROB=1,	NOADMIX=0,	ADMBURNIN=500,	UPDATEFREQ=100,	PRINTLIKES=0,	INTERMEDSAVE=0,	PRINTKLD=0,	PRINTNET=1,	PRINTLAMBDA=1,	ANCESTDIST=0,	NUMBOXES=1000,	ANCESTPINT=0.90000,	GENSBACK=2,	MIGRPRIOR=0.01000,	PRINTQHAT=0,	PRINTQSUM=1,	ALPHA=1.0000,	FREQSCORR=1,	FPRIORMEAN=0.0100,	FPRIORSD=0.0500,	ONEFST=0,	LAMBDA=1.0000,	UNIFPRIORALPHA=1,	ALPHAMAX=10.0000,	ALPHAPRIORA=1.0000,	ALPHAPRIORB=2.0000,	ALPHAPROPSD=0.0250,	STARTATPOPINFO=0,	RANDOMIZE=1,	LINKAGE=0,	METROFREQ=10,	REPORTHITRATE=0,	MARKOVPHASE=0,	PHASED=0,	PLOIDY=1,	PHASEINFO=0	LOCPRIOR=0, 	LOCPRIORINIT=1.000000, 	LOCDATA=0, 	LOCISPOP=0, 	LOCPRIORSTEP=0.100000, 	MAXLOCPRIOR=20.000000, 	SEED=1641277961,	
[STRAT parameters]:    NUMSIMSTATS=1000,	PHENOTYPECOL=-9,	POOLFREQ=10,	LOCUSxONLY=0,	EMERROR=0.00100,	MISSINGPHENO=-9,	