

----------------------------------------------------
STRUCTURE by Pritchard, Stephens and Donnelly (2000)
     and Falush, Stephens and Pritchard (2003)
       Code by Pritchard, Falush and Hubisz
             Version 2.3.4 (Jul 2012)
----------------------------------------------------



Command line arguments:   ./structure -m mainparams -K 5 -i phonology_structure -L 14 -o outfile_phonology_structure_K5_run39 
Input File:    phonology_structure

Run parameters:
   60 individuals
   14 loci
   5 populations assumed
   10000 Burn-in period
   100000 Reps


--------------------------------------------
Overall proportion of membership of the
sample in each of the 5 clusters

Inferred Clusters
  1      2      3      4      5    
0.178  0.250  0.164  0.172  0.236  

--------------------------------------------

Allele-freq. divergence among pops (Net nucleotide distance),
computed using point estimates of P.

      1       2       3       4       5      
 1      -    0.1832  0.1444  0.2672  0.1621  
 2   0.1832     -    0.0258  0.2298  0.0055  
 3   0.1444  0.0258     -    0.1973  0.0085  
 4   0.2672  0.2298  0.1973     -    0.2007  
 5   0.1621  0.0055  0.0085  0.2007     -    

Average distances (expected heterozygosity) between individuals in same cluster:
cluster  1  : 0.2044 
cluster  2  : 0.2777 
cluster  3  : 0.3586 
cluster  4  : 0.1140 
cluster  5  : 0.3345 

--------------------------------------------
Estimated Ln Prob of Data   = -341.9
Mean value of ln likelihood = -230.3
Variance of ln likelihood   = 223.2
Mean value of alpha         = 0.0413

Mean value of Fst_1         = 0.5507
Mean value of Fst_2         = 0.4703
Mean value of Fst_3         = 0.2576
Mean value of Fst_4         = 0.7052
Mean value of Fst_5         = 0.3957


Inferred ancestry of individuals:
        Label (%Miss) :  Inferred clusters
  1 torg1245   (21)   :  0.017 0.425 0.168 0.017 0.373 
  2 oldj1239   (14)   :  0.526 0.119 0.151 0.060 0.145 
  3 crim1257    (0)   :  0.008 0.580 0.032 0.006 0.374 
  4 bash1264    (7)   :  0.008 0.589 0.026 0.007 0.370 
  5 anat1259    (0)   :  0.007 0.567 0.041 0.023 0.362 
  6 okin1246    (0)   :  0.008 0.010 0.009 0.963 0.010 
  7 yaku1245    (0)   :  0.051 0.241 0.360 0.014 0.333 
  8 daur1238    (0)   :  0.013 0.152 0.586 0.007 0.242 
  9 east2337   (14)   :  0.026 0.222 0.364 0.011 0.376 
 10 ikem1235    (7)   :  0.008 0.011 0.012 0.956 0.013 
 11 sibe1251    (0)   :  0.947 0.017 0.017 0.006 0.014 
 12 nort2697    (0)   :  0.007 0.568 0.042 0.023 0.360 
 13 bona1250    (0)   :  0.045 0.219 0.332 0.039 0.366 
 14 ulch1241   (14)   :  0.546 0.122 0.190 0.011 0.130 
 15 nort2935   (14)   :  0.020 0.014 0.017 0.936 0.013 
 16 gaga1249    (0)   :  0.010 0.469 0.111 0.045 0.364 
 17 tara1319    (0)   :  0.006 0.009 0.010 0.965 0.010 
 18 moma1245   (21)   :  0.895 0.027 0.033 0.013 0.031 
 19 manc1252    (0)   :  0.346 0.226 0.183 0.025 0.220 
 20 shor1247    (0)   :  0.012 0.437 0.156 0.009 0.387 
 21 kaza1248    (0)   :  0.008 0.586 0.025 0.006 0.374 
 22 midd1351   (14)   :  0.036 0.505 0.108 0.026 0.325 
 23 chag1247   (71)   :  0.050 0.275 0.296 0.092 0.286 
 24 huih1238   (14)   :  0.825 0.046 0.059 0.024 0.046 
 25 ordo1245    (0)   :  0.014 0.153 0.580 0.007 0.246 
 26 turk1303    (0)   :  0.011 0.446 0.153 0.009 0.380 
 27 negi1245    (0)   :  0.945 0.013 0.013 0.020 0.009 
 28 nana1257    (0)   :  0.940 0.016 0.017 0.011 0.015 
 29 nort2690    (7)   :  0.015 0.376 0.213 0.087 0.310 
 30 shur1243    (0)   :  0.012 0.009 0.012 0.957 0.010 
 31 minh1238    (0)   :  0.008 0.221 0.352 0.063 0.356 
 32 udih1248    (0)   :  0.902 0.026 0.032 0.017 0.024 
 33 oira1262   (14)   :  0.017 0.251 0.413 0.012 0.308 
 34 hate1238    (7)   :  0.037 0.054 0.047 0.814 0.047 
 35 tata1255    (0)   :  0.007 0.584 0.029 0.006 0.373 
 36 turk1304    (0)   :  0.011 0.434 0.149 0.010 0.396 
 37 oroc1248    (0)   :  0.911 0.026 0.024 0.016 0.023 
 38 chuv1255    (0)   :  0.015 0.301 0.369 0.030 0.284 
 39 noga1249   (14)   :  0.034 0.501 0.106 0.028 0.330 
 40 dong1285    (7)   :  0.022 0.234 0.345 0.014 0.385 
 41 halh1238   (14)   :  0.024 0.211 0.439 0.017 0.308 
 42 ogam1239    (0)   :  0.011 0.049 0.073 0.789 0.079 
 43 cent2126    (7)   :  0.010 0.013 0.011 0.954 0.012 
 44 yona1241   (14)   :  0.033 0.228 0.338 0.029 0.372 
 45 kore1280    (0)   :  0.010 0.218 0.373 0.025 0.374 
 46 tuvi1240    (0)   :  0.025 0.167 0.515 0.011 0.283 
 47 huzh1238    (7)   :  0.011 0.231 0.345 0.034 0.378 
 48 khak1248    (0)   :  0.011 0.431 0.159 0.009 0.389 
 49 oldu1238    (7)   :  0.016 0.442 0.157 0.009 0.376 
 50 nucl1643    (0)   :  0.008 0.009 0.009 0.964 0.009 
 51 orok1265   (14)   :  0.957 0.009 0.010 0.013 0.010 
 52 midd1372   (14)   :  0.019 0.233 0.341 0.013 0.393 
 53 mogh1245   (28)   :  0.144 0.369 0.150 0.053 0.284 
 54 uigh1240    (7)   :  0.008 0.585 0.027 0.008 0.372 
 55 kara1467   (14)   :  0.010 0.585 0.031 0.007 0.367 
 56 russ1264   (14)   :  0.017 0.436 0.157 0.012 0.377 
 57 sout2954    (0)   :  0.013 0.009 0.012 0.953 0.012 
 58 berj1234    (0)   :  0.950 0.012 0.015 0.010 0.013 
 59 kham1281    (0)   :  0.050 0.244 0.354 0.014 0.338 
 60 dolg1241    (0)   :  0.011 0.436 0.163 0.009 0.381 


Estimated Allele Frequencies in each cluster
First column gives estimated ancestral frequencies


Locus 1 : TE003 
2 alleles
3.3% missing data
   1   (0.454) 0.075 0.775 0.651 0.024 0.699 
   0   (0.546) 0.925 0.225 0.349 0.976 0.301 

Locus 2 : TE004 
2 alleles
3.3% missing data
   0   (0.817) 0.352 0.936 0.896 0.992 0.922 
   1   (0.183) 0.648 0.064 0.104 0.008 0.078 

Locus 3 : TE005 
2 alleles
18.3% missing data
   0   (0.752) 0.134 0.904 0.845 0.988 0.882 
   1   (0.248) 0.866 0.096 0.155 0.012 0.118 

Locus 4 : TE006 
2 alleles
26.7% missing data
   0   (0.602) 0.965 0.821 0.721 0.107 0.733 
   1   (0.398) 0.035 0.179 0.279 0.893 0.267 

Locus 5 : TE007 
2 alleles
6.7% missing data
   0   (0.705) 0.972 0.873 0.794 0.709 0.803 
   1   (0.295) 0.028 0.127 0.206 0.291 0.197 

Locus 6 : TE008 
2 alleles
1.7% missing data
   1   (0.600) 0.965 0.806 0.549 0.926 0.706 
   0   (0.400) 0.035 0.194 0.451 0.074 0.294 

Locus 7 : TE031 
2 alleles
1.7% missing data
   1   (0.753) 0.979 0.832 0.846 0.037 0.842 
   0   (0.247) 0.021 0.168 0.154 0.963 0.158 

Locus 8 : TE037 
2 alleles
1.7% missing data
   1   (0.494) 0.130 0.774 0.459 0.611 0.667 
   0   (0.506) 0.870 0.226 0.541 0.389 0.333 

Locus 9 : TE038 
2 alleles
1.7% missing data
   1   (0.664) 0.667 0.875 0.796 0.033 0.833 
   0   (0.336) 0.333 0.125 0.204 0.967 0.167 

Locus 10 : TE039 
2 alleles
5.0% missing data
   1   (0.612) 0.907 0.454 0.708 0.972 0.558 
   0   (0.388) 0.093 0.546 0.292 0.028 0.442 

Locus 11 : TE078 
2 alleles
3.3% missing data
   0   (0.811) 0.984 0.915 0.861 0.991 0.865 
   1   (0.189) 0.016 0.085 0.139 0.009 0.135 

Locus 12 : TS079 
2 alleles
10.0% missing data
   0   (0.844) 0.524 0.950 0.913 0.993 0.936 
   1   (0.156) 0.476 0.050 0.087 0.007 0.064 

Locus 13 : TS080 
2 alleles
10.0% missing data
   0   (0.694) 0.767 0.353 0.496 0.986 0.441 
   1   (0.306) 0.233 0.647 0.504 0.014 0.559 

Locus 14 : TS088 
2 alleles
1.7% missing data
   0   (0.519) 0.959 0.760 0.508 0.977 0.646 
   1   (0.481) 0.041 0.240 0.492 0.023 0.354 

Values of parameters used in structure:
DATAFILE=phonology_structure,	OUTFILE=outfile_phonology_structure_K5_run39,	NUMINDS=60,	NUMLOCI=14,	MISSING=-9,	LABEL=1,	POPDATA=0,	POPFLAG=0,	PHENOTYPE=0,	EXTRACOLS=0,	MAXPOPS=5,	BURNIN=10000,	NUMREPS=100000,	USEPOPINFO=0,	INFERALPHA=1,	INFERLAMBDA=0,	POPSPECIFICLAMBDA=0,	POPALPHAS=0,	COMPUTEPROB=1,	NOADMIX=0,	ADMBURNIN=500,	UPDATEFREQ=100,	PRINTLIKES=0,	INTERMEDSAVE=0,	PRINTKLD=0,	PRINTNET=1,	PRINTLAMBDA=1,	ANCESTDIST=0,	NUMBOXES=1000,	ANCESTPINT=0.90000,	GENSBACK=2,	MIGRPRIOR=0.01000,	PRINTQHAT=0,	PRINTQSUM=1,	ALPHA=1.0000,	FREQSCORR=1,	FPRIORMEAN=0.0100,	FPRIORSD=0.0500,	ONEFST=0,	LAMBDA=1.0000,	UNIFPRIORALPHA=1,	ALPHAMAX=10.0000,	ALPHAPRIORA=1.0000,	ALPHAPRIORB=2.0000,	ALPHAPROPSD=0.0250,	STARTATPOPINFO=0,	RANDOMIZE=1,	LINKAGE=0,	METROFREQ=10,	REPORTHITRATE=0,	MARKOVPHASE=0,	PHASED=0,	PLOIDY=1,	PHASEINFO=0	LOCPRIOR=0, 	LOCPRIORINIT=1.000000, 	LOCDATA=0, 	LOCISPOP=0, 	LOCPRIORSTEP=0.100000, 	MAXLOCPRIOR=20.000000, 	SEED=1641286590,	
[STRAT parameters]:    NUMSIMSTATS=1000,	PHENOTYPECOL=-9,	POOLFREQ=10,	LOCUSxONLY=0,	EMERROR=0.00100,	MISSINGPHENO=-9,	