

----------------------------------------------------
STRUCTURE by Pritchard, Stephens and Donnelly (2000)
     and Falush, Stephens and Pritchard (2003)
       Code by Pritchard, Falush and Hubisz
             Version 2.3.4 (Jul 2012)
----------------------------------------------------



Command line arguments:   ./structure -m mainparams -K 6 -i phonology_structure -L 14 -o outfile_phonology_structure_K6_run12 
Input File:    phonology_structure

Run parameters:
   60 individuals
   14 loci
   6 populations assumed
   10000 Burn-in period
   100000 Reps


--------------------------------------------
Overall proportion of membership of the
sample in each of the 6 clusters

Inferred Clusters
  1      2      3      4      5      6    
0.168  0.213  0.168  0.188  0.133  0.130  

--------------------------------------------

Allele-freq. divergence among pops (Net nucleotide distance),
computed using point estimates of P.

      1       2       3       4       5       6      
 1      -    0.2210  0.2733  0.2361  0.1711  0.1770  
 2   0.2210     -    0.1807  0.0013  0.0207  0.0194  
 3   0.2733  0.1807     -    0.1870  0.1471  0.1443  
 4   0.2361  0.0013  0.1870     -    0.0230  0.0199  
 5   0.1711  0.0207  0.1471  0.0230     -    0.0010  
 6   0.1770  0.0194  0.1443  0.0199  0.0010     -    

Average distances (expected heterozygosity) between individuals in same cluster:
cluster  1  : 0.1132 
cluster  2  : 0.2890 
cluster  3  : 0.1964 
cluster  4  : 0.2763 
cluster  5  : 0.3876 
cluster  6  : 0.3781 

--------------------------------------------
Estimated Ln Prob of Data   = -327.5
Mean value of ln likelihood = -230.2
Variance of ln likelihood   = 194.5
Mean value of alpha         = 0.0395

Mean value of Fst_1         = 0.7043
Mean value of Fst_2         = 0.4701
Mean value of Fst_3         = 0.5725
Mean value of Fst_4         = 0.4788
Mean value of Fst_5         = 0.1880
Mean value of Fst_6         = 0.2003


Inferred ancestry of individuals:
        Label (%Miss) :  Inferred clusters
  1 torg1245   (21)   :  0.016 0.422 0.014 0.327 0.091 0.129 
  2 oldj1239   (14)   :  0.058 0.111 0.443 0.074 0.166 0.148 
  3 crim1257    (0)   :  0.006 0.461 0.007 0.373 0.107 0.047 
  4 bash1264    (7)   :  0.006 0.464 0.007 0.375 0.104 0.044 
  5 anat1259    (0)   :  0.023 0.429 0.006 0.365 0.117 0.059 
  6 okin1246    (0)   :  0.956 0.010 0.008 0.008 0.009 0.009 
  7 yaku1245    (0)   :  0.014 0.283 0.040 0.300 0.132 0.232 
  8 daur1238    (0)   :  0.006 0.148 0.011 0.290 0.228 0.318 
  9 east2337   (14)   :  0.010 0.190 0.022 0.139 0.342 0.296 
 10 ikem1235    (7)   :  0.941 0.011 0.007 0.010 0.015 0.016 
 11 sibe1251    (0)   :  0.005 0.015 0.935 0.016 0.014 0.014 
 12 nort2697    (0)   :  0.023 0.433 0.006 0.364 0.115 0.058 
 13 bona1250    (0)   :  0.040 0.190 0.043 0.128 0.315 0.285 
 14 ulch1241   (14)   :  0.011 0.115 0.491 0.142 0.109 0.133 
 15 nort2935   (14)   :  0.919 0.014 0.018 0.015 0.017 0.017 
 16 gaga1249    (0)   :  0.044 0.400 0.010 0.331 0.112 0.103 
 17 tara1319    (0)   :  0.953 0.009 0.006 0.009 0.010 0.012 
 18 moma1245   (21)   :  0.013 0.024 0.862 0.028 0.035 0.039 
 19 manc1252    (0)   :  0.022 0.165 0.254 0.157 0.218 0.184 
 20 shor1247    (0)   :  0.009 0.435 0.010 0.344 0.082 0.120 
 21 kaza1248    (0)   :  0.006 0.463 0.007 0.377 0.102 0.045 
 22 midd1351   (14)   :  0.026 0.333 0.027 0.294 0.193 0.127 
 23 chag1247   (71)   :  0.084 0.196 0.041 0.196 0.244 0.239 
 24 huih1238   (14)   :  0.022 0.048 0.774 0.042 0.058 0.056 
 25 ordo1245    (0)   :  0.007 0.151 0.011 0.282 0.233 0.315 
 26 turk1303    (0)   :  0.009 0.443 0.010 0.344 0.077 0.116 
 27 negi1245    (0)   :  0.019 0.013 0.931 0.010 0.013 0.013 
 28 nana1257    (0)   :  0.012 0.018 0.913 0.016 0.021 0.019 
 29 nort2690    (7)   :  0.061 0.242 0.012 0.234 0.257 0.193 
 30 shur1243    (0)   :  0.944 0.009 0.012 0.009 0.011 0.014 
 31 minh1238    (0)   :  0.060 0.173 0.007 0.117 0.350 0.293 
 32 udih1248    (0)   :  0.017 0.027 0.866 0.028 0.033 0.030 
 33 oira1262   (14)   :  0.011 0.270 0.014 0.290 0.180 0.235 
 34 hate1238    (7)   :  0.774 0.051 0.031 0.047 0.048 0.049 
 35 tata1255    (0)   :  0.006 0.458 0.007 0.376 0.105 0.048 
 36 turk1304    (0)   :  0.009 0.439 0.010 0.345 0.077 0.119 
 37 oroc1248    (0)   :  0.015 0.025 0.886 0.023 0.025 0.025 
 38 chuv1255    (0)   :  0.024 0.191 0.012 0.277 0.245 0.251 
 39 noga1249   (14)   :  0.025 0.333 0.027 0.311 0.185 0.120 
 40 dong1285    (7)   :  0.013 0.186 0.019 0.132 0.330 0.322 
 41 halh1238   (14)   :  0.015 0.169 0.020 0.182 0.303 0.310 
 42 ogam1239    (0)   :  0.766 0.043 0.009 0.036 0.076 0.070 
 43 cent2126    (7)   :  0.944 0.012 0.009 0.010 0.012 0.013 
 44 yona1241   (14)   :  0.028 0.189 0.030 0.122 0.337 0.295 
 45 kore1280    (0)   :  0.027 0.176 0.009 0.145 0.330 0.312 
 46 tuvi1240    (0)   :  0.009 0.175 0.018 0.297 0.206 0.295 
 47 huzh1238    (7)   :  0.032 0.177 0.010 0.130 0.343 0.307 
 48 khak1248    (0)   :  0.009 0.435 0.010 0.348 0.083 0.114 
 49 oldu1238    (7)   :  0.010 0.430 0.015 0.351 0.075 0.120 
 50 nucl1643    (0)   :  0.951 0.009 0.008 0.010 0.010 0.013 
 51 orok1265   (14)   :  0.013 0.009 0.946 0.009 0.012 0.011 
 52 midd1372   (14)   :  0.013 0.184 0.018 0.122 0.353 0.310 
 53 mogh1245   (28)   :  0.047 0.276 0.103 0.220 0.195 0.159 
 54 uigh1240    (7)   :  0.007 0.462 0.007 0.369 0.104 0.050 
 55 kara1467   (14)   :  0.008 0.459 0.008 0.371 0.107 0.046 
 56 russ1264   (14)   :  0.012 0.424 0.016 0.346 0.085 0.116 
 57 sout2954    (0)   :  0.943 0.011 0.012 0.009 0.012 0.013 
 58 berj1234    (0)   :  0.009 0.014 0.937 0.011 0.015 0.014 
 59 kham1281    (0)   :  0.014 0.279 0.043 0.315 0.135 0.214 
 60 dolg1241    (0)   :  0.009 0.437 0.011 0.348 0.080 0.115 


Estimated Allele Frequencies in each cluster
First column gives estimated ancestral frequencies


Locus 1 : TE003 
2 alleles
3.3% missing data
   1   (0.458) 0.024 0.752 0.067 0.809 0.559 0.588 
   0   (0.542) 0.976 0.248 0.933 0.191 0.441 0.412 

Locus 2 : TE004 
2 alleles
3.3% missing data
   0   (0.829) 0.992 0.933 0.331 0.945 0.874 0.880 
   1   (0.171) 0.008 0.067 0.669 0.055 0.126 0.120 

Locus 3 : TE005 
2 alleles
18.3% missing data
   0   (0.769) 0.988 0.901 0.121 0.919 0.824 0.832 
   1   (0.231) 0.012 0.099 0.879 0.081 0.176 0.168 

Locus 4 : TE006 
2 alleles
26.7% missing data
   0   (0.604) 0.104 0.803 0.967 0.835 0.651 0.680 
   1   (0.396) 0.896 0.197 0.033 0.165 0.349 0.320 

Locus 5 : TE007 
2 alleles
6.7% missing data
   0   (0.721) 0.709 0.862 0.974 0.894 0.752 0.776 
   1   (0.279) 0.291 0.138 0.026 0.106 0.248 0.224 

Locus 6 : TE008 
2 alleles
1.7% missing data
   1   (0.595) 0.931 0.786 0.967 0.731 0.594 0.582 
   0   (0.405) 0.069 0.214 0.033 0.269 0.406 0.418 

Locus 7 : TE031 
2 alleles
1.7% missing data
   1   (0.753) 0.037 0.848 0.980 0.845 0.798 0.808 
   0   (0.247) 0.963 0.152 0.020 0.155 0.202 0.192 

Locus 8 : TE037 
2 alleles
1.7% missing data
   1   (0.508) 0.613 0.738 0.118 0.675 0.542 0.504 
   0   (0.492) 0.387 0.262 0.882 0.325 0.458 0.496 

Locus 9 : TE038 
2 alleles
1.7% missing data
   1   (0.695) 0.035 0.870 0.665 0.891 0.766 0.779 
   0   (0.305) 0.965 0.130 0.335 0.109 0.234 0.221 

Locus 10 : TE039 
2 alleles
5.0% missing data
   1   (0.591) 0.971 0.526 0.924 0.566 0.563 0.645 
   0   (0.409) 0.029 0.474 0.076 0.434 0.437 0.355 

Locus 11 : TE078 
2 alleles
3.3% missing data
   0   (0.804) 0.991 0.901 0.984 0.921 0.820 0.835 
   1   (0.196) 0.009 0.099 0.016 0.079 0.180 0.165 

Locus 12 : TS079 
2 alleles
10.0% missing data
   0   (0.858) 0.994 0.948 0.506 0.952 0.901 0.905 
   1   (0.142) 0.006 0.052 0.494 0.048 0.099 0.095 

Locus 13 : TS080 
2 alleles
10.0% missing data
   0   (0.708) 0.987 0.361 0.771 0.315 0.613 0.566 
   1   (0.292) 0.013 0.639 0.229 0.685 0.387 0.434 

Locus 14 : TS088 
2 alleles
1.7% missing data
   0   (0.537) 0.977 0.753 0.962 0.730 0.540 0.540 
   1   (0.463) 0.023 0.247 0.038 0.270 0.460 0.460 

Values of parameters used in structure:
DATAFILE=phonology_structure,	OUTFILE=outfile_phonology_structure_K6_run12,	NUMINDS=60,	NUMLOCI=14,	MISSING=-9,	LABEL=1,	POPDATA=0,	POPFLAG=0,	PHENOTYPE=0,	EXTRACOLS=0,	MAXPOPS=6,	BURNIN=10000,	NUMREPS=100000,	USEPOPINFO=0,	INFERALPHA=1,	INFERLAMBDA=0,	POPSPECIFICLAMBDA=0,	POPALPHAS=0,	COMPUTEPROB=1,	NOADMIX=0,	ADMBURNIN=500,	UPDATEFREQ=100,	PRINTLIKES=0,	INTERMEDSAVE=0,	PRINTKLD=0,	PRINTNET=1,	PRINTLAMBDA=1,	ANCESTDIST=0,	NUMBOXES=1000,	ANCESTPINT=0.90000,	GENSBACK=2,	MIGRPRIOR=0.01000,	PRINTQHAT=0,	PRINTQSUM=1,	ALPHA=1.0000,	FREQSCORR=1,	FPRIORMEAN=0.0100,	FPRIORSD=0.0500,	ONEFST=0,	LAMBDA=1.0000,	UNIFPRIORALPHA=1,	ALPHAMAX=10.0000,	ALPHAPRIORA=1.0000,	ALPHAPRIORB=2.0000,	ALPHAPROPSD=0.0250,	STARTATPOPINFO=0,	RANDOMIZE=1,	LINKAGE=0,	METROFREQ=10,	REPORTHITRATE=0,	MARKOVPHASE=0,	PHASED=0,	PLOIDY=1,	PHASEINFO=0	LOCPRIOR=0, 	LOCPRIORINIT=1.000000, 	LOCDATA=0, 	LOCISPOP=0, 	LOCPRIORSTEP=0.100000, 	MAXLOCPRIOR=20.000000, 	SEED=1641235139,	
[STRAT parameters]:    NUMSIMSTATS=1000,	PHENOTYPECOL=-9,	POOLFREQ=10,	LOCUSxONLY=0,	EMERROR=0.00100,	MISSINGPHENO=-9,	