

----------------------------------------------------
STRUCTURE by Pritchard, Stephens and Donnelly (2000)
     and Falush, Stephens and Pritchard (2003)
       Code by Pritchard, Falush and Hubisz
             Version 2.3.4 (Jul 2012)
----------------------------------------------------



Command line arguments:   ./structure -m mainparams -K 5 -i phonology_structure -L 14 -o outfile_phonology_structure_K5_run9 
Input File:    phonology_structure

Run parameters:
   60 individuals
   14 loci
   5 populations assumed
   10000 Burn-in period
   100000 Reps


--------------------------------------------
Overall proportion of membership of the
sample in each of the 5 clusters

Inferred Clusters
  1      2      3      4      5    
0.320  0.175  0.162  0.171  0.172  

--------------------------------------------

Allele-freq. divergence among pops (Net nucleotide distance),
computed using point estimates of P.

      1       2       3       4       5      
 1      -    0.2088  0.1237  0.0989  0.3252  
 2   0.2088     -    0.1007  0.0613  0.2349  
 3   0.1237  0.1007     -    0.0082  0.1732  
 4   0.0989  0.0613  0.0082     -    0.1822  
 5   0.3252  0.2349  0.1732  0.1822     -    

Average distances (expected heterozygosity) between individuals in same cluster:
cluster  1  : 0.0888 
cluster  2  : 0.2701 
cluster  3  : 0.3948 
cluster  4  : 0.3814 
cluster  5  : 0.1150 

--------------------------------------------
Estimated Ln Prob of Data   = -332.0
Mean value of ln likelihood = -228.1
Variance of ln likelihood   = 207.8
Mean value of alpha         = 0.0406

Mean value of Fst_1         = 0.7242
Mean value of Fst_2         = 0.4998
Mean value of Fst_3         = 0.1878
Mean value of Fst_4         = 0.3013
Mean value of Fst_5         = 0.7015


Inferred ancestry of individuals:
        Label (%Miss) :  Inferred clusters
  1 torg1245   (21)   :  0.731 0.044 0.070 0.139 0.016 
  2 oldj1239   (14)   :  0.034 0.468 0.200 0.237 0.060 
  3 crim1257    (0)   :  0.939 0.013 0.020 0.021 0.006 
  4 bash1264    (7)   :  0.941 0.012 0.016 0.025 0.006 
  5 anat1259    (0)   :  0.894 0.014 0.033 0.036 0.023 
  6 okin1246    (0)   :  0.010 0.008 0.010 0.008 0.964 
  7 yaku1245    (0)   :  0.402 0.112 0.190 0.281 0.015 
  8 daur1238    (0)   :  0.059 0.123 0.393 0.418 0.007 
  9 east2337   (14)   :  0.016 0.069 0.552 0.353 0.011 
 10 ikem1235    (7)   :  0.008 0.009 0.015 0.012 0.957 
 11 sibe1251    (0)   :  0.017 0.790 0.013 0.175 0.005 
 12 nort2697    (0)   :  0.897 0.012 0.033 0.034 0.023 
 13 bona1250    (0)   :  0.012 0.077 0.533 0.339 0.039 
 14 ulch1241   (14)   :  0.123 0.492 0.129 0.246 0.011 
 15 nort2935   (14)   :  0.011 0.020 0.018 0.018 0.934 
 16 gaga1249    (0)   :  0.772 0.027 0.059 0.099 0.042 
 17 tara1319    (0)   :  0.008 0.007 0.016 0.012 0.958 
 18 moma1245   (21)   :  0.018 0.748 0.033 0.189 0.013 
 19 manc1252    (0)   :  0.206 0.331 0.224 0.215 0.025 
 20 shor1247    (0)   :  0.748 0.041 0.058 0.144 0.009 
 21 kaza1248    (0)   :  0.944 0.011 0.014 0.025 0.006 
 22 midd1351   (14)   :  0.721 0.046 0.104 0.102 0.028 
 23 chag1247   (71)   :  0.223 0.090 0.336 0.255 0.097 
 24 huih1238   (14)   :  0.036 0.692 0.057 0.191 0.024 
 25 ordo1245    (0)   :  0.060 0.120 0.392 0.421 0.007 
 26 turk1303    (0)   :  0.754 0.042 0.056 0.138 0.009 
 27 negi1245    (0)   :  0.007 0.788 0.014 0.173 0.018 
 28 nana1257    (0)   :  0.012 0.783 0.018 0.175 0.011 
 29 nort2690    (7)   :  0.405 0.042 0.271 0.197 0.085 
 30 shur1243    (0)   :  0.007 0.013 0.012 0.012 0.957 
 31 minh1238    (0)   :  0.009 0.051 0.539 0.338 0.063 
 32 udih1248    (0)   :  0.022 0.757 0.026 0.179 0.016 
 33 oira1262   (14)   :  0.341 0.087 0.251 0.310 0.011 
 34 hate1238    (7)   :  0.060 0.039 0.042 0.045 0.814 
 35 tata1255    (0)   :  0.941 0.011 0.018 0.024 0.006 
 36 turk1304    (0)   :  0.753 0.043 0.059 0.137 0.009 
 37 oroc1248    (0)   :  0.026 0.766 0.023 0.170 0.015 
 38 chuv1255    (0)   :  0.307 0.081 0.295 0.289 0.029 
 39 noga1249   (14)   :  0.714 0.050 0.107 0.101 0.028 
 40 dong1285    (7)   :  0.017 0.057 0.565 0.346 0.015 
 41 halh1238   (14)   :  0.040 0.084 0.485 0.373 0.017 
 42 ogam1239    (0)   :  0.006 0.018 0.098 0.073 0.806 
 43 cent2126    (7)   :  0.012 0.011 0.011 0.013 0.953 
 44 yona1241   (14)   :  0.011 0.065 0.560 0.337 0.027 
 45 kore1280    (0)   :  0.009 0.052 0.577 0.336 0.027 
 46 tuvi1240    (0)   :  0.159 0.122 0.323 0.386 0.011 
 47 huzh1238    (7)   :  0.010 0.044 0.571 0.343 0.032 
 48 khak1248    (0)   :  0.751 0.040 0.063 0.137 0.009 
 49 oldu1238    (7)   :  0.732 0.047 0.064 0.148 0.010 
 50 nucl1643    (0)   :  0.009 0.008 0.010 0.009 0.964 
 51 orok1265   (14)   :  0.007 0.793 0.013 0.172 0.014 
 52 midd1372   (14)   :  0.006 0.058 0.570 0.353 0.013 
 53 mogh1245   (28)   :  0.468 0.146 0.172 0.161 0.054 
 54 uigh1240    (7)   :  0.938 0.012 0.019 0.025 0.007 
 55 kara1467   (14)   :  0.937 0.013 0.018 0.025 0.007 
 56 russ1264   (14)   :  0.742 0.043 0.066 0.136 0.013 
 57 sout2954    (0)   :  0.007 0.012 0.013 0.010 0.958 
 58 berj1234    (0)   :  0.010 0.793 0.014 0.174 0.009 
 59 kham1281    (0)   :  0.406 0.110 0.184 0.285 0.014 
 60 dolg1241    (0)   :  0.759 0.041 0.060 0.131 0.009 


Estimated Allele Frequencies in each cluster
First column gives estimated ancestral frequencies


Locus 1 : TE003 
2 alleles
3.3% missing data
   1   (0.430) 0.977 0.178 0.510 0.526 0.023 
   0   (0.570) 0.023 0.822 0.490 0.474 0.977 

Locus 2 : TE004 
2 alleles
3.3% missing data
   0   (0.808) 0.995 0.448 0.870 0.801 0.991 
   1   (0.192) 0.005 0.552 0.130 0.199 0.009 

Locus 3 : TE005 
2 alleles
18.3% missing data
   0   (0.748) 0.992 0.263 0.809 0.714 0.987 
   1   (0.252) 0.008 0.737 0.191 0.286 0.013 

Locus 4 : TE006 
2 alleles
26.7% missing data
   0   (0.612) 0.978 0.933 0.606 0.743 0.109 
   1   (0.388) 0.022 0.067 0.394 0.257 0.891 

Locus 5 : TE007 
2 alleles
6.7% missing data
   0   (0.698) 0.993 0.946 0.696 0.800 0.708 
   1   (0.302) 0.007 0.054 0.304 0.200 0.292 

Locus 6 : TE008 
2 alleles
1.7% missing data
   1   (0.608) 0.981 0.894 0.511 0.620 0.924 
   0   (0.392) 0.019 0.106 0.489 0.380 0.076 

Locus 7 : TE031 
2 alleles
1.7% missing data
   1   (0.744) 0.855 0.957 0.826 0.866 0.037 
   0   (0.256) 0.145 0.043 0.174 0.134 0.963 

Locus 8 : TE037 
2 alleles
1.7% missing data
   1   (0.514) 0.955 0.194 0.483 0.425 0.609 
   0   (0.486) 0.045 0.806 0.517 0.575 0.391 

Locus 9 : TE038 
2 alleles
1.7% missing data
   1   (0.667) 0.992 0.697 0.743 0.767 0.035 
   0   (0.333) 0.008 0.303 0.257 0.233 0.965 

Locus 10 : TE039 
2 alleles
5.0% missing data
   1   (0.614) 0.399 0.877 0.629 0.723 0.971 
   0   (0.386) 0.601 0.123 0.371 0.277 0.029 

Locus 11 : TE078 
2 alleles
3.3% missing data
   0   (0.807) 0.995 0.967 0.787 0.866 0.991 
   1   (0.193) 0.005 0.033 0.213 0.134 0.009 

Locus 12 : TS079 
2 alleles
10.0% missing data
   0   (0.839) 0.996 0.594 0.896 0.849 0.993 
   1   (0.161) 0.004 0.406 0.104 0.151 0.007 

Locus 13 : TS080 
2 alleles
10.0% missing data
   0   (0.705) 0.109 0.714 0.665 0.570 0.987 
   1   (0.295) 0.891 0.286 0.335 0.430 0.013 

Locus 14 : TS088 
2 alleles
1.7% missing data
   0   (0.534) 0.981 0.886 0.419 0.584 0.977 
   1   (0.466) 0.019 0.114 0.581 0.416 0.023 

Values of parameters used in structure:
DATAFILE=phonology_structure,	OUTFILE=outfile_phonology_structure_K5_run9,	NUMINDS=60,	NUMLOCI=14,	MISSING=-9,	LABEL=1,	POPDATA=0,	POPFLAG=0,	PHENOTYPE=0,	EXTRACOLS=0,	MAXPOPS=5,	BURNIN=10000,	NUMREPS=100000,	USEPOPINFO=0,	INFERALPHA=1,	INFERLAMBDA=0,	POPSPECIFICLAMBDA=0,	POPALPHAS=0,	COMPUTEPROB=1,	NOADMIX=0,	ADMBURNIN=500,	UPDATEFREQ=100,	PRINTLIKES=0,	INTERMEDSAVE=0,	PRINTKLD=0,	PRINTNET=1,	PRINTLAMBDA=1,	ANCESTDIST=0,	NUMBOXES=1000,	ANCESTPINT=0.90000,	GENSBACK=2,	MIGRPRIOR=0.01000,	PRINTQHAT=0,	PRINTQSUM=1,	ALPHA=1.0000,	FREQSCORR=1,	FPRIORMEAN=0.0100,	FPRIORSD=0.0500,	ONEFST=0,	LAMBDA=1.0000,	UNIFPRIORALPHA=1,	ALPHAMAX=10.0000,	ALPHAPRIORA=1.0000,	ALPHAPRIORB=2.0000,	ALPHAPROPSD=0.0250,	STARTATPOPINFO=0,	RANDOMIZE=1,	LINKAGE=0,	METROFREQ=10,	REPORTHITRATE=0,	MARKOVPHASE=0,	PHASED=0,	PLOIDY=1,	PHASEINFO=0	LOCPRIOR=0, 	LOCPRIORINIT=1.000000, 	LOCDATA=0, 	LOCISPOP=0, 	LOCPRIORSTEP=0.100000, 	MAXLOCPRIOR=20.000000, 	SEED=1641226019,	
[STRAT parameters]:    NUMSIMSTATS=1000,	PHENOTYPECOL=-9,	POOLFREQ=10,	LOCUSxONLY=0,	EMERROR=0.00100,	MISSINGPHENO=-9,	