

----------------------------------------------------
STRUCTURE by Pritchard, Stephens and Donnelly (2000)
     and Falush, Stephens and Pritchard (2003)
       Code by Pritchard, Falush and Hubisz
             Version 2.3.4 (Jul 2012)
----------------------------------------------------



Command line arguments:   ./structure -m mainparams -K 5 -i phonology_structure -L 14 -o outfile_phonology_structure_K5_run26 
Input File:    phonology_structure

Run parameters:
   60 individuals
   14 loci
   5 populations assumed
   10000 Burn-in period
   100000 Reps


--------------------------------------------
Overall proportion of membership of the
sample in each of the 5 clusters

Inferred Clusters
  1      2      3      4      5    
0.181  0.239  0.173  0.181  0.226  

--------------------------------------------

Allele-freq. divergence among pops (Net nucleotide distance),
computed using point estimates of P.

      1       2       3       4       5      
 1      -    0.0213  0.2267  0.1614  0.0100  
 2   0.0213     -    0.2459  0.1937  0.0132  
 3   0.2267  0.2459     -    0.2645  0.1904  
 4   0.1614  0.1937  0.2645     -    0.1593  
 5   0.0100  0.0132  0.1904  0.1593     -    

Average distances (expected heterozygosity) between individuals in same cluster:
cluster  1  : 0.3146 
cluster  2  : 0.2581 
cluster  3  : 0.1154 
cluster  4  : 0.2057 
cluster  5  : 0.3532 

--------------------------------------------
Estimated Ln Prob of Data   = -305.7
Mean value of ln likelihood = -222.6
Variance of ln likelihood   = 166.3
Mean value of alpha         = 0.0409

Mean value of Fst_1         = 0.3967
Mean value of Fst_2         = 0.5216
Mean value of Fst_3         = 0.6962
Mean value of Fst_4         = 0.5384
Mean value of Fst_5         = 0.4060


Inferred ancestry of individuals:
        Label (%Miss) :  Inferred clusters
  1 torg1245   (21)   :  0.266 0.378 0.017 0.017 0.322 
  2 oldj1239   (14)   :  0.109 0.087 0.061 0.580 0.163 
  3 crim1257    (0)   :  0.083 0.576 0.006 0.008 0.327 
  4 bash1264    (7)   :  0.086 0.576 0.007 0.008 0.324 
  5 anat1259    (0)   :  0.091 0.568 0.021 0.007 0.313 
  6 okin1246    (0)   :  0.009 0.010 0.962 0.008 0.011 
  7 yaku1245    (0)   :  0.484 0.202 0.014 0.038 0.262 
  8 daur1238    (0)   :  0.614 0.188 0.007 0.011 0.181 
  9 east2337   (14)   :  0.297 0.215 0.010 0.029 0.449 
 10 ikem1235    (7)   :  0.011 0.012 0.955 0.008 0.014 
 11 sibe1251    (0)   :  0.017 0.016 0.006 0.948 0.014 
 12 nort2697    (0)   :  0.089 0.568 0.021 0.006 0.315 
 13 bona1250    (0)   :  0.269 0.188 0.041 0.052 0.450 
 14 ulch1241   (14)   :  0.206 0.115 0.011 0.556 0.112 
 15 nort2935   (14)   :  0.013 0.012 0.942 0.020 0.013 
 16 gaga1249    (0)   :  0.186 0.436 0.046 0.011 0.322 
 17 tara1319    (0)   :  0.009 0.009 0.965 0.007 0.011 
 18 moma1245   (21)   :  0.030 0.024 0.013 0.907 0.026 
 19 manc1252    (0)   :  0.119 0.234 0.025 0.405 0.216 
 20 shor1247    (0)   :  0.258 0.390 0.010 0.012 0.330 
 21 kaza1248    (0)   :  0.081 0.576 0.006 0.008 0.329 
 22 midd1351   (14)   :  0.118 0.520 0.026 0.033 0.303 
 23 chag1247   (71)   :  0.260 0.289 0.100 0.050 0.302 
 24 huih1238   (14)   :  0.052 0.042 0.024 0.838 0.045 
 25 ordo1245    (0)   :  0.612 0.192 0.006 0.011 0.179 
 26 turk1303    (0)   :  0.268 0.388 0.010 0.011 0.324 
 27 negi1245    (0)   :  0.011 0.009 0.018 0.951 0.011 
 28 nana1257    (0)   :  0.016 0.015 0.011 0.944 0.014 
 29 nort2690    (7)   :  0.163 0.409 0.094 0.016 0.318 
 30 shur1243    (0)   :  0.010 0.008 0.960 0.013 0.009 
 31 minh1238    (0)   :  0.271 0.192 0.066 0.008 0.462 
 32 udih1248    (0)   :  0.027 0.025 0.016 0.911 0.021 
 33 oira1262   (14)   :  0.470 0.239 0.011 0.014 0.266 
 34 hate1238    (7)   :  0.037 0.053 0.828 0.039 0.043 
 35 tata1255    (0)   :  0.085 0.577 0.006 0.007 0.324 
 36 turk1304    (0)   :  0.258 0.392 0.009 0.011 0.329 
 37 oroc1248    (0)   :  0.019 0.024 0.015 0.920 0.022 
 38 chuv1255    (0)   :  0.406 0.306 0.032 0.014 0.243 
 39 noga1249   (14)   :  0.114 0.531 0.027 0.032 0.295 
 40 dong1285    (7)   :  0.285 0.204 0.014 0.024 0.473 
 41 halh1238   (14)   :  0.411 0.211 0.019 0.026 0.333 
 42 ogam1239    (0)   :  0.063 0.037 0.809 0.010 0.080 
 43 cent2126    (7)   :  0.012 0.012 0.955 0.011 0.011 
 44 yona1241   (14)   :  0.277 0.192 0.028 0.035 0.468 
 45 kore1280    (0)   :  0.293 0.203 0.024 0.010 0.469 
 46 tuvi1240    (0)   :  0.587 0.189 0.010 0.016 0.198 
 47 huzh1238    (7)   :  0.296 0.195 0.030 0.011 0.468 
 48 khak1248    (0)   :  0.259 0.388 0.010 0.012 0.331 
 49 oldu1238    (7)   :  0.262 0.387 0.009 0.014 0.328 
 50 nucl1643    (0)   :  0.009 0.009 0.965 0.008 0.009 
 51 orok1265   (14)   :  0.010 0.008 0.014 0.959 0.009 
 52 midd1372   (14)   :  0.274 0.204 0.013 0.021 0.489 
 53 mogh1245   (28)   :  0.121 0.383 0.055 0.160 0.282 
 54 uigh1240    (7)   :  0.087 0.575 0.007 0.008 0.323 
 55 kara1467   (14)   :  0.087 0.581 0.008 0.009 0.316 
 56 russ1264   (14)   :  0.249 0.392 0.012 0.018 0.329 
 57 sout2954    (0)   :  0.010 0.008 0.957 0.014 0.011 
 58 berj1234    (0)   :  0.012 0.011 0.009 0.956 0.011 
 59 kham1281    (0)   :  0.481 0.200 0.014 0.039 0.267 
 60 dolg1241    (0)   :  0.266 0.375 0.010 0.011 0.338 


Estimated Allele Frequencies in each cluster
First column gives estimated ancestral frequencies


Locus 1 : TE003 
2 alleles
3.3% missing data
   1   (0.441) 0.750 0.820 0.024 0.072 0.651 
   0   (0.559) 0.250 0.180 0.976 0.928 0.349 

Locus 2 : TE004 
2 alleles
3.3% missing data
   0   (0.809) 0.934 0.953 0.991 0.351 0.913 
   1   (0.191) 0.066 0.047 0.009 0.649 0.087 

Locus 3 : TE005 
2 alleles
18.3% missing data
   0   (0.748) 0.894 0.930 0.987 0.137 0.871 
   1   (0.252) 0.106 0.070 0.013 0.863 0.129 

Locus 4 : TE006 
2 alleles
26.7% missing data
   0   (0.610) 0.791 0.849 0.110 0.965 0.692 
   1   (0.390) 0.209 0.151 0.890 0.035 0.308 

Locus 5 : TE007 
2 alleles
6.7% missing data
   0   (0.697) 0.835 0.883 0.709 0.970 0.771 
   1   (0.303) 0.165 0.117 0.291 0.030 0.229 

Locus 6 : TE008 
2 alleles
1.7% missing data
   1   (0.596) 0.551 0.788 0.924 0.965 0.683 
   0   (0.404) 0.449 0.212 0.076 0.035 0.317 

Locus 7 : TE031 
2 alleles
1.7% missing data
   1   (0.750) 0.884 0.847 0.038 0.978 0.843 
   0   (0.250) 0.116 0.153 0.962 0.022 0.157 

Locus 8 : TE037 
2 alleles
1.7% missing data
   1   (0.497) 0.475 0.770 0.610 0.137 0.669 
   0   (0.503) 0.525 0.230 0.390 0.863 0.331 

Locus 9 : TE038 
2 alleles
1.7% missing data
   1   (0.651) 0.858 0.902 0.034 0.662 0.812 
   0   (0.349) 0.142 0.098 0.966 0.338 0.188 

Locus 10 : TE039 
2 alleles
5.0% missing data
   1   (0.613) 0.736 0.431 0.971 0.900 0.541 
   0   (0.387) 0.264 0.569 0.029 0.100 0.459 

Locus 11 : TE078 
2 alleles
3.3% missing data
   0   (0.808) 0.892 0.927 0.991 0.983 0.835 
   1   (0.192) 0.108 0.073 0.009 0.017 0.165 

Locus 12 : TS079 
2 alleles
10.0% missing data
   0   (0.815) 0.930 0.943 0.991 0.526 0.931 
   1   (0.185) 0.070 0.057 0.009 0.474 0.069 

Locus 13 : TS080 
2 alleles
10.0% missing data
   0   (0.695) 0.376 0.323 0.986 0.776 0.496 
   1   (0.305) 0.624 0.677 0.014 0.224 0.504 

Locus 14 : TS088 
2 alleles
1.7% missing data
   0   (0.557) 0.577 0.784 0.978 0.960 0.601 
   1   (0.443) 0.423 0.216 0.022 0.040 0.399 

Values of parameters used in structure:
DATAFILE=phonology_structure,	OUTFILE=outfile_phonology_structure_K5_run26,	NUMINDS=60,	NUMLOCI=14,	MISSING=-9,	LABEL=1,	POPDATA=0,	POPFLAG=0,	PHENOTYPE=0,	EXTRACOLS=0,	MAXPOPS=5,	BURNIN=10000,	NUMREPS=100000,	USEPOPINFO=0,	INFERALPHA=1,	INFERLAMBDA=0,	POPSPECIFICLAMBDA=0,	POPALPHAS=0,	COMPUTEPROB=1,	NOADMIX=0,	ADMBURNIN=500,	UPDATEFREQ=100,	PRINTLIKES=0,	INTERMEDSAVE=0,	PRINTKLD=0,	PRINTNET=1,	PRINTLAMBDA=1,	ANCESTDIST=0,	NUMBOXES=1000,	ANCESTPINT=0.90000,	GENSBACK=2,	MIGRPRIOR=0.01000,	PRINTQHAT=0,	PRINTQSUM=1,	ALPHA=1.0000,	FREQSCORR=1,	FPRIORMEAN=0.0100,	FPRIORSD=0.0500,	ONEFST=0,	LAMBDA=1.0000,	UNIFPRIORALPHA=1,	ALPHAMAX=10.0000,	ALPHAPRIORA=1.0000,	ALPHAPRIORB=2.0000,	ALPHAPROPSD=0.0250,	STARTATPOPINFO=0,	RANDOMIZE=1,	LINKAGE=0,	METROFREQ=10,	REPORTHITRATE=0,	MARKOVPHASE=0,	PHASED=0,	PLOIDY=1,	PHASEINFO=0	LOCPRIOR=0, 	LOCPRIORINIT=1.000000, 	LOCDATA=0, 	LOCISPOP=0, 	LOCPRIORSTEP=0.100000, 	MAXLOCPRIOR=20.000000, 	SEED=1641266450,	
[STRAT parameters]:    NUMSIMSTATS=1000,	PHENOTYPECOL=-9,	POOLFREQ=10,	LOCUSxONLY=0,	EMERROR=0.00100,	MISSINGPHENO=-9,	