

----------------------------------------------------
STRUCTURE by Pritchard, Stephens and Donnelly (2000)
     and Falush, Stephens and Pritchard (2003)
       Code by Pritchard, Falush and Hubisz
             Version 2.3.4 (Jul 2012)
----------------------------------------------------



Command line arguments:   ./structure -m mainparams -K 5 -i phonology_structure -L 14 -o outfile_phonology_structure_K5_run36 
Input File:    phonology_structure

Run parameters:
   60 individuals
   14 loci
   5 populations assumed
   10000 Burn-in period
   100000 Reps


--------------------------------------------
Overall proportion of membership of the
sample in each of the 5 clusters

Inferred Clusters
  1      2      3      4      5    
0.172  0.168  0.203  0.279  0.179  

--------------------------------------------

Allele-freq. divergence among pops (Net nucleotide distance),
computed using point estimates of P.

      1       2       3       4       5      
 1      -    0.1605  0.2324  0.3023  0.2655  
 2   0.1605     -    0.0441  0.1159  0.1459  
 3   0.2324  0.0441     -    0.0241  0.1671  
 4   0.3023  0.1159  0.0241     -    0.2364  
 5   0.2655  0.1459  0.1671  0.2364     -    

Average distances (expected heterozygosity) between individuals in same cluster:
cluster  1  : 0.1152 
cluster  2  : 0.4105 
cluster  3  : 0.2959 
cluster  4  : 0.1449 
cluster  5  : 0.2058 

--------------------------------------------
Estimated Ln Prob of Data   = -326.6
Mean value of ln likelihood = -225.8
Variance of ln likelihood   = 201.6
Mean value of alpha         = 0.0411

Mean value of Fst_1         = 0.6970
Mean value of Fst_2         = 0.1350
Mean value of Fst_3         = 0.4460
Mean value of Fst_4         = 0.6730
Mean value of Fst_5         = 0.5434


Inferred ancestry of individuals:
        Label (%Miss) :  Inferred clusters
  1 torg1245   (21)   :  0.017 0.041 0.328 0.596 0.018 
  2 oldj1239   (14)   :  0.059 0.266 0.098 0.036 0.541 
  3 crim1257    (0)   :  0.006 0.014 0.232 0.741 0.007 
  4 bash1264    (7)   :  0.006 0.014 0.229 0.743 0.008 
  5 anat1259    (0)   :  0.021 0.027 0.231 0.714 0.007 
  6 okin1246    (0)   :  0.961 0.011 0.010 0.010 0.008 
  7 yaku1245    (0)   :  0.015 0.109 0.445 0.391 0.041 
  8 daur1238    (0)   :  0.007 0.246 0.516 0.221 0.011 
  9 east2337   (14)   :  0.011 0.690 0.226 0.044 0.029 
 10 ikem1235    (7)   :  0.955 0.017 0.011 0.009 0.008 
 11 sibe1251    (0)   :  0.006 0.011 0.018 0.017 0.948 
 12 nort2697    (0)   :  0.023 0.030 0.227 0.714 0.007 
 13 bona1250    (0)   :  0.040 0.697 0.194 0.022 0.046 
 14 ulch1241   (14)   :  0.010 0.102 0.205 0.152 0.531 
 15 nort2935   (14)   :  0.936 0.018 0.016 0.011 0.020 
 16 gaga1249    (0)   :  0.044 0.040 0.280 0.625 0.011 
 17 tara1319    (0)   :  0.963 0.015 0.008 0.008 0.006 
 18 moma1245   (21)   :  0.013 0.036 0.029 0.022 0.899 
 19 manc1252    (0)   :  0.025 0.255 0.160 0.189 0.371 
 20 shor1247    (0)   :  0.009 0.035 0.345 0.599 0.011 
 21 kaza1248    (0)   :  0.006 0.013 0.232 0.740 0.007 
 22 midd1351   (14)   :  0.028 0.107 0.242 0.590 0.034 
 23 chag1247   (71)   :  0.107 0.338 0.264 0.239 0.052 
 24 huih1238   (14)   :  0.023 0.050 0.054 0.042 0.831 
 25 ordo1245    (0)   :  0.007 0.242 0.515 0.224 0.012 
 26 turk1303    (0)   :  0.009 0.035 0.344 0.600 0.011 
 27 negi1245    (0)   :  0.019 0.014 0.010 0.008 0.949 
 28 nana1257    (0)   :  0.012 0.018 0.014 0.013 0.943 
 29 nort2690    (7)   :  0.090 0.305 0.239 0.351 0.015 
 30 shur1243    (0)   :  0.961 0.010 0.009 0.008 0.012 
 31 minh1238    (0)   :  0.054 0.706 0.211 0.022 0.008 
 32 udih1248    (0)   :  0.018 0.028 0.030 0.022 0.903 
 33 oira1262   (14)   :  0.011 0.160 0.440 0.373 0.016 
 34 hate1238    (7)   :  0.815 0.044 0.047 0.055 0.039 
 35 tata1255    (0)   :  0.007 0.013 0.224 0.749 0.007 
 36 turk1304    (0)   :  0.009 0.035 0.351 0.593 0.011 
 37 oroc1248    (0)   :  0.015 0.021 0.020 0.024 0.919 
 38 chuv1255    (0)   :  0.031 0.240 0.359 0.356 0.015 
 39 noga1249   (14)   :  0.028 0.105 0.247 0.584 0.036 
 40 dong1285    (7)   :  0.015 0.711 0.218 0.034 0.022 
 41 halh1238   (14)   :  0.019 0.490 0.338 0.127 0.026 
 42 ogam1239    (0)   :  0.799 0.130 0.050 0.011 0.010 
 43 cent2126    (7)   :  0.955 0.013 0.011 0.011 0.010 
 44 yona1241   (14)   :  0.029 0.703 0.202 0.027 0.040 
 45 kore1280    (0)   :  0.027 0.701 0.227 0.035 0.010 
 46 tuvi1240    (0)   :  0.010 0.185 0.503 0.283 0.020 
 47 huzh1238    (7)   :  0.031 0.716 0.217 0.025 0.011 
 48 khak1248    (0)   :  0.010 0.035 0.343 0.601 0.012 
 49 oldu1238    (7)   :  0.009 0.036 0.347 0.593 0.015 
 50 nucl1643    (0)   :  0.964 0.010 0.008 0.009 0.008 
 51 orok1265   (14)   :  0.014 0.010 0.009 0.008 0.959 
 52 midd1372   (14)   :  0.013 0.735 0.211 0.022 0.019 
 53 mogh1245   (28)   :  0.051 0.197 0.205 0.391 0.155 
 54 uigh1240    (7)   :  0.007 0.015 0.231 0.739 0.007 
 55 kara1467   (14)   :  0.007 0.015 0.224 0.745 0.009 
 56 russ1264   (14)   :  0.013 0.039 0.349 0.583 0.016 
 57 sout2954    (0)   :  0.957 0.012 0.010 0.008 0.012 
 58 berj1234    (0)   :  0.010 0.013 0.012 0.011 0.955 
 59 kham1281    (0)   :  0.014 0.105 0.437 0.401 0.043 
 60 dolg1241    (0)   :  0.009 0.031 0.345 0.603 0.012 


Estimated Allele Frequencies in each cluster
First column gives estimated ancestral frequencies


Locus 1 : TE003 
2 alleles
3.3% missing data
   1   (0.424) 0.024 0.431 0.784 0.951 0.070 
   0   (0.576) 0.976 0.569 0.216 0.049 0.930 

Locus 2 : TE004 
2 alleles
3.3% missing data
   0   (0.814) 0.991 0.857 0.937 0.987 0.349 
   1   (0.186) 0.009 0.143 0.063 0.013 0.651 

Locus 3 : TE005 
2 alleles
18.3% missing data
   0   (0.738) 0.987 0.772 0.902 0.978 0.136 
   1   (0.262) 0.013 0.228 0.098 0.022 0.864 

Locus 4 : TE006 
2 alleles
26.7% missing data
   0   (0.602) 0.106 0.535 0.837 0.958 0.964 
   1   (0.398) 0.894 0.465 0.163 0.042 0.036 

Locus 5 : TE007 
2 alleles
6.7% missing data
   0   (0.700) 0.709 0.649 0.877 0.978 0.970 
   1   (0.300) 0.291 0.351 0.123 0.022 0.030 

Locus 6 : TE008 
2 alleles
1.7% missing data
   1   (0.605) 0.925 0.516 0.652 0.883 0.965 
   0   (0.395) 0.075 0.484 0.348 0.117 0.035 

Locus 7 : TE031 
2 alleles
1.7% missing data
   1   (0.739) 0.038 0.807 0.863 0.856 0.978 
   0   (0.261) 0.962 0.193 0.137 0.144 0.022 

Locus 8 : TE037 
2 alleles
1.7% missing data
   1   (0.505) 0.609 0.497 0.568 0.843 0.136 
   0   (0.495) 0.391 0.503 0.432 0.157 0.864 

Locus 9 : TE038 
2 alleles
1.7% missing data
   1   (0.652) 0.034 0.691 0.875 0.976 0.664 
   0   (0.348) 0.966 0.309 0.125 0.024 0.336 

Locus 10 : TE039 
2 alleles
5.0% missing data
   1   (0.594) 0.969 0.565 0.660 0.468 0.901 
   0   (0.406) 0.031 0.435 0.340 0.532 0.099 

Locus 11 : TE078 
2 alleles
3.3% missing data
   0   (0.785) 0.990 0.735 0.900 0.985 0.981 
   1   (0.215) 0.010 0.265 0.100 0.015 0.019 

Locus 12 : TS079 
2 alleles
10.0% missing data
   0   (0.835) 0.992 0.879 0.947 0.989 0.524 
   1   (0.165) 0.008 0.121 0.053 0.011 0.476 

Locus 13 : TS080 
2 alleles
10.0% missing data
   0   (0.697) 0.986 0.734 0.329 0.147 0.773 
   1   (0.303) 0.014 0.266 0.671 0.853 0.227 

Locus 14 : TS088 
2 alleles
1.7% missing data
   0   (0.553) 0.977 0.412 0.659 0.900 0.960 
   1   (0.447) 0.023 0.588 0.341 0.100 0.040 

Values of parameters used in structure:
DATAFILE=phonology_structure,	OUTFILE=outfile_phonology_structure_K5_run36,	NUMINDS=60,	NUMLOCI=14,	MISSING=-9,	LABEL=1,	POPDATA=0,	POPFLAG=0,	PHENOTYPE=0,	EXTRACOLS=0,	MAXPOPS=5,	BURNIN=10000,	NUMREPS=100000,	USEPOPINFO=0,	INFERALPHA=1,	INFERLAMBDA=0,	POPSPECIFICLAMBDA=0,	POPALPHAS=0,	COMPUTEPROB=1,	NOADMIX=0,	ADMBURNIN=500,	UPDATEFREQ=100,	PRINTLIKES=0,	INTERMEDSAVE=0,	PRINTKLD=0,	PRINTNET=1,	PRINTLAMBDA=1,	ANCESTDIST=0,	NUMBOXES=1000,	ANCESTPINT=0.90000,	GENSBACK=2,	MIGRPRIOR=0.01000,	PRINTQHAT=0,	PRINTQSUM=1,	ALPHA=1.0000,	FREQSCORR=1,	FPRIORMEAN=0.0100,	FPRIORSD=0.0500,	ONEFST=0,	LAMBDA=1.0000,	UNIFPRIORALPHA=1,	ALPHAMAX=10.0000,	ALPHAPRIORA=1.0000,	ALPHAPRIORB=2.0000,	ALPHAPROPSD=0.0250,	STARTATPOPINFO=0,	RANDOMIZE=1,	LINKAGE=0,	METROFREQ=10,	REPORTHITRATE=0,	MARKOVPHASE=0,	PHASED=0,	PLOIDY=1,	PHASEINFO=0	LOCPRIOR=0, 	LOCPRIORINIT=1.000000, 	LOCDATA=0, 	LOCISPOP=0, 	LOCPRIORSTEP=0.100000, 	MAXLOCPRIOR=20.000000, 	SEED=1641284895,	
[STRAT parameters]:    NUMSIMSTATS=1000,	PHENOTYPECOL=-9,	POOLFREQ=10,	LOCUSxONLY=0,	EMERROR=0.00100,	MISSINGPHENO=-9,	