

----------------------------------------------------
STRUCTURE by Pritchard, Stephens and Donnelly (2000)
     and Falush, Stephens and Pritchard (2003)
       Code by Pritchard, Falush and Hubisz
             Version 2.3.4 (Jul 2012)
----------------------------------------------------



Command line arguments:   ./structure -m mainparams -K 6 -i phonology_structure -L 14 -o outfile_phonology_structure_K6_run15 
Input File:    phonology_structure

Run parameters:
   60 individuals
   14 loci
   6 populations assumed
   10000 Burn-in period
   100000 Reps


--------------------------------------------
Overall proportion of membership of the
sample in each of the 6 clusters

Inferred Clusters
  1      2      3      4      5      6    
0.183  0.168  0.167  0.144  0.150  0.188  

--------------------------------------------

Allele-freq. divergence among pops (Net nucleotide distance),
computed using point estimates of P.

      1       2       3       4       5       6      
 1      -    0.1665  0.2111  0.0067  0.0020  0.0027  
 2   0.1665     -    0.2743  0.1484  0.1525  0.1854  
 3   0.2111  0.2743     -    0.1809  0.1864  0.2282  
 4   0.0067  0.1484  0.1809     -    0.0026  0.0160  
 5   0.0020  0.1525  0.1864  0.0026     -    0.0065  
 6   0.0027  0.1854  0.2282  0.0160  0.0065     -    

Average distances (expected heterozygosity) between individuals in same cluster:
cluster  1  : 0.3175 
cluster  2  : 0.1960 
cluster  3  : 0.1111 
cluster  4  : 0.3728 
cluster  5  : 0.3529 
cluster  6  : 0.2855 

--------------------------------------------
Estimated Ln Prob of Data   = -330.6
Mean value of ln likelihood = -228.5
Variance of ln likelihood   = 204.2
Mean value of alpha         = 0.0407

Mean value of Fst_1         = 0.4196
Mean value of Fst_2         = 0.5718
Mean value of Fst_3         = 0.7119
Mean value of Fst_4         = 0.2653
Mean value of Fst_5         = 0.2876
Mean value of Fst_6         = 0.4558


Inferred ancestry of individuals:
        Label (%Miss) :  Inferred clusters
  1 torg1245   (21)   :  0.338 0.017 0.016 0.154 0.189 0.286 
  2 oldj1239   (14)   :  0.109 0.431 0.058 0.157 0.150 0.095 
  3 crim1257    (0)   :  0.287 0.007 0.006 0.100 0.190 0.410 
  4 bash1264    (7)   :  0.283 0.007 0.006 0.099 0.189 0.416 
  5 anat1259    (0)   :  0.257 0.007 0.023 0.113 0.193 0.407 
  6 okin1246    (0)   :  0.010 0.008 0.952 0.010 0.010 0.010 
  7 yaku1245    (0)   :  0.284 0.044 0.014 0.227 0.193 0.238 
  8 daur1238    (0)   :  0.247 0.011 0.006 0.296 0.229 0.211 
  9 east2337   (14)   :  0.221 0.023 0.010 0.304 0.259 0.183 
 10 ikem1235    (7)   :  0.012 0.008 0.938 0.015 0.015 0.012 
 11 sibe1251    (0)   :  0.016 0.934 0.005 0.013 0.015 0.016 
 12 nort2697    (0)   :  0.258 0.006 0.022 0.113 0.196 0.405 
 13 bona1250    (0)   :  0.209 0.041 0.035 0.281 0.271 0.163 
 14 ulch1241   (14)   :  0.136 0.489 0.010 0.122 0.127 0.116 
 15 nort2935   (14)   :  0.015 0.018 0.917 0.016 0.018 0.016 
 16 gaga1249    (0)   :  0.282 0.010 0.048 0.149 0.186 0.325 
 17 tara1319    (0)   :  0.011 0.006 0.948 0.013 0.011 0.011 
 18 moma1245   (21)   :  0.033 0.861 0.014 0.031 0.035 0.026 
 19 manc1252    (0)   :  0.160 0.258 0.023 0.166 0.211 0.183 
 20 shor1247    (0)   :  0.346 0.011 0.009 0.157 0.177 0.300 
 21 kaza1248    (0)   :  0.283 0.008 0.007 0.092 0.196 0.414 
 22 midd1351   (14)   :  0.225 0.028 0.026 0.140 0.231 0.350 
 23 chag1247   (71)   :  0.210 0.037 0.089 0.233 0.228 0.204 
 24 huih1238   (14)   :  0.051 0.766 0.022 0.056 0.055 0.051 
 25 ordo1245    (0)   :  0.251 0.011 0.007 0.299 0.229 0.203 
 26 turk1303    (0)   :  0.346 0.010 0.009 0.153 0.174 0.307 
 27 negi1245    (0)   :  0.011 0.933 0.020 0.014 0.012 0.010 
 28 nana1257    (0)   :  0.018 0.915 0.012 0.020 0.020 0.015 
 29 nort2690    (7)   :  0.197 0.013 0.064 0.198 0.259 0.269 
 30 shur1243    (0)   :  0.011 0.013 0.943 0.012 0.011 0.010 
 31 minh1238    (0)   :  0.218 0.007 0.056 0.302 0.244 0.173 
 32 udih1248    (0)   :  0.031 0.869 0.018 0.026 0.030 0.026 
 33 oira1262   (14)   :  0.274 0.015 0.011 0.239 0.225 0.236 
 34 hate1238    (7)   :  0.044 0.033 0.772 0.048 0.053 0.050 
 35 tata1255    (0)   :  0.280 0.008 0.006 0.096 0.193 0.416 
 36 turk1304    (0)   :  0.345 0.011 0.009 0.162 0.177 0.297 
 37 oroc1248    (0)   :  0.024 0.886 0.015 0.024 0.027 0.025 
 38 chuv1255    (0)   :  0.221 0.013 0.025 0.246 0.230 0.264 
 39 noga1249   (14)   :  0.233 0.027 0.024 0.135 0.234 0.346 
 40 dong1285    (7)   :  0.233 0.019 0.014 0.337 0.229 0.168 
 41 halh1238   (14)   :  0.240 0.019 0.016 0.312 0.228 0.185 
 42 ogam1239    (0)   :  0.059 0.010 0.734 0.084 0.072 0.042 
 43 cent2126    (7)   :  0.012 0.010 0.941 0.011 0.012 0.012 
 44 yona1241   (14)   :  0.208 0.028 0.029 0.329 0.248 0.159 
 45 kore1280    (0)   :  0.245 0.009 0.027 0.328 0.230 0.161 
 46 tuvi1240    (0)   :  0.263 0.019 0.010 0.279 0.220 0.209 
 47 huzh1238    (7)   :  0.234 0.011 0.031 0.314 0.245 0.166 
 48 khak1248    (0)   :  0.354 0.010 0.009 0.152 0.174 0.300 
 49 oldu1238    (7)   :  0.346 0.014 0.009 0.158 0.173 0.300 
 50 nucl1643    (0)   :  0.010 0.008 0.952 0.010 0.011 0.010 
 51 orok1265   (14)   :  0.010 0.946 0.014 0.011 0.010 0.009 
 52 midd1372   (14)   :  0.226 0.018 0.014 0.332 0.247 0.163 
 53 mogh1245   (28)   :  0.195 0.102 0.046 0.170 0.225 0.262 
 54 uigh1240    (7)   :  0.277 0.007 0.007 0.098 0.190 0.420 
 55 kara1467   (14)   :  0.282 0.009 0.008 0.100 0.200 0.401 
 56 russ1264   (14)   :  0.331 0.016 0.012 0.156 0.188 0.297 
 57 sout2954    (0)   :  0.011 0.012 0.945 0.012 0.011 0.010 
 58 berj1234    (0)   :  0.013 0.938 0.009 0.014 0.014 0.012 
 59 kham1281    (0)   :  0.285 0.040 0.013 0.226 0.203 0.232 
 60 dolg1241    (0)   :  0.349 0.010 0.009 0.160 0.189 0.283 


Estimated Allele Frequencies in each cluster
First column gives estimated ancestral frequencies


Locus 1 : TE003 
2 alleles
3.3% missing data
   1   (0.449) 0.720 0.066 0.023 0.603 0.639 0.774 
   0   (0.551) 0.280 0.934 0.977 0.397 0.361 0.226 

Locus 2 : TE004 
2 alleles
3.3% missing data
   0   (0.826) 0.922 0.328 0.992 0.893 0.897 0.937 
   1   (0.174) 0.078 0.672 0.008 0.107 0.103 0.063 

Locus 3 : TE005 
2 alleles
18.3% missing data
   0   (0.768) 0.886 0.121 0.989 0.837 0.856 0.911 
   1   (0.232) 0.114 0.879 0.011 0.163 0.144 0.089 

Locus 4 : TE006 
2 alleles
26.7% missing data
   0   (0.606) 0.777 0.967 0.101 0.685 0.725 0.823 
   1   (0.394) 0.223 0.033 0.899 0.315 0.275 0.177 

Locus 5 : TE007 
2 alleles
6.7% missing data
   0   (0.694) 0.831 0.971 0.715 0.763 0.788 0.871 
   1   (0.306) 0.169 0.029 0.285 0.237 0.212 0.129 

Locus 6 : TE008 
2 alleles
1.7% missing data
   1   (0.623) 0.703 0.969 0.935 0.610 0.701 0.764 
   0   (0.377) 0.297 0.031 0.065 0.390 0.299 0.236 

Locus 7 : TE031 
2 alleles
1.7% missing data
   1   (0.757) 0.857 0.980 0.036 0.824 0.816 0.829 
   0   (0.243) 0.143 0.020 0.964 0.176 0.184 0.171 

Locus 8 : TE037 
2 alleles
1.7% missing data
   1   (0.515) 0.646 0.119 0.616 0.531 0.611 0.709 
   0   (0.485) 0.354 0.881 0.384 0.469 0.389 0.291 

Locus 9 : TE038 
2 alleles
1.7% missing data
   1   (0.695) 0.858 0.667 0.034 0.783 0.811 0.882 
   0   (0.305) 0.142 0.333 0.966 0.217 0.189 0.118 

Locus 10 : TE039 
2 alleles
5.0% missing data
   1   (0.595) 0.615 0.924 0.972 0.626 0.566 0.502 
   0   (0.405) 0.385 0.076 0.028 0.374 0.434 0.498 

Locus 11 : TE078 
2 alleles
3.3% missing data
   0   (0.816) 0.891 0.985 0.992 0.838 0.874 0.916 
   1   (0.184) 0.109 0.015 0.008 0.162 0.126 0.084 

Locus 12 : TS079 
2 alleles
10.0% missing data
   0   (0.860) 0.937 0.505 0.994 0.919 0.918 0.951 
   1   (0.140) 0.063 0.495 0.006 0.081 0.082 0.049 

Locus 13 : TS080 
2 alleles
10.0% missing data
   0   (0.695) 0.401 0.772 0.987 0.538 0.483 0.349 
   1   (0.305) 0.599 0.228 0.013 0.462 0.517 0.651 

Locus 14 : TS088 
2 alleles
1.7% missing data
   0   (0.547) 0.676 0.962 0.978 0.560 0.655 0.742 
   1   (0.453) 0.324 0.038 0.022 0.440 0.345 0.258 

Values of parameters used in structure:
DATAFILE=phonology_structure,	OUTFILE=outfile_phonology_structure_K6_run15,	NUMINDS=60,	NUMLOCI=14,	MISSING=-9,	LABEL=1,	POPDATA=0,	POPFLAG=0,	PHENOTYPE=0,	EXTRACOLS=0,	MAXPOPS=6,	BURNIN=10000,	NUMREPS=100000,	USEPOPINFO=0,	INFERALPHA=1,	INFERLAMBDA=0,	POPSPECIFICLAMBDA=0,	POPALPHAS=0,	COMPUTEPROB=1,	NOADMIX=0,	ADMBURNIN=500,	UPDATEFREQ=100,	PRINTLIKES=0,	INTERMEDSAVE=0,	PRINTKLD=0,	PRINTNET=1,	PRINTLAMBDA=1,	ANCESTDIST=0,	NUMBOXES=1000,	ANCESTPINT=0.90000,	GENSBACK=2,	MIGRPRIOR=0.01000,	PRINTQHAT=0,	PRINTQSUM=1,	ALPHA=1.0000,	FREQSCORR=1,	FPRIORMEAN=0.0100,	FPRIORSD=0.0500,	ONEFST=0,	LAMBDA=1.0000,	UNIFPRIORALPHA=1,	ALPHAMAX=10.0000,	ALPHAPRIORA=1.0000,	ALPHAPRIORB=2.0000,	ALPHAPROPSD=0.0250,	STARTATPOPINFO=0,	RANDOMIZE=1,	LINKAGE=0,	METROFREQ=10,	REPORTHITRATE=0,	MARKOVPHASE=0,	PHASED=0,	PLOIDY=1,	PHASEINFO=0	LOCPRIOR=0, 	LOCPRIORINIT=1.000000, 	LOCDATA=0, 	LOCISPOP=0, 	LOCPRIORSTEP=0.100000, 	MAXLOCPRIOR=20.000000, 	SEED=1641239436,	
[STRAT parameters]:    NUMSIMSTATS=1000,	PHENOTYPECOL=-9,	POOLFREQ=10,	LOCUSxONLY=0,	EMERROR=0.00100,	MISSINGPHENO=-9,	