

----------------------------------------------------
STRUCTURE by Pritchard, Stephens and Donnelly (2000)
     and Falush, Stephens and Pritchard (2003)
       Code by Pritchard, Falush and Hubisz
             Version 2.3.4 (Jul 2012)
----------------------------------------------------



Command line arguments:   ./structure -m mainparams -K 6 -i phonology_structure -L 14 -o outfile_phonology_structure_K6_run37 
Input File:    phonology_structure

Run parameters:
   60 individuals
   14 loci
   6 populations assumed
   10000 Burn-in period
   100000 Reps


--------------------------------------------
Overall proportion of membership of the
sample in each of the 6 clusters

Inferred Clusters
  1      2      3      4      5      6    
0.168  0.244  0.134  0.167  0.168  0.119  

--------------------------------------------

Allele-freq. divergence among pops (Net nucleotide distance),
computed using point estimates of P.

      1       2       3       4       5       6      
 1      -    0.3101  0.1941  0.2722  0.2064  0.1557  
 2   0.3101     -    0.0583  0.2390  0.0332  0.1064  
 3   0.1941  0.0583     -    0.1494  0.0115  0.0112  
 4   0.2722  0.2390  0.1494     -    0.1654  0.1332  
 5   0.2064  0.0332  0.0115  0.1654     -    0.0244  
 6   0.1557  0.1064  0.0112  0.1332  0.0244     -    

Average distances (expected heterozygosity) between individuals in same cluster:
cluster  1  : 0.1131 
cluster  2  : 0.1307 
cluster  3  : 0.3639 
cluster  4  : 0.1986 
cluster  5  : 0.3300 
cluster  6  : 0.4120 

--------------------------------------------
Estimated Ln Prob of Data   = -346.5
Mean value of ln likelihood = -228.4
Variance of ln likelihood   = 236.2
Mean value of alpha         = 0.0390

Mean value of Fst_1         = 0.7092
Mean value of Fst_2         = 0.7082
Mean value of Fst_3         = 0.2839
Mean value of Fst_4         = 0.5612
Mean value of Fst_5         = 0.3694
Mean value of Fst_6         = 0.0604


Inferred ancestry of individuals:
        Label (%Miss) :  Inferred clusters
  1 torg1245   (21)   :  0.015 0.610 0.132 0.016 0.190 0.037 
  2 oldj1239   (14)   :  0.057 0.019 0.134 0.417 0.135 0.238 
  3 crim1257    (0)   :  0.006 0.566 0.056 0.007 0.352 0.012 
  4 bash1264    (7)   :  0.006 0.556 0.057 0.008 0.358 0.015 
  5 anat1259    (0)   :  0.023 0.533 0.065 0.006 0.348 0.025 
  6 okin1246    (0)   :  0.955 0.009 0.009 0.008 0.010 0.011 
  7 yaku1245    (0)   :  0.013 0.488 0.267 0.043 0.132 0.057 
  8 daur1238    (0)   :  0.006 0.277 0.397 0.010 0.161 0.148 
  9 east2337   (14)   :  0.010 0.029 0.289 0.023 0.208 0.442 
 10 ikem1235    (7)   :  0.940 0.008 0.013 0.008 0.014 0.017 
 11 sibe1251    (0)   :  0.005 0.020 0.015 0.930 0.015 0.015 
 12 nort2697    (0)   :  0.021 0.522 0.070 0.006 0.348 0.031 
 13 bona1250    (0)   :  0.038 0.011 0.278 0.040 0.217 0.415 
 14 ulch1241   (14)   :  0.011 0.158 0.144 0.470 0.110 0.108 
 15 nort2935   (14)   :  0.913 0.010 0.020 0.019 0.018 0.019 
 16 gaga1249    (0)   :  0.042 0.573 0.109 0.010 0.230 0.036 
 17 tara1319    (0)   :  0.956 0.007 0.010 0.006 0.009 0.012 
 18 moma1245   (21)   :  0.012 0.021 0.038 0.854 0.034 0.040 
 19 manc1252    (0)   :  0.021 0.082 0.150 0.258 0.231 0.258 
 20 shor1247    (0)   :  0.009 0.653 0.125 0.011 0.182 0.021 
 21 kaza1248    (0)   :  0.006 0.574 0.054 0.007 0.344 0.015 
 22 midd1351   (14)   :  0.022 0.328 0.123 0.029 0.360 0.138 
 23 chag1247   (71)   :  0.084 0.140 0.232 0.040 0.237 0.268 
 24 huih1238   (14)   :  0.021 0.041 0.050 0.774 0.050 0.063 
 25 ordo1245    (0)   :  0.006 0.276 0.395 0.011 0.161 0.152 
 26 turk1303    (0)   :  0.009 0.650 0.127 0.010 0.184 0.020 
 27 negi1245    (0)   :  0.018 0.008 0.011 0.932 0.013 0.018 
 28 nana1257    (0)   :  0.011 0.013 0.018 0.912 0.020 0.026 
 29 nort2690    (7)   :  0.067 0.166 0.190 0.012 0.309 0.256 
 30 shur1243    (0)   :  0.945 0.008 0.011 0.013 0.011 0.013 
 31 minh1238    (0)   :  0.063 0.012 0.264 0.007 0.223 0.430 
 32 udih1248    (0)   :  0.017 0.025 0.032 0.860 0.031 0.035 
 33 oira1262   (14)   :  0.011 0.412 0.270 0.015 0.174 0.118 
 34 hate1238    (7)   :  0.784 0.043 0.044 0.029 0.046 0.053 
 35 tata1255    (0)   :  0.006 0.565 0.054 0.008 0.352 0.015 
 36 turk1304    (0)   :  0.008 0.670 0.124 0.010 0.169 0.018 
 37 oroc1248    (0)   :  0.014 0.022 0.019 0.890 0.025 0.030 
 38 chuv1255    (0)   :  0.024 0.239 0.289 0.011 0.232 0.204 
 39 noga1249   (14)   :  0.024 0.334 0.123 0.029 0.357 0.133 
 40 dong1285    (7)   :  0.013 0.016 0.264 0.018 0.239 0.451 
 41 halh1238   (14)   :  0.016 0.102 0.326 0.019 0.209 0.328 
 42 ogam1239    (0)   :  0.773 0.010 0.067 0.009 0.049 0.091 
 43 cent2126    (7)   :  0.938 0.012 0.013 0.010 0.012 0.015 
 44 yona1241   (14)   :  0.027 0.011 0.258 0.030 0.230 0.445 
 45 kore1280    (0)   :  0.028 0.021 0.281 0.009 0.220 0.441 
 46 tuvi1240    (0)   :  0.009 0.343 0.371 0.018 0.146 0.112 
 47 huzh1238    (7)   :  0.032 0.013 0.292 0.011 0.240 0.412 
 48 khak1248    (0)   :  0.009 0.657 0.118 0.011 0.184 0.021 
 49 oldu1238    (7)   :  0.009 0.652 0.120 0.014 0.185 0.020 
 50 nucl1643    (0)   :  0.953 0.008 0.009 0.007 0.010 0.011 
 51 orok1265   (14)   :  0.014 0.007 0.011 0.942 0.013 0.014 
 52 midd1372   (14)   :  0.014 0.006 0.259 0.017 0.234 0.470 
 53 mogh1245   (28)   :  0.044 0.217 0.142 0.115 0.290 0.192 
 54 uigh1240    (7)   :  0.007 0.556 0.058 0.007 0.354 0.019 
 55 kara1467   (14)   :  0.007 0.552 0.061 0.009 0.353 0.018 
 56 russ1264   (14)   :  0.012 0.631 0.135 0.016 0.178 0.028 
 57 sout2954    (0)   :  0.947 0.007 0.010 0.012 0.011 0.012 
 58 berj1234    (0)   :  0.009 0.011 0.015 0.933 0.014 0.018 
 59 kham1281    (0)   :  0.014 0.485 0.270 0.042 0.135 0.055 
 60 dolg1241    (0)   :  0.009 0.651 0.126 0.010 0.185 0.019 


Estimated Allele Frequencies in each cluster
First column gives estimated ancestral frequencies


Locus 1 : TE003 
2 alleles
3.3% missing data
   1   (0.475) 0.024 0.970 0.647 0.070 0.700 0.461 
   0   (0.525) 0.976 0.030 0.353 0.930 0.300 0.539 

Locus 2 : TE004 
2 alleles
3.3% missing data
   0   (0.821) 0.992 0.992 0.899 0.333 0.910 0.836 
   1   (0.179) 0.008 0.008 0.101 0.667 0.090 0.164 

Locus 3 : TE005 
2 alleles
18.3% missing data
   0   (0.731) 0.987 0.982 0.836 0.123 0.853 0.742 
   1   (0.269) 0.013 0.018 0.164 0.877 0.147 0.258 

Locus 4 : TE006 
2 alleles
26.7% missing data
   0   (0.647) 0.105 0.976 0.720 0.969 0.774 0.606 
   1   (0.353) 0.895 0.024 0.280 0.031 0.226 0.394 

Locus 5 : TE007 
2 alleles
6.7% missing data
   0   (0.716) 0.709 0.985 0.776 0.972 0.832 0.686 
   1   (0.284) 0.291 0.015 0.224 0.028 0.168 0.314 

Locus 6 : TE008 
2 alleles
1.7% missing data
   1   (0.627) 0.932 0.865 0.559 0.968 0.739 0.586 
   0   (0.373) 0.068 0.135 0.441 0.032 0.261 0.414 

Locus 7 : TE031 
2 alleles
1.7% missing data
   1   (0.758) 0.036 0.890 0.832 0.980 0.822 0.783 
   0   (0.242) 0.964 0.110 0.168 0.020 0.178 0.217 

Locus 8 : TE037 
2 alleles
1.7% missing data
   1   (0.510) 0.612 0.797 0.483 0.125 0.681 0.510 
   0   (0.490) 0.388 0.203 0.517 0.875 0.319 0.490 

Locus 9 : TE038 
2 alleles
1.7% missing data
   1   (0.686) 0.034 0.984 0.805 0.667 0.838 0.692 
   0   (0.314) 0.966 0.016 0.195 0.333 0.162 0.308 

Locus 10 : TE039 
2 alleles
5.0% missing data
   1   (0.584) 0.971 0.625 0.667 0.921 0.438 0.565 
   0   (0.416) 0.029 0.375 0.333 0.079 0.562 0.435 

Locus 11 : TE078 
2 alleles
3.3% missing data
   0   (0.797) 0.990 0.990 0.850 0.983 0.872 0.767 
   1   (0.203) 0.010 0.010 0.150 0.017 0.128 0.233 

Locus 12 : TS079 
2 alleles
10.0% missing data
   0   (0.854) 0.994 0.992 0.919 0.510 0.931 0.870 
   1   (0.146) 0.006 0.008 0.081 0.490 0.069 0.130 

Locus 13 : TS080 
2 alleles
10.0% missing data
   0   (0.710) 0.987 0.086 0.523 0.771 0.481 0.746 
   1   (0.290) 0.013 0.914 0.477 0.229 0.519 0.254 

Locus 14 : TS088 
2 alleles
1.7% missing data
   0   (0.552) 0.978 0.889 0.532 0.961 0.689 0.486 
   1   (0.448) 0.022 0.111 0.468 0.039 0.311 0.514 

Values of parameters used in structure:
DATAFILE=phonology_structure,	OUTFILE=outfile_phonology_structure_K6_run37,	NUMINDS=60,	NUMLOCI=14,	MISSING=-9,	LABEL=1,	POPDATA=0,	POPFLAG=0,	PHENOTYPE=0,	EXTRACOLS=0,	MAXPOPS=6,	BURNIN=10000,	NUMREPS=100000,	USEPOPINFO=0,	INFERALPHA=1,	INFERLAMBDA=0,	POPSPECIFICLAMBDA=0,	POPALPHAS=0,	COMPUTEPROB=1,	NOADMIX=0,	ADMBURNIN=500,	UPDATEFREQ=100,	PRINTLIKES=0,	INTERMEDSAVE=0,	PRINTKLD=0,	PRINTNET=1,	PRINTLAMBDA=1,	ANCESTDIST=0,	NUMBOXES=1000,	ANCESTPINT=0.90000,	GENSBACK=2,	MIGRPRIOR=0.01000,	PRINTQHAT=0,	PRINTQSUM=1,	ALPHA=1.0000,	FREQSCORR=1,	FPRIORMEAN=0.0100,	FPRIORSD=0.0500,	ONEFST=0,	LAMBDA=1.0000,	UNIFPRIORALPHA=1,	ALPHAMAX=10.0000,	ALPHAPRIORA=1.0000,	ALPHAPRIORB=2.0000,	ALPHAPROPSD=0.0250,	STARTATPOPINFO=0,	RANDOMIZE=1,	LINKAGE=0,	METROFREQ=10,	REPORTHITRATE=0,	MARKOVPHASE=0,	PHASED=0,	PLOIDY=1,	PHASEINFO=0	LOCPRIOR=0, 	LOCPRIORINIT=1.000000, 	LOCDATA=0, 	LOCISPOP=0, 	LOCPRIORSTEP=0.100000, 	MAXLOCPRIOR=20.000000, 	SEED=1641285515,	
[STRAT parameters]:    NUMSIMSTATS=1000,	PHENOTYPECOL=-9,	POOLFREQ=10,	LOCUSxONLY=0,	EMERROR=0.00100,	MISSINGPHENO=-9,	