

----------------------------------------------------
STRUCTURE by Pritchard, Stephens and Donnelly (2000)
     and Falush, Stephens and Pritchard (2003)
       Code by Pritchard, Falush and Hubisz
             Version 2.3.4 (Jul 2012)
----------------------------------------------------



Command line arguments:   ./structure -m mainparams -K 7 -i phonology_structure -L 14 -o outfile_phonology_structure_K7_run40 
Input File:    phonology_structure

Run parameters:
   60 individuals
   14 loci
   7 populations assumed
   10000 Burn-in period
   100000 Reps


--------------------------------------------
Overall proportion of membership of the
sample in each of the 7 clusters

Inferred Clusters
  1      2      3      4      5      6      7    
0.120  0.160  0.114  0.164  0.103  0.213  0.126  

--------------------------------------------

Allele-freq. divergence among pops (Net nucleotide distance),
computed using point estimates of P.

      1       2       3       4       5       6       7      
 1      -    0.1509  0.0025  0.1827  0.0017  0.0494  0.0019  
 2   0.1509     -    0.1421  0.2781  0.1404  0.2477  0.1526  
 3   0.0025  0.1421     -    0.1643  0.0002  0.0700  0.0080  
 4   0.1827  0.2781  0.1643     -    0.1630  0.2959  0.1976  
 5   0.0017  0.1404  0.0002  0.1630     -    0.0643  0.0063  
 6   0.0494  0.2477  0.0700  0.2959  0.0643     -    0.0397  
 7   0.0019  0.1526  0.0080  0.1976  0.0063  0.0397     -    

Average distances (expected heterozygosity) between individuals in same cluster:
cluster  1  : 0.3674 
cluster  2  : 0.1922 
cluster  3  : 0.3909 
cluster  4  : 0.1090 
cluster  5  : 0.3855 
cluster  6  : 0.1614 
cluster  7  : 0.3392 

--------------------------------------------
Estimated Ln Prob of Data   = -327.6
Mean value of ln likelihood = -232.3
Variance of ln likelihood   = 190.5
Mean value of alpha         = 0.0394

Mean value of Fst_1         = 0.2601
Mean value of Fst_2         = 0.5810
Mean value of Fst_3         = 0.1468
Mean value of Fst_4         = 0.7180
Mean value of Fst_5         = 0.1530
Mean value of Fst_6         = 0.6585
Mean value of Fst_7         = 0.3137


Inferred ancestry of individuals:
        Label (%Miss) :  Inferred clusters
  1 torg1245   (21)   :  0.146 0.016 0.105 0.015 0.115 0.406 0.197 
  2 oldj1239   (14)   :  0.122 0.367 0.158 0.053 0.143 0.044 0.113 
  3 crim1257    (0)   :  0.092 0.007 0.091 0.006 0.039 0.680 0.086 
  4 bash1264    (7)   :  0.092 0.007 0.097 0.006 0.039 0.668 0.091 
  5 anat1259    (0)   :  0.099 0.006 0.098 0.025 0.053 0.622 0.097 
  6 okin1246    (0)   :  0.010 0.008 0.010 0.943 0.010 0.009 0.010 
  7 yaku1245    (0)   :  0.212 0.035 0.107 0.014 0.125 0.210 0.297 
  8 daur1238    (0)   :  0.237 0.011 0.170 0.007 0.167 0.107 0.301 
  9 east2337   (14)   :  0.220 0.023 0.283 0.009 0.234 0.053 0.178 
 10 ikem1235    (7)   :  0.015 0.007 0.020 0.914 0.019 0.010 0.015 
 11 sibe1251    (0)   :  0.015 0.922 0.013 0.005 0.012 0.018 0.016 
 12 nort2697    (0)   :  0.103 0.006 0.092 0.025 0.053 0.626 0.094 
 13 bona1250    (0)   :  0.215 0.036 0.249 0.037 0.240 0.048 0.174 
 14 ulch1241   (14)   :  0.121 0.407 0.105 0.011 0.104 0.103 0.148 
 15 nort2935   (14)   :  0.017 0.017 0.019 0.902 0.017 0.011 0.017 
 16 gaga1249    (0)   :  0.134 0.010 0.104 0.049 0.092 0.450 0.160 
 17 tara1319    (0)   :  0.014 0.006 0.015 0.930 0.017 0.008 0.010 
 18 moma1245   (21)   :  0.034 0.807 0.041 0.013 0.041 0.021 0.043 
 19 manc1252    (0)   :  0.156 0.205 0.177 0.019 0.182 0.137 0.124 
 20 shor1247    (0)   :  0.145 0.010 0.105 0.009 0.103 0.442 0.187 
 21 kaza1248    (0)   :  0.090 0.007 0.093 0.006 0.038 0.682 0.085 
 22 midd1351   (14)   :  0.143 0.024 0.142 0.023 0.129 0.417 0.122 
 23 chag1247   (71)   :  0.189 0.031 0.201 0.073 0.201 0.135 0.170 
 24 huih1238   (14)   :  0.054 0.733 0.050 0.020 0.054 0.035 0.054 
 25 ordo1245    (0)   :  0.235 0.012 0.174 0.006 0.167 0.106 0.300 
 26 turk1303    (0)   :  0.147 0.010 0.103 0.009 0.104 0.423 0.204 
 27 negi1245    (0)   :  0.012 0.912 0.016 0.020 0.016 0.008 0.016 
 28 nana1257    (0)   :  0.021 0.894 0.020 0.012 0.021 0.012 0.019 
 29 nort2690    (7)   :  0.181 0.011 0.180 0.058 0.193 0.236 0.142 
 30 shur1243    (0)   :  0.011 0.013 0.012 0.932 0.012 0.008 0.011 
 31 minh1238    (0)   :  0.207 0.007 0.277 0.058 0.239 0.039 0.174 
 32 udih1248    (0)   :  0.025 0.848 0.031 0.017 0.027 0.023 0.028 
 33 oira1262   (14)   :  0.193 0.013 0.142 0.010 0.156 0.213 0.274 
 34 hate1238    (7)   :  0.048 0.032 0.050 0.725 0.057 0.047 0.043 
 35 tata1255    (0)   :  0.096 0.007 0.093 0.006 0.041 0.672 0.085 
 36 turk1304    (0)   :  0.150 0.010 0.107 0.009 0.098 0.426 0.200 
 37 oroc1248    (0)   :  0.024 0.866 0.022 0.014 0.028 0.024 0.021 
 38 chuv1255    (0)   :  0.208 0.011 0.175 0.020 0.175 0.216 0.195 
 39 noga1249   (14)   :  0.138 0.024 0.133 0.022 0.136 0.429 0.117 
 40 dong1285    (7)   :  0.221 0.018 0.269 0.013 0.243 0.048 0.188 
 41 halh1238   (14)   :  0.216 0.019 0.254 0.014 0.234 0.071 0.191 
 42 ogam1239    (0)   :  0.062 0.009 0.074 0.716 0.071 0.015 0.053 
 43 cent2126    (7)   :  0.014 0.010 0.014 0.924 0.013 0.011 0.013 
 44 yona1241   (14)   :  0.229 0.028 0.256 0.028 0.229 0.039 0.191 
 45 kore1280    (0)   :  0.227 0.009 0.270 0.026 0.245 0.040 0.182 
 46 tuvi1240    (0)   :  0.243 0.017 0.143 0.009 0.141 0.135 0.312 
 47 huzh1238    (7)   :  0.222 0.010 0.282 0.033 0.243 0.040 0.171 
 48 khak1248    (0)   :  0.147 0.011 0.102 0.008 0.104 0.420 0.208 
 49 oldu1238    (7)   :  0.146 0.014 0.103 0.009 0.111 0.417 0.201 
 50 nucl1643    (0)   :  0.011 0.008 0.011 0.942 0.010 0.009 0.009 
 51 orok1265   (14)   :  0.010 0.934 0.012 0.013 0.012 0.007 0.011 
 52 midd1372   (14)   :  0.222 0.017 0.292 0.014 0.239 0.034 0.182 
 53 mogh1245   (28)   :  0.148 0.079 0.152 0.039 0.165 0.282 0.136 
 54 uigh1240    (7)   :  0.091 0.007 0.095 0.008 0.042 0.671 0.086 
 55 kara1467   (14)   :  0.096 0.008 0.097 0.007 0.044 0.658 0.090 
 56 russ1264   (14)   :  0.145 0.015 0.099 0.012 0.108 0.416 0.206 
 57 sout2954    (0)   :  0.011 0.013 0.012 0.936 0.010 0.008 0.011 
 58 berj1234    (0)   :  0.015 0.920 0.015 0.010 0.014 0.010 0.015 
 59 kham1281    (0)   :  0.209 0.038 0.115 0.013 0.127 0.203 0.295 
 60 dolg1241    (0)   :  0.144 0.010 0.108 0.008 0.101 0.422 0.206 


Estimated Allele Frequencies in each cluster
First column gives estimated ancestral frequencies


Locus 1 : TE003 
2 alleles
3.3% missing data
   1   (0.454) 0.617 0.060 0.524 0.023 0.537 0.913 0.669 
   0   (0.546) 0.383 0.940 0.476 0.977 0.463 0.087 0.331 

Locus 2 : TE004 
2 alleles
3.3% missing data
   0   (0.836) 0.884 0.315 0.869 0.993 0.870 0.976 0.914 
   1   (0.164) 0.116 0.685 0.131 0.007 0.130 0.024 0.086 

Locus 3 : TE005 
2 alleles
18.3% missing data
   0   (0.755) 0.844 0.114 0.789 0.988 0.794 0.966 0.841 
   1   (0.245) 0.156 0.886 0.211 0.012 0.206 0.034 0.159 

Locus 4 : TE006 
2 alleles
26.7% missing data
   0   (0.626) 0.714 0.968 0.656 0.094 0.669 0.931 0.761 
   1   (0.374) 0.286 0.032 0.344 0.906 0.331 0.069 0.239 

Locus 5 : TE007 
2 alleles
6.7% missing data
   0   (0.697) 0.768 0.972 0.724 0.717 0.736 0.954 0.811 
   1   (0.303) 0.232 0.028 0.276 0.283 0.264 0.046 0.189 

Locus 6 : TE008 
2 alleles
1.7% missing data
   1   (0.615) 0.625 0.969 0.614 0.939 0.635 0.899 0.663 
   0   (0.385) 0.375 0.031 0.386 0.061 0.365 0.101 0.337 

Locus 7 : TE031 
2 alleles
1.7% missing data
   1   (0.763) 0.817 0.980 0.802 0.036 0.798 0.850 0.849 
   0   (0.237) 0.183 0.020 0.198 0.964 0.202 0.150 0.151 

Locus 8 : TE037 
2 alleles
1.7% missing data
   1   (0.529) 0.559 0.115 0.551 0.614 0.571 0.868 0.550 
   0   (0.471) 0.441 0.885 0.449 0.386 0.429 0.132 0.450 

Locus 9 : TE038 
2 alleles
1.7% missing data
   1   (0.700) 0.797 0.662 0.743 0.034 0.752 0.956 0.820 
   0   (0.300) 0.203 0.338 0.257 0.966 0.248 0.044 0.180 

Locus 10 : TE039 
2 alleles
5.0% missing data
   1   (0.602) 0.618 0.935 0.600 0.973 0.616 0.399 0.688 
   0   (0.398) 0.382 0.065 0.400 0.027 0.384 0.601 0.312 

Locus 11 : TE078 
2 alleles
3.3% missing data
   0   (0.817) 0.853 0.985 0.824 0.991 0.837 0.973 0.882 
   1   (0.183) 0.147 0.015 0.176 0.009 0.163 0.027 0.118 

Locus 12 : TS079 
2 alleles
10.0% missing data
   0   (0.878) 0.916 0.491 0.905 0.995 0.906 0.983 0.938 
   1   (0.122) 0.084 0.509 0.095 0.005 0.094 0.017 0.062 

Locus 13 : TS080 
2 alleles
10.0% missing data
   0   (0.720) 0.546 0.771 0.649 0.988 0.637 0.166 0.454 
   1   (0.280) 0.454 0.229 0.351 0.012 0.363 0.834 0.546 

Locus 14 : TS088 
2 alleles
1.7% missing data
   0   (0.545) 0.599 0.962 0.545 0.978 0.576 0.900 0.625 
   1   (0.455) 0.401 0.038 0.455 0.022 0.424 0.100 0.375 

Values of parameters used in structure:
DATAFILE=phonology_structure,	OUTFILE=outfile_phonology_structure_K7_run40,	NUMINDS=60,	NUMLOCI=14,	MISSING=-9,	LABEL=1,	POPDATA=0,	POPFLAG=0,	PHENOTYPE=0,	EXTRACOLS=0,	MAXPOPS=7,	BURNIN=10000,	NUMREPS=100000,	USEPOPINFO=0,	INFERALPHA=1,	INFERLAMBDA=0,	POPSPECIFICLAMBDA=0,	POPALPHAS=0,	COMPUTEPROB=1,	NOADMIX=0,	ADMBURNIN=500,	UPDATEFREQ=100,	PRINTLIKES=0,	INTERMEDSAVE=0,	PRINTKLD=0,	PRINTNET=1,	PRINTLAMBDA=1,	ANCESTDIST=0,	NUMBOXES=1000,	ANCESTPINT=0.90000,	GENSBACK=2,	MIGRPRIOR=0.01000,	PRINTQHAT=0,	PRINTQSUM=1,	ALPHA=1.0000,	FREQSCORR=1,	FPRIORMEAN=0.0100,	FPRIORSD=0.0500,	ONEFST=0,	LAMBDA=1.0000,	UNIFPRIORALPHA=1,	ALPHAMAX=10.0000,	ALPHAPRIORA=1.0000,	ALPHAPRIORB=2.0000,	ALPHAPROPSD=0.0250,	STARTATPOPINFO=0,	RANDOMIZE=1,	LINKAGE=0,	METROFREQ=10,	REPORTHITRATE=0,	MARKOVPHASE=0,	PHASED=0,	PLOIDY=1,	PHASEINFO=0	LOCPRIOR=0, 	LOCPRIORINIT=1.000000, 	LOCDATA=0, 	LOCISPOP=0, 	LOCPRIORSTEP=0.100000, 	MAXLOCPRIOR=20.000000, 	SEED=1641287290,	
[STRAT parameters]:    NUMSIMSTATS=1000,	PHENOTYPECOL=-9,	POOLFREQ=10,	LOCUSxONLY=0,	EMERROR=0.00100,	MISSINGPHENO=-9,	