

----------------------------------------------------
STRUCTURE by Pritchard, Stephens and Donnelly (2000)
     and Falush, Stephens and Pritchard (2003)
       Code by Pritchard, Falush and Hubisz
             Version 2.3.4 (Jul 2012)
----------------------------------------------------



Command line arguments:   ./structure -m mainparams -K 6 -i phonology_structure -L 14 -o outfile_phonology_structure_K6_run35 
Input File:    phonology_structure

Run parameters:
   60 individuals
   14 loci
   6 populations assumed
   10000 Burn-in period
   100000 Reps


--------------------------------------------
Overall proportion of membership of the
sample in each of the 6 clusters

Inferred Clusters
  1      2      3      4      5      6    
0.156  0.168  0.153  0.210  0.168  0.145  

--------------------------------------------

Allele-freq. divergence among pops (Net nucleotide distance),
computed using point estimates of P.

      1       2       3       4       5       6      
 1      -    0.1927  0.0002  0.0096  0.1579  0.0008  
 2   0.1927     -    0.1875  0.2315  0.2734  0.1918  
 3   0.0002  0.1875     -    0.0122  0.1538  0.0004  
 4   0.0096  0.2315  0.0122     -    0.1908  0.0127  
 5   0.1579  0.2734  0.1538  0.1908     -    0.1518  
 6   0.0008  0.1918  0.0004  0.0127  0.1518     -    

Average distances (expected heterozygosity) between individuals in same cluster:
cluster  1  : 0.3520 
cluster  2  : 0.1120 
cluster  3  : 0.3604 
cluster  4  : 0.2723 
cluster  5  : 0.1964 
cluster  6  : 0.3529 

--------------------------------------------
Estimated Ln Prob of Data   = -324.1
Mean value of ln likelihood = -227.7
Variance of ln likelihood   = 192.8
Mean value of alpha         = 0.0402

Mean value of Fst_1         = 0.3362
Mean value of Fst_2         = 0.7085
Mean value of Fst_3         = 0.2907
Mean value of Fst_4         = 0.5107
Mean value of Fst_5         = 0.5715
Mean value of Fst_6         = 0.3022


Inferred ancestry of individuals:
        Label (%Miss) :  Inferred clusters
  1 torg1245   (21)   :  0.183 0.017 0.181 0.399 0.016 0.205 
  2 oldj1239   (14)   :  0.130 0.059 0.135 0.094 0.445 0.137 
  3 crim1257    (0)   :  0.231 0.006 0.188 0.453 0.007 0.115 
  4 bash1264    (7)   :  0.224 0.006 0.187 0.462 0.007 0.113 
  5 anat1259    (0)   :  0.208 0.024 0.192 0.452 0.007 0.118 
  6 okin1246    (0)   :  0.010 0.954 0.010 0.010 0.008 0.009 
  7 yaku1245    (0)   :  0.204 0.015 0.203 0.276 0.039 0.264 
  8 daur1238    (0)   :  0.244 0.007 0.263 0.147 0.012 0.326 
  9 east2337   (14)   :  0.257 0.010 0.295 0.154 0.022 0.262 
 10 ikem1235    (7)   :  0.014 0.940 0.014 0.012 0.008 0.013 
 11 sibe1251    (0)   :  0.017 0.006 0.016 0.016 0.933 0.013 
 12 nort2697    (0)   :  0.205 0.024 0.187 0.462 0.006 0.116 
 13 bona1250    (0)   :  0.261 0.038 0.250 0.165 0.039 0.247 
 14 ulch1241   (14)   :  0.122 0.010 0.118 0.128 0.491 0.131 
 15 nort2935   (14)   :  0.015 0.919 0.018 0.013 0.018 0.017 
 16 gaga1249    (0)   :  0.169 0.050 0.180 0.422 0.011 0.168 
 17 tara1319    (0)   :  0.010 0.952 0.012 0.009 0.006 0.011 
 18 moma1245   (21)   :  0.036 0.013 0.041 0.030 0.844 0.036 
 19 manc1252    (0)   :  0.189 0.022 0.185 0.166 0.269 0.169 
 20 shor1247    (0)   :  0.183 0.009 0.176 0.419 0.011 0.201 
 21 kaza1248    (0)   :  0.226 0.006 0.189 0.460 0.007 0.111 
 22 midd1351   (14)   :  0.230 0.023 0.205 0.345 0.029 0.167 
 23 chag1247   (71)   :  0.229 0.084 0.223 0.193 0.039 0.231 
 24 huih1238   (14)   :  0.050 0.023 0.058 0.049 0.766 0.054 
 25 ordo1245    (0)   :  0.247 0.007 0.265 0.150 0.012 0.319 
 26 turk1303    (0)   :  0.188 0.009 0.179 0.419 0.011 0.194 
 27 negi1245    (0)   :  0.014 0.019 0.012 0.013 0.932 0.011 
 28 nana1257    (0)   :  0.017 0.012 0.017 0.015 0.921 0.018 
 29 nort2690    (7)   :  0.244 0.067 0.231 0.240 0.013 0.205 
 30 shur1243    (0)   :  0.011 0.945 0.011 0.009 0.013 0.012 
 31 minh1238    (0)   :  0.261 0.058 0.256 0.177 0.007 0.240 
 32 udih1248    (0)   :  0.031 0.017 0.023 0.025 0.878 0.026 
 33 oira1262   (14)   :  0.232 0.011 0.233 0.262 0.014 0.248 
 34 hate1238    (7)   :  0.043 0.777 0.053 0.048 0.033 0.047 
 35 tata1255    (0)   :  0.221 0.006 0.183 0.469 0.008 0.112 
 36 turk1304    (0)   :  0.189 0.009 0.183 0.418 0.011 0.190 
 37 oroc1248    (0)   :  0.022 0.016 0.024 0.024 0.890 0.024 
 38 chuv1255    (0)   :  0.229 0.023 0.255 0.216 0.012 0.265 
 39 noga1249   (14)   :  0.227 0.024 0.220 0.340 0.030 0.158 
 40 dong1285    (7)   :  0.271 0.014 0.257 0.181 0.018 0.258 
 41 halh1238   (14)   :  0.256 0.016 0.280 0.173 0.020 0.255 
 42 ogam1239    (0)   :  0.068 0.743 0.064 0.044 0.009 0.072 
 43 cent2126    (7)   :  0.013 0.940 0.012 0.014 0.010 0.010 
 44 yona1241   (14)   :  0.255 0.028 0.260 0.181 0.029 0.247 
 45 kore1280    (0)   :  0.258 0.026 0.274 0.179 0.010 0.254 
 46 tuvi1240    (0)   :  0.220 0.010 0.252 0.177 0.019 0.323 
 47 huzh1238    (7)   :  0.273 0.031 0.278 0.181 0.010 0.227 
 48 khak1248    (0)   :  0.188 0.009 0.188 0.415 0.011 0.190 
 49 oldu1238    (7)   :  0.175 0.009 0.181 0.424 0.013 0.198 
 50 nucl1643    (0)   :  0.009 0.954 0.010 0.009 0.008 0.011 
 51 orok1265   (14)   :  0.011 0.013 0.011 0.010 0.944 0.011 
 52 midd1372   (14)   :  0.264 0.014 0.278 0.182 0.019 0.244 
 53 mogh1245   (28)   :  0.220 0.045 0.195 0.251 0.108 0.181 
 54 uigh1240    (7)   :  0.227 0.008 0.191 0.454 0.007 0.113 
 55 kara1467   (14)   :  0.219 0.008 0.186 0.463 0.009 0.115 
 56 russ1264   (14)   :  0.186 0.011 0.192 0.397 0.015 0.199 
 57 sout2954    (0)   :  0.011 0.943 0.012 0.011 0.012 0.011 
 58 berj1234    (0)   :  0.012 0.009 0.013 0.013 0.941 0.012 
 59 kham1281    (0)   :  0.201 0.013 0.202 0.271 0.041 0.271 
 60 dolg1241    (0)   :  0.189 0.009 0.181 0.410 0.010 0.201 


Estimated Allele Frequencies in each cluster
First column gives estimated ancestral frequencies


Locus 1 : TE003 
2 alleles
3.3% missing data
   1   (0.451) 0.653 0.023 0.641 0.783 0.065 0.658 
   0   (0.549) 0.347 0.977 0.359 0.217 0.935 0.342 

Locus 2 : TE004 
2 alleles
3.3% missing data
   0   (0.827) 0.905 0.992 0.898 0.941 0.332 0.904 
   1   (0.173) 0.095 0.008 0.102 0.059 0.668 0.096 

Locus 3 : TE005 
2 alleles
18.3% missing data
   0   (0.763) 0.858 0.988 0.855 0.917 0.119 0.856 
   1   (0.237) 0.142 0.012 0.145 0.083 0.881 0.144 

Locus 4 : TE006 
2 alleles
26.7% missing data
   0   (0.596) 0.722 0.102 0.714 0.823 0.967 0.729 
   1   (0.404) 0.278 0.898 0.286 0.177 0.033 0.271 

Locus 5 : TE007 
2 alleles
6.7% missing data
   0   (0.696) 0.798 0.713 0.788 0.872 0.972 0.799 
   1   (0.304) 0.202 0.287 0.212 0.128 0.028 0.201 

Locus 6 : TE008 
2 alleles
1.7% missing data
   1   (0.599) 0.666 0.933 0.641 0.800 0.967 0.631 
   0   (0.401) 0.334 0.067 0.359 0.200 0.033 0.369 

Locus 7 : TE031 
2 alleles
1.7% missing data
   1   (0.750) 0.828 0.036 0.818 0.839 0.980 0.830 
   0   (0.250) 0.172 0.964 0.182 0.161 0.020 0.170 

Locus 8 : TE037 
2 alleles
1.7% missing data
   1   (0.506) 0.608 0.614 0.584 0.756 0.119 0.550 
   0   (0.494) 0.392 0.386 0.416 0.244 0.881 0.450 

Locus 9 : TE038 
2 alleles
1.7% missing data
   1   (0.692) 0.821 0.034 0.810 0.888 0.663 0.818 
   0   (0.308) 0.179 0.966 0.190 0.112 0.337 0.182 

Locus 10 : TE039 
2 alleles
5.0% missing data
   1   (0.590) 0.555 0.972 0.583 0.516 0.923 0.637 
   0   (0.410) 0.445 0.028 0.417 0.484 0.077 0.363 

Locus 11 : TE078 
2 alleles
3.3% missing data
   0   (0.803) 0.864 0.991 0.858 0.912 0.984 0.867 
   1   (0.197) 0.136 0.009 0.142 0.088 0.016 0.133 

Locus 12 : TS079 
2 alleles
10.0% missing data
   0   (0.854) 0.926 0.994 0.914 0.957 0.504 0.920 
   1   (0.146) 0.074 0.006 0.086 0.043 0.496 0.080 

Locus 13 : TS080 
2 alleles
10.0% missing data
   0   (0.705) 0.486 0.987 0.504 0.324 0.772 0.484 
   1   (0.295) 0.514 0.013 0.496 0.676 0.228 0.516 

Locus 14 : TS088 
2 alleles
1.7% missing data
   0   (0.544) 0.625 0.978 0.617 0.768 0.962 0.616 
   1   (0.456) 0.375 0.022 0.383 0.232 0.038 0.384 

Values of parameters used in structure:
DATAFILE=phonology_structure,	OUTFILE=outfile_phonology_structure_K6_run35,	NUMINDS=60,	NUMLOCI=14,	MISSING=-9,	LABEL=1,	POPDATA=0,	POPFLAG=0,	PHENOTYPE=0,	EXTRACOLS=0,	MAXPOPS=6,	BURNIN=10000,	NUMREPS=100000,	USEPOPINFO=0,	INFERALPHA=1,	INFERLAMBDA=0,	POPSPECIFICLAMBDA=0,	POPALPHAS=0,	COMPUTEPROB=1,	NOADMIX=0,	ADMBURNIN=500,	UPDATEFREQ=100,	PRINTLIKES=0,	INTERMEDSAVE=0,	PRINTKLD=0,	PRINTNET=1,	PRINTLAMBDA=1,	ANCESTDIST=0,	NUMBOXES=1000,	ANCESTPINT=0.90000,	GENSBACK=2,	MIGRPRIOR=0.01000,	PRINTQHAT=0,	PRINTQSUM=1,	ALPHA=1.0000,	FREQSCORR=1,	FPRIORMEAN=0.0100,	FPRIORSD=0.0500,	ONEFST=0,	LAMBDA=1.0000,	UNIFPRIORALPHA=1,	ALPHAMAX=10.0000,	ALPHAPRIORA=1.0000,	ALPHAPRIORB=2.0000,	ALPHAPROPSD=0.0250,	STARTATPOPINFO=0,	RANDOMIZE=1,	LINKAGE=0,	METROFREQ=10,	REPORTHITRATE=0,	MARKOVPHASE=0,	PHASED=0,	PLOIDY=1,	PHASEINFO=0	LOCPRIOR=0, 	LOCPRIORINIT=1.000000, 	LOCDATA=0, 	LOCISPOP=0, 	LOCPRIORSTEP=0.100000, 	MAXLOCPRIOR=20.000000, 	SEED=1641284390,	
[STRAT parameters]:    NUMSIMSTATS=1000,	PHENOTYPECOL=-9,	POOLFREQ=10,	LOCUSxONLY=0,	EMERROR=0.00100,	MISSINGPHENO=-9,	