

----------------------------------------------------
STRUCTURE by Pritchard, Stephens and Donnelly (2000)
     and Falush, Stephens and Pritchard (2003)
       Code by Pritchard, Falush and Hubisz
             Version 2.3.4 (Jul 2012)
----------------------------------------------------



Command line arguments:   ./structure -m mainparams -K 6 -i phonology_structure -L 14 -o outfile_phonology_structure_K6_run14 
Input File:    phonology_structure

Run parameters:
   60 individuals
   14 loci
   6 populations assumed
   10000 Burn-in period
   100000 Reps


--------------------------------------------
Overall proportion of membership of the
sample in each of the 6 clusters

Inferred Clusters
  1      2      3      4      5      6    
0.169  0.127  0.213  0.168  0.152  0.170  

--------------------------------------------

Allele-freq. divergence among pops (Net nucleotide distance),
computed using point estimates of P.

      1       2       3       4       5       6      
 1      -    0.1446  0.2168  0.2722  0.1474  0.1668  
 2   0.1446     -    0.0748  0.1597  0.0147  0.0227  
 3   0.2168  0.0748     -    0.2804  0.0246  0.0152  
 4   0.2722  0.1597  0.2804     -    0.1914  0.2086  
 5   0.1474  0.0147  0.0246  0.1914     -    0.0020  
 6   0.1668  0.0227  0.0152  0.2086  0.0020     -    

Average distances (expected heterozygosity) between individuals in same cluster:
cluster  1  : 0.1986 
cluster  2  : 0.4051 
cluster  3  : 0.1942 
cluster  4  : 0.1127 
cluster  5  : 0.3513 
cluster  6  : 0.3260 

--------------------------------------------
Estimated Ln Prob of Data   = -340.9
Mean value of ln likelihood = -230.6
Variance of ln likelihood   = 220.5
Mean value of alpha         = 0.0404

Mean value of Fst_1         = 0.5670
Mean value of Fst_2         = 0.1028
Mean value of Fst_3         = 0.6084
Mean value of Fst_4         = 0.7102
Mean value of Fst_5         = 0.2759
Mean value of Fst_6         = 0.3782


Inferred ancestry of individuals:
        Label (%Miss) :  Inferred clusters
  1 torg1245   (21)   :  0.016 0.066 0.426 0.016 0.217 0.259 
  2 oldj1239   (14)   :  0.445 0.198 0.045 0.063 0.135 0.114 
  3 crim1257    (0)   :  0.008 0.045 0.486 0.006 0.153 0.303 
  4 bash1264    (7)   :  0.008 0.045 0.497 0.006 0.147 0.297 
  5 anat1259    (0)   :  0.007 0.051 0.477 0.022 0.158 0.286 
  6 okin1246    (0)   :  0.008 0.010 0.009 0.953 0.012 0.009 
  7 yaku1245    (0)   :  0.040 0.081 0.393 0.014 0.254 0.217 
  8 daur1238    (0)   :  0.012 0.184 0.288 0.006 0.271 0.239 
  9 east2337   (14)   :  0.022 0.417 0.063 0.010 0.277 0.212 
 10 ikem1235    (7)   :  0.007 0.016 0.009 0.942 0.014 0.012 
 11 sibe1251    (0)   :  0.931 0.011 0.019 0.006 0.017 0.017 
 12 nort2697    (0)   :  0.007 0.050 0.486 0.022 0.152 0.284 
 13 bona1250    (0)   :  0.040 0.415 0.051 0.039 0.254 0.201 
 14 ulch1241   (14)   :  0.470 0.091 0.155 0.010 0.152 0.122 
 15 nort2935   (14)   :  0.019 0.018 0.011 0.917 0.019 0.017 
 16 gaga1249    (0)   :  0.011 0.061 0.436 0.046 0.205 0.241 
 17 tara1319    (0)   :  0.006 0.014 0.007 0.950 0.011 0.011 
 18 moma1245   (21)   :  0.859 0.034 0.025 0.013 0.041 0.029 
 19 manc1252    (0)   :  0.289 0.207 0.132 0.023 0.172 0.178 
 20 shor1247    (0)   :  0.011 0.055 0.456 0.009 0.222 0.247 
 21 kaza1248    (0)   :  0.007 0.045 0.489 0.007 0.154 0.299 
 22 midd1351   (14)   :  0.029 0.131 0.370 0.026 0.171 0.272 
 23 chag1247   (71)   :  0.040 0.259 0.178 0.087 0.218 0.217 
 24 huih1238   (14)   :  0.782 0.049 0.045 0.022 0.057 0.046 
 25 ordo1245    (0)   :  0.012 0.183 0.280 0.007 0.280 0.238 
 26 turk1303    (0)   :  0.011 0.051 0.437 0.009 0.228 0.264 
 27 negi1245    (0)   :  0.931 0.015 0.009 0.021 0.014 0.011 
 28 nana1257    (0)   :  0.916 0.020 0.015 0.011 0.020 0.017 
 29 nort2690    (7)   :  0.013 0.251 0.214 0.069 0.189 0.265 
 30 shur1243    (0)   :  0.012 0.012 0.008 0.944 0.012 0.012 
 31 minh1238    (0)   :  0.009 0.432 0.054 0.060 0.244 0.202 
 32 udih1248    (0)   :  0.868 0.025 0.028 0.018 0.035 0.026 
 33 oira1262   (14)   :  0.014 0.145 0.346 0.010 0.264 0.221 
 34 hate1238    (7)   :  0.033 0.058 0.049 0.760 0.053 0.046 
 35 tata1255    (0)   :  0.008 0.043 0.491 0.006 0.154 0.299 
 36 turk1304    (0)   :  0.011 0.054 0.443 0.009 0.230 0.253 
 37 oroc1248    (0)   :  0.891 0.024 0.022 0.015 0.025 0.023 
 38 chuv1255    (0)   :  0.013 0.201 0.272 0.023 0.252 0.238 
 39 noga1249   (14)   :  0.028 0.123 0.370 0.025 0.174 0.281 
 40 dong1285    (7)   :  0.018 0.447 0.061 0.014 0.241 0.218 
 41 halh1238   (14)   :  0.022 0.346 0.124 0.016 0.273 0.219 
 42 ogam1239    (0)   :  0.009 0.095 0.020 0.769 0.060 0.047 
 43 cent2126    (7)   :  0.009 0.012 0.012 0.942 0.013 0.012 
 44 yona1241   (14)   :  0.033 0.442 0.057 0.028 0.227 0.212 
 45 kore1280    (0)   :  0.010 0.445 0.063 0.029 0.236 0.217 
 46 tuvi1240    (0)   :  0.021 0.131 0.343 0.010 0.265 0.231 
 47 huzh1238    (7)   :  0.011 0.450 0.059 0.031 0.247 0.202 
 48 khak1248    (0)   :  0.011 0.053 0.443 0.008 0.230 0.255 
 49 oldu1238    (7)   :  0.015 0.050 0.453 0.009 0.222 0.251 
 50 nucl1643    (0)   :  0.008 0.009 0.008 0.955 0.010 0.010 
 51 orok1265   (14)   :  0.945 0.011 0.008 0.014 0.011 0.011 
 52 midd1372   (14)   :  0.022 0.454 0.057 0.014 0.234 0.219 
 53 mogh1245   (28)   :  0.113 0.171 0.251 0.044 0.181 0.241 
 54 uigh1240    (7)   :  0.008 0.045 0.491 0.007 0.155 0.294 
 55 kara1467   (14)   :  0.009 0.048 0.483 0.007 0.153 0.300 
 56 russ1264   (14)   :  0.016 0.062 0.428 0.012 0.225 0.258 
 57 sout2954    (0)   :  0.012 0.012 0.008 0.947 0.011 0.010 
 58 berj1234    (0)   :  0.936 0.015 0.012 0.009 0.016 0.013 
 59 kham1281    (0)   :  0.040 0.079 0.401 0.013 0.254 0.213 
 60 dolg1241    (0)   :  0.010 0.053 0.433 0.010 0.226 0.268 


Estimated Allele Frequencies in each cluster
First column gives estimated ancestral frequencies


Locus 1 : TE003 
2 alleles
3.3% missing data
   1   (0.471) 0.068 0.475 0.903 0.024 0.657 0.714 
   0   (0.529) 0.932 0.525 0.097 0.976 0.343 0.286 

Locus 2 : TE004 
2 alleles
3.3% missing data
   0   (0.852) 0.331 0.871 0.980 0.993 0.913 0.925 
   1   (0.148) 0.669 0.129 0.020 0.007 0.087 0.075 

Locus 3 : TE005 
2 alleles
18.3% missing data
   0   (0.755) 0.125 0.780 0.949 0.988 0.835 0.880 
   1   (0.245) 0.875 0.220 0.051 0.012 0.165 0.120 

Locus 4 : TE006 
2 alleles
26.7% missing data
   0   (0.639) 0.969 0.600 0.929 0.102 0.767 0.777 
   1   (0.361) 0.031 0.400 0.071 0.898 0.233 0.223 

Locus 5 : TE007 
2 alleles
6.7% missing data
   0   (0.702) 0.972 0.682 0.950 0.709 0.804 0.829 
   1   (0.298) 0.028 0.318 0.050 0.291 0.196 0.171 

Locus 6 : TE008 
2 alleles
1.7% missing data
   1   (0.593) 0.965 0.560 0.819 0.931 0.665 0.703 
   0   (0.407) 0.035 0.440 0.181 0.069 0.335 0.297 

Locus 7 : TE031 
2 alleles
1.7% missing data
   1   (0.741) 0.978 0.780 0.858 0.036 0.806 0.835 
   0   (0.259) 0.022 0.220 0.142 0.964 0.194 0.165 

Locus 8 : TE037 
2 alleles
1.7% missing data
   1   (0.526) 0.125 0.537 0.751 0.610 0.597 0.653 
   0   (0.474) 0.875 0.463 0.249 0.390 0.403 0.347 

Locus 9 : TE038 
2 alleles
1.7% missing data
   1   (0.704) 0.665 0.722 0.954 0.035 0.819 0.841 
   0   (0.296) 0.335 0.278 0.046 0.965 0.181 0.159 

Locus 10 : TE039 
2 alleles
5.0% missing data
   1   (0.595) 0.920 0.571 0.549 0.972 0.640 0.538 
   0   (0.405) 0.080 0.429 0.451 0.028 0.360 0.462 

Locus 11 : TE078 
2 alleles
3.3% missing data
   0   (0.816) 0.985 0.788 0.967 0.992 0.877 0.888 
   1   (0.184) 0.015 0.212 0.033 0.008 0.123 0.112 

Locus 12 : TS079 
2 alleles
10.0% missing data
   0   (0.839) 0.510 0.868 0.974 0.993 0.897 0.928 
   1   (0.161) 0.490 0.132 0.026 0.007 0.103 0.072 

Locus 13 : TS080 
2 alleles
10.0% missing data
   0   (0.694) 0.773 0.715 0.178 0.987 0.473 0.422 
   1   (0.306) 0.227 0.285 0.822 0.013 0.527 0.578 

Locus 14 : TS088 
2 alleles
1.7% missing data
   0   (0.523) 0.959 0.461 0.833 0.977 0.630 0.669 
   1   (0.477) 0.041 0.539 0.167 0.023 0.370 0.331 

Values of parameters used in structure:
DATAFILE=phonology_structure,	OUTFILE=outfile_phonology_structure_K6_run14,	NUMINDS=60,	NUMLOCI=14,	MISSING=-9,	LABEL=1,	POPDATA=0,	POPFLAG=0,	PHENOTYPE=0,	EXTRACOLS=0,	MAXPOPS=6,	BURNIN=10000,	NUMREPS=100000,	USEPOPINFO=0,	INFERALPHA=1,	INFERLAMBDA=0,	POPSPECIFICLAMBDA=0,	POPALPHAS=0,	COMPUTEPROB=1,	NOADMIX=0,	ADMBURNIN=500,	UPDATEFREQ=100,	PRINTLIKES=0,	INTERMEDSAVE=0,	PRINTKLD=0,	PRINTNET=1,	PRINTLAMBDA=1,	ANCESTDIST=0,	NUMBOXES=1000,	ANCESTPINT=0.90000,	GENSBACK=2,	MIGRPRIOR=0.01000,	PRINTQHAT=0,	PRINTQSUM=1,	ALPHA=1.0000,	FREQSCORR=1,	FPRIORMEAN=0.0100,	FPRIORSD=0.0500,	ONEFST=0,	LAMBDA=1.0000,	UNIFPRIORALPHA=1,	ALPHAMAX=10.0000,	ALPHAPRIORA=1.0000,	ALPHAPRIORB=2.0000,	ALPHAPROPSD=0.0250,	STARTATPOPINFO=0,	RANDOMIZE=1,	LINKAGE=0,	METROFREQ=10,	REPORTHITRATE=0,	MARKOVPHASE=0,	PHASED=0,	PLOIDY=1,	PHASEINFO=0	LOCPRIOR=0, 	LOCPRIORINIT=1.000000, 	LOCDATA=0, 	LOCISPOP=0, 	LOCPRIORSTEP=0.100000, 	MAXLOCPRIOR=20.000000, 	SEED=1641238799,	
[STRAT parameters]:    NUMSIMSTATS=1000,	PHENOTYPECOL=-9,	POOLFREQ=10,	LOCUSxONLY=0,	EMERROR=0.00100,	MISSINGPHENO=-9,	