

----------------------------------------------------
STRUCTURE by Pritchard, Stephens and Donnelly (2000)
     and Falush, Stephens and Pritchard (2003)
       Code by Pritchard, Falush and Hubisz
             Version 2.3.4 (Jul 2012)
----------------------------------------------------



Command line arguments:   ./structure -m mainparams -K 7 -i phonology_structure -L 14 -o outfile_phonology_structure_K7_run49 
Input File:    phonology_structure

Run parameters:
   60 individuals
   14 loci
   7 populations assumed
   10000 Burn-in period
   100000 Reps


--------------------------------------------
Overall proportion of membership of the
sample in each of the 7 clusters

Inferred Clusters
  1      2      3      4      5      6      7    
0.121  0.122  0.163  0.165  0.158  0.161  0.110  

--------------------------------------------

Allele-freq. divergence among pops (Net nucleotide distance),
computed using point estimates of P.

      1       2       3       4       5       6       7      
 1      -    0.0022  0.0198  0.1753  0.0120  0.1466  0.0001  
 2   0.0022     -    0.0093  0.1943  0.0049  0.1538  0.0028  
 3   0.0198  0.0093     -    0.2359  0.0031  0.1874  0.0220  
 4   0.1753  0.1943  0.2359     -    0.2141  0.2774  0.1740  
 5   0.0120  0.0049  0.0031  0.2141     -    0.1814  0.0134  
 6   0.1466  0.1538  0.1874  0.2774  0.1814     -    0.1456  
 7   0.0001  0.0028  0.0220  0.1740  0.0134  0.1456     -    

Average distances (expected heterozygosity) between individuals in same cluster:
cluster  1  : 0.3777 
cluster  2  : 0.3493 
cluster  3  : 0.2694 
cluster  4  : 0.1105 
cluster  5  : 0.3077 
cluster  6  : 0.1934 
cluster  7  : 0.3791 

--------------------------------------------
Estimated Ln Prob of Data   = -332.2
Mean value of ln likelihood = -228.2
Variance of ln likelihood   = 208.1
Mean value of alpha         = 0.0393

Mean value of Fst_1         = 0.2170
Mean value of Fst_2         = 0.3126
Mean value of Fst_3         = 0.5011
Mean value of Fst_4         = 0.7152
Mean value of Fst_5         = 0.4399
Mean value of Fst_6         = 0.5763
Mean value of Fst_7         = 0.2013


Inferred ancestry of individuals:
        Label (%Miss) :  Inferred clusters
  1 torg1245   (21)   :  0.147 0.144 0.336 0.016 0.222 0.015 0.121 
  2 oldj1239   (14)   :  0.144 0.123 0.069 0.055 0.093 0.385 0.132 
  3 crim1257    (0)   :  0.088 0.138 0.300 0.006 0.381 0.007 0.079 
  4 bash1264    (7)   :  0.089 0.143 0.298 0.006 0.373 0.007 0.084 
  5 anat1259    (0)   :  0.094 0.144 0.282 0.023 0.362 0.006 0.089 
  6 okin1246    (0)   :  0.009 0.009 0.009 0.947 0.009 0.007 0.009 
  7 yaku1245    (0)   :  0.158 0.219 0.281 0.014 0.158 0.037 0.135 
  8 daur1238    (0)   :  0.210 0.240 0.201 0.006 0.121 0.011 0.211 
  9 east2337   (14)   :  0.258 0.186 0.128 0.010 0.146 0.022 0.250 
 10 ikem1235    (7)   :  0.015 0.014 0.009 0.927 0.013 0.008 0.014 
 11 sibe1251    (0)   :  0.014 0.015 0.016 0.005 0.015 0.920 0.013 
 12 nort2697    (0)   :  0.091 0.146 0.278 0.024 0.362 0.007 0.092 
 13 bona1250    (0)   :  0.249 0.187 0.110 0.034 0.153 0.035 0.232 
 14 ulch1241   (14)   :  0.102 0.117 0.120 0.011 0.092 0.450 0.108 
 15 nort2935   (14)   :  0.019 0.016 0.014 0.899 0.016 0.018 0.018 
 16 gaga1249    (0)   :  0.132 0.137 0.294 0.052 0.276 0.010 0.099 
 17 tara1319    (0)   :  0.010 0.011 0.008 0.944 0.010 0.006 0.012 
 18 moma1245   (21)   :  0.037 0.039 0.027 0.013 0.030 0.810 0.045 
 19 manc1252    (0)   :  0.164 0.170 0.134 0.020 0.151 0.208 0.153 
 20 shor1247    (0)   :  0.148 0.136 0.354 0.008 0.241 0.010 0.103 
 21 kaza1248    (0)   :  0.096 0.147 0.296 0.006 0.367 0.007 0.081 
 22 midd1351   (14)   :  0.132 0.179 0.237 0.022 0.277 0.025 0.129 
 23 chag1247   (71)   :  0.191 0.174 0.154 0.076 0.175 0.033 0.198 
 24 huih1238   (14)   :  0.056 0.055 0.047 0.020 0.044 0.722 0.055 
 25 ordo1245    (0)   :  0.202 0.247 0.196 0.006 0.126 0.011 0.213 
 26 turk1303    (0)   :  0.156 0.137 0.352 0.009 0.234 0.010 0.103 
 27 negi1245    (0)   :  0.014 0.013 0.011 0.020 0.011 0.917 0.014 
 28 nana1257    (0)   :  0.020 0.021 0.015 0.011 0.017 0.893 0.022 
 29 nort2690    (7)   :  0.169 0.181 0.178 0.053 0.227 0.011 0.180 
 30 shur1243    (0)   :  0.012 0.011 0.009 0.937 0.009 0.012 0.011 
 31 minh1238    (0)   :  0.255 0.185 0.102 0.059 0.161 0.007 0.232 
 32 udih1248    (0)   :  0.025 0.030 0.025 0.016 0.027 0.847 0.030 
 33 oira1262   (14)   :  0.196 0.199 0.258 0.010 0.167 0.014 0.157 
 34 hate1238    (7)   :  0.049 0.048 0.047 0.731 0.047 0.030 0.049 
 35 tata1255    (0)   :  0.094 0.144 0.298 0.006 0.374 0.007 0.076 
 36 turk1304    (0)   :  0.146 0.134 0.362 0.009 0.238 0.010 0.102 
 37 oroc1248    (0)   :  0.024 0.022 0.027 0.014 0.023 0.866 0.023 
 38 chuv1255    (0)   :  0.197 0.192 0.199 0.022 0.179 0.011 0.201 
 39 noga1249   (14)   :  0.128 0.179 0.232 0.020 0.285 0.023 0.133 
 40 dong1285    (7)   :  0.267 0.185 0.113 0.012 0.168 0.017 0.237 
 41 halh1238   (14)   :  0.242 0.209 0.135 0.015 0.147 0.018 0.234 
 42 ogam1239    (0)   :  0.062 0.053 0.030 0.743 0.039 0.009 0.065 
 43 cent2126    (7)   :  0.013 0.013 0.012 0.925 0.012 0.010 0.014 
 44 yona1241   (14)   :  0.252 0.182 0.104 0.027 0.180 0.027 0.229 
 45 kore1280    (0)   :  0.264 0.185 0.114 0.025 0.166 0.010 0.236 
 46 tuvi1240    (0)   :  0.178 0.246 0.240 0.009 0.128 0.018 0.180 
 47 huzh1238    (7)   :  0.251 0.185 0.110 0.032 0.168 0.010 0.245 
 48 khak1248    (0)   :  0.150 0.136 0.351 0.009 0.239 0.010 0.105 
 49 oldu1238    (7)   :  0.145 0.136 0.360 0.009 0.230 0.013 0.108 
 50 nucl1643    (0)   :  0.010 0.010 0.009 0.943 0.010 0.007 0.011 
 51 orok1265   (14)   :  0.011 0.011 0.009 0.014 0.009 0.934 0.012 
 52 midd1372   (14)   :  0.257 0.172 0.116 0.014 0.176 0.019 0.246 
 53 mogh1245   (28)   :  0.143 0.185 0.187 0.042 0.204 0.082 0.157 
 54 uigh1240    (7)   :  0.088 0.143 0.298 0.007 0.373 0.007 0.083 
 55 kara1467   (14)   :  0.098 0.146 0.299 0.007 0.362 0.009 0.080 
 56 russ1264   (14)   :  0.152 0.141 0.346 0.011 0.228 0.014 0.108 
 57 sout2954    (0)   :  0.011 0.011 0.010 0.931 0.011 0.012 0.014 
 58 berj1234    (0)   :  0.015 0.014 0.013 0.009 0.012 0.924 0.014 
 59 kham1281    (0)   :  0.157 0.210 0.290 0.014 0.155 0.036 0.139 
 60 dolg1241    (0)   :  0.156 0.140 0.346 0.008 0.240 0.009 0.100 


Estimated Allele Frequencies in each cluster
First column gives estimated ancestral frequencies


Locus 1 : TE003 
2 alleles
3.3% missing data
   1   (0.462) 0.583 0.652 0.802 0.023 0.724 0.064 0.573 
   0   (0.538) 0.417 0.348 0.198 0.977 0.276 0.936 0.427 

Locus 2 : TE004 
2 alleles
3.3% missing data
   0   (0.830) 0.881 0.901 0.935 0.992 0.925 0.318 0.882 
   1   (0.170) 0.119 0.099 0.065 0.008 0.075 0.682 0.118 

Locus 3 : TE005 
2 alleles
18.3% missing data
   0   (0.757) 0.817 0.846 0.913 0.988 0.887 0.114 0.813 
   1   (0.243) 0.183 0.154 0.087 0.012 0.113 0.886 0.187 

Locus 4 : TE006 
2 alleles
26.7% missing data
   0   (0.605) 0.678 0.741 0.840 0.094 0.772 0.967 0.669 
   1   (0.395) 0.322 0.259 0.160 0.906 0.228 0.033 0.331 

Locus 5 : TE007 
2 alleles
6.7% missing data
   0   (0.723) 0.769 0.819 0.887 0.710 0.849 0.974 0.770 
   1   (0.277) 0.231 0.181 0.113 0.290 0.151 0.026 0.230 

Locus 6 : TE008 
2 alleles
1.7% missing data
   1   (0.610) 0.620 0.663 0.770 0.936 0.761 0.968 0.608 
   0   (0.390) 0.380 0.337 0.230 0.064 0.239 0.032 0.392 

Locus 7 : TE031 
2 alleles
1.7% missing data
   1   (0.767) 0.813 0.837 0.861 0.036 0.830 0.980 0.810 
   0   (0.233) 0.187 0.163 0.139 0.964 0.170 0.020 0.190 

Locus 8 : TE037 
2 alleles
1.7% missing data
   1   (0.527) 0.566 0.580 0.713 0.612 0.720 0.115 0.545 
   0   (0.473) 0.434 0.420 0.287 0.388 0.280 0.885 0.455 

Locus 9 : TE038 
2 alleles
1.7% missing data
   1   (0.704) 0.780 0.817 0.890 0.034 0.858 0.660 0.780 
   0   (0.296) 0.220 0.183 0.110 0.966 0.142 0.340 0.220 

Locus 10 : TE039 
2 alleles
5.0% missing data
   1   (0.569) 0.609 0.581 0.590 0.971 0.466 0.930 0.592 
   0   (0.431) 0.391 0.419 0.410 0.029 0.534 0.070 0.408 

Locus 11 : TE078 
2 alleles
3.3% missing data
   0   (0.816) 0.840 0.876 0.924 0.991 0.895 0.984 0.847 
   1   (0.184) 0.160 0.124 0.076 0.009 0.105 0.016 0.153 

Locus 12 : TS079 
2 alleles
10.0% missing data
   0   (0.865) 0.906 0.923 0.949 0.994 0.947 0.494 0.905 
   1   (0.135) 0.094 0.077 0.051 0.006 0.053 0.506 0.095 

Locus 13 : TS080 
2 alleles
10.0% missing data
   0   (0.719) 0.580 0.489 0.315 0.988 0.412 0.772 0.602 
   1   (0.281) 0.420 0.511 0.685 0.012 0.588 0.228 0.398 

Locus 14 : TS088 
2 alleles
1.7% missing data
   0   (0.559) 0.574 0.636 0.771 0.979 0.726 0.963 0.571 
   1   (0.441) 0.426 0.364 0.229 0.021 0.274 0.037 0.429 

Values of parameters used in structure:
DATAFILE=phonology_structure,	OUTFILE=outfile_phonology_structure_K7_run49,	NUMINDS=60,	NUMLOCI=14,	MISSING=-9,	LABEL=1,	POPDATA=0,	POPFLAG=0,	PHENOTYPE=0,	EXTRACOLS=0,	MAXPOPS=7,	BURNIN=10000,	NUMREPS=100000,	USEPOPINFO=0,	INFERALPHA=1,	INFERLAMBDA=0,	POPSPECIFICLAMBDA=0,	POPALPHAS=0,	COMPUTEPROB=1,	NOADMIX=0,	ADMBURNIN=500,	UPDATEFREQ=100,	PRINTLIKES=0,	INTERMEDSAVE=0,	PRINTKLD=0,	PRINTNET=1,	PRINTLAMBDA=1,	ANCESTDIST=0,	NUMBOXES=1000,	ANCESTPINT=0.90000,	GENSBACK=2,	MIGRPRIOR=0.01000,	PRINTQHAT=0,	PRINTQSUM=1,	ALPHA=1.0000,	FREQSCORR=1,	FPRIORMEAN=0.0100,	FPRIORSD=0.0500,	ONEFST=0,	LAMBDA=1.0000,	UNIFPRIORALPHA=1,	ALPHAMAX=10.0000,	ALPHAPRIORA=1.0000,	ALPHAPRIORB=2.0000,	ALPHAPROPSD=0.0250,	STARTATPOPINFO=0,	RANDOMIZE=1,	LINKAGE=0,	METROFREQ=10,	REPORTHITRATE=0,	MARKOVPHASE=0,	PHASED=0,	PLOIDY=1,	PHASEINFO=0	LOCPRIOR=0, 	LOCPRIORINIT=1.000000, 	LOCDATA=0, 	LOCISPOP=0, 	LOCPRIORSTEP=0.100000, 	MAXLOCPRIOR=20.000000, 	SEED=1641292693,	
[STRAT parameters]:    NUMSIMSTATS=1000,	PHENOTYPECOL=-9,	POOLFREQ=10,	LOCUSxONLY=0,	EMERROR=0.00100,	MISSINGPHENO=-9,	