

----------------------------------------------------
STRUCTURE by Pritchard, Stephens and Donnelly (2000)
     and Falush, Stephens and Pritchard (2003)
       Code by Pritchard, Falush and Hubisz
             Version 2.3.4 (Jul 2012)
----------------------------------------------------



Command line arguments:   ./structure -m mainparams -K 3 -i phonology_structure -L 14 -o outfile_phonology_structure_K3_run41 
Input File:    phonology_structure

Run parameters:
   60 individuals
   14 loci
   3 populations assumed
   10000 Burn-in period
   100000 Reps


--------------------------------------------
Overall proportion of membership of the
sample in each of the 3 clusters

Inferred Clusters
  1      2      3    
0.438  0.186  0.376  

--------------------------------------------

Allele-freq. divergence among pops (Net nucleotide distance),
computed using point estimates of P.

      1       2       3      
 1      -    0.3115  0.1481  
 2   0.3115     -    0.1673  
 3   0.1481  0.1673     -    

Average distances (expected heterozygosity) between individuals in same cluster:
cluster  1  : 0.1220 
cluster  2  : 0.1263 
cluster  3  : 0.3832 

--------------------------------------------
Estimated Ln Prob of Data   = -296.2
Mean value of ln likelihood = -275.7
Variance of ln likelihood   = 41.1
Mean value of alpha         = 0.0527

Mean value of Fst_1         = 0.6490
Mean value of Fst_2         = 0.6858
Mean value of Fst_3         = 0.0008


Inferred ancestry of individuals:
        Label (%Miss) :  Inferred clusters
  1 torg1245   (21)   :  0.950 0.019 0.031 
  2 oldj1239   (14)   :  0.019 0.063 0.918 
  3 crim1257    (0)   :  0.978 0.009 0.013 
  4 bash1264    (7)   :  0.977 0.008 0.014 
  5 anat1259    (0)   :  0.954 0.028 0.017 
  6 okin1246    (0)   :  0.012 0.975 0.013 
  7 yaku1245    (0)   :  0.934 0.017 0.049 
  8 daur1238    (0)   :  0.612 0.012 0.376 
  9 east2337   (14)   :  0.037 0.015 0.948 
 10 ikem1235    (7)   :  0.011 0.972 0.017 
 11 sibe1251    (0)   :  0.036 0.010 0.954 
 12 nort2697    (0)   :  0.955 0.028 0.017 
 13 bona1250    (0)   :  0.016 0.065 0.920 
 14 ulch1241   (14)   :  0.300 0.016 0.684 
 15 nort2935   (14)   :  0.013 0.955 0.031 
 16 gaga1249    (0)   :  0.939 0.043 0.018 
 17 tara1319    (0)   :  0.009 0.979 0.012 
 18 moma1245   (21)   :  0.043 0.022 0.935 
 19 manc1252    (0)   :  0.102 0.026 0.872 
 20 shor1247    (0)   :  0.974 0.012 0.014 
 21 kaza1248    (0)   :  0.979 0.008 0.013 
 22 midd1351   (14)   :  0.805 0.037 0.158 
 23 chag1247   (71)   :  0.425 0.157 0.418 
 24 huih1238   (14)   :  0.052 0.029 0.919 
 25 ordo1245    (0)   :  0.610 0.012 0.378 
 26 turk1303    (0)   :  0.975 0.011 0.014 
 27 negi1245    (0)   :  0.013 0.039 0.948 
 28 nana1257    (0)   :  0.018 0.016 0.965 
 29 nort2690    (7)   :  0.542 0.171 0.287 
 30 shur1243    (0)   :  0.010 0.974 0.016 
 31 minh1238    (0)   :  0.017 0.137 0.846 
 32 udih1248    (0)   :  0.035 0.025 0.940 
 33 oira1262   (14)   :  0.870 0.014 0.116 
 34 hate1238    (7)   :  0.064 0.855 0.082 
 35 tata1255    (0)   :  0.979 0.008 0.013 
 36 turk1304    (0)   :  0.975 0.011 0.014 
 37 oroc1248    (0)   :  0.022 0.015 0.963 
 38 chuv1255    (0)   :  0.804 0.036 0.161 
 39 noga1249   (14)   :  0.805 0.037 0.158 
 40 dong1285    (7)   :  0.026 0.016 0.958 
 41 halh1238   (14)   :  0.193 0.026 0.780 
 42 ogam1239    (0)   :  0.012 0.906 0.082 
 43 cent2126    (7)   :  0.015 0.967 0.018 
 44 yona1241   (14)   :  0.013 0.028 0.959 
 45 kore1280    (0)   :  0.021 0.057 0.921 
 46 tuvi1240    (0)   :  0.825 0.017 0.158 
 47 huzh1238    (7)   :  0.019 0.082 0.899 
 48 khak1248    (0)   :  0.975 0.012 0.013 
 49 oldu1238    (7)   :  0.973 0.011 0.016 
 50 nucl1643    (0)   :  0.012 0.977 0.012 
 51 orok1265   (14)   :  0.016 0.034 0.951 
 52 midd1372   (14)   :  0.010 0.021 0.969 
 53 mogh1245   (28)   :  0.442 0.062 0.496 
 54 uigh1240    (7)   :  0.977 0.010 0.013 
 55 kara1467   (14)   :  0.974 0.010 0.016 
 56 russ1264   (14)   :  0.959 0.015 0.026 
 57 sout2954    (0)   :  0.010 0.973 0.017 
 58 berj1234    (0)   :  0.018 0.017 0.965 
 59 kham1281    (0)   :  0.936 0.018 0.046 
 60 dolg1241    (0)   :  0.975 0.011 0.014 


Estimated Allele Frequencies in each cluster
First column gives estimated ancestral frequencies


Locus 1 : TE003 
2 alleles
3.3% missing data
   1   (0.220) 0.976 0.016 0.219 
   0   (0.780) 0.024 0.984 0.781 

Locus 2 : TE004 
2 alleles
3.3% missing data
   0   (0.690) 0.992 0.984 0.690 
   1   (0.310) 0.008 0.016 0.310 

Locus 3 : TE005 
2 alleles
18.3% missing data
   0   (0.463) 0.978 0.972 0.461 
   1   (0.537) 0.022 0.028 0.539 

Locus 4 : TE006 
2 alleles
26.7% missing data
   0   (0.797) 0.989 0.132 0.797 
   1   (0.203) 0.011 0.868 0.203 

Locus 5 : TE007 
2 alleles
6.7% missing data
   0   (0.761) 0.995 0.696 0.761 
   1   (0.239) 0.005 0.304 0.239 

Locus 6 : TE008 
2 alleles
1.7% missing data
   1   (0.666) 0.893 0.900 0.667 
   0   (0.334) 0.107 0.100 0.333 

Locus 7 : TE031 
2 alleles
1.7% missing data
   1   (0.832) 0.874 0.048 0.833 
   0   (0.168) 0.126 0.952 0.167 

Locus 8 : TE037 
2 alleles
1.7% missing data
   1   (0.343) 0.815 0.589 0.342 
   0   (0.657) 0.185 0.411 0.658 

Locus 9 : TE038 
2 alleles
1.7% missing data
   1   (0.718) 0.994 0.044 0.718 
   0   (0.282) 0.006 0.956 0.282 

Locus 10 : TE039 
2 alleles
5.0% missing data
   1   (0.655) 0.544 0.970 0.656 
   0   (0.345) 0.456 0.030 0.344 

Locus 11 : TE078 
2 alleles
3.3% missing data
   0   (0.802) 0.995 0.991 0.802 
   1   (0.198) 0.005 0.009 0.198 

Locus 12 : TS079 
2 alleles
10.0% missing data
   0   (0.814) 0.995 0.991 0.814 
   1   (0.186) 0.005 0.009 0.186 

Locus 13 : TS080 
2 alleles
10.0% missing data
   0   (0.825) 0.100 0.992 0.826 
   1   (0.175) 0.900 0.008 0.174 

Locus 14 : TS088 
2 alleles
1.7% missing data
   0   (0.619) 0.919 0.975 0.619 
   1   (0.381) 0.081 0.025 0.381 

Values of parameters used in structure:
DATAFILE=phonology_structure,	OUTFILE=outfile_phonology_structure_K3_run41,	NUMINDS=60,	NUMLOCI=14,	MISSING=-9,	LABEL=1,	POPDATA=0,	POPFLAG=0,	PHENOTYPE=0,	EXTRACOLS=0,	MAXPOPS=3,	BURNIN=10000,	NUMREPS=100000,	USEPOPINFO=0,	INFERALPHA=1,	INFERLAMBDA=0,	POPSPECIFICLAMBDA=0,	POPALPHAS=0,	COMPUTEPROB=1,	NOADMIX=0,	ADMBURNIN=500,	UPDATEFREQ=100,	PRINTLIKES=0,	INTERMEDSAVE=0,	PRINTKLD=0,	PRINTNET=1,	PRINTLAMBDA=1,	ANCESTDIST=0,	NUMBOXES=1000,	ANCESTPINT=0.90000,	GENSBACK=2,	MIGRPRIOR=0.01000,	PRINTQHAT=0,	PRINTQSUM=1,	ALPHA=1.0000,	FREQSCORR=1,	FPRIORMEAN=0.0100,	FPRIORSD=0.0500,	ONEFST=0,	LAMBDA=1.0000,	UNIFPRIORALPHA=1,	ALPHAMAX=10.0000,	ALPHAPRIORA=1.0000,	ALPHAPRIORB=2.0000,	ALPHAPROPSD=0.0250,	STARTATPOPINFO=0,	RANDOMIZE=1,	LINKAGE=0,	METROFREQ=10,	REPORTHITRATE=0,	MARKOVPHASE=0,	PHASED=0,	PLOIDY=1,	PHASEINFO=0	LOCPRIOR=0, 	LOCPRIORINIT=1.000000, 	LOCDATA=0, 	LOCISPOP=0, 	LOCPRIORSTEP=0.100000, 	MAXLOCPRIOR=20.000000, 	SEED=1641287663,	
[STRAT parameters]:    NUMSIMSTATS=1000,	PHENOTYPECOL=-9,	POOLFREQ=10,	LOCUSxONLY=0,	EMERROR=0.00100,	MISSINGPHENO=-9,	