

----------------------------------------------------
STRUCTURE by Pritchard, Stephens and Donnelly (2000)
     and Falush, Stephens and Pritchard (2003)
       Code by Pritchard, Falush and Hubisz
             Version 2.3.4 (Jul 2012)
----------------------------------------------------



Command line arguments:   ./structure -m mainparams -K 3 -i phonology_structure -L 14 -o outfile_phonology_structure_K3_run6 
Input File:    phonology_structure

Run parameters:
   60 individuals
   14 loci
   3 populations assumed
   10000 Burn-in period
   100000 Reps


--------------------------------------------
Overall proportion of membership of the
sample in each of the 3 clusters

Inferred Clusters
  1      2      3    
0.187  0.371  0.442  

--------------------------------------------

Allele-freq. divergence among pops (Net nucleotide distance),
computed using point estimates of P.

      1       2       3      
 1      -    0.1631  0.3091  
 2   0.1631     -    0.1465  
 3   0.3091  0.1465     -    

Average distances (expected heterozygosity) between individuals in same cluster:
cluster  1  : 0.1291 
cluster  2  : 0.4020 
cluster  3  : 0.1259 

--------------------------------------------
Estimated Ln Prob of Data   = -299.2
Mean value of ln likelihood = -276.7
Variance of ln likelihood   = 45.0
Mean value of alpha         = 0.0511

Mean value of Fst_1         = 0.6826
Mean value of Fst_2         = 0.0196
Mean value of Fst_3         = 0.6402


Inferred ancestry of individuals:
        Label (%Miss) :  Inferred clusters
  1 torg1245   (21)   :  0.019 0.028 0.953 
  2 oldj1239   (14)   :  0.077 0.900 0.023 
  3 crim1257    (0)   :  0.009 0.012 0.979 
  4 bash1264    (7)   :  0.008 0.013 0.979 
  5 anat1259    (0)   :  0.028 0.015 0.957 
  6 okin1246    (0)   :  0.977 0.011 0.011 
  7 yaku1245    (0)   :  0.016 0.045 0.939 
  8 daur1238    (0)   :  0.012 0.355 0.633 
  9 east2337   (14)   :  0.016 0.947 0.037 
 10 ikem1235    (7)   :  0.974 0.016 0.011 
 11 sibe1251    (0)   :  0.010 0.954 0.036 
 12 nort2697    (0)   :  0.029 0.015 0.956 
 13 bona1250    (0)   :  0.066 0.917 0.017 
 14 ulch1241   (14)   :  0.016 0.648 0.337 
 15 nort2935   (14)   :  0.965 0.021 0.013 
 16 gaga1249    (0)   :  0.043 0.016 0.941 
 17 tara1319    (0)   :  0.977 0.014 0.009 
 18 moma1245   (21)   :  0.025 0.924 0.051 
 19 manc1252    (0)   :  0.027 0.866 0.107 
 20 shor1247    (0)   :  0.011 0.016 0.972 
 21 kaza1248    (0)   :  0.008 0.012 0.980 
 22 midd1351   (14)   :  0.037 0.143 0.820 
 23 chag1247   (71)   :  0.163 0.407 0.430 
 24 huih1238   (14)   :  0.027 0.914 0.059 
 25 ordo1245    (0)   :  0.012 0.351 0.637 
 26 turk1303    (0)   :  0.011 0.015 0.974 
 27 negi1245    (0)   :  0.039 0.948 0.013 
 28 nana1257    (0)   :  0.019 0.961 0.021 
 29 nort2690    (7)   :  0.149 0.318 0.532 
 30 shur1243    (0)   :  0.975 0.015 0.010 
 31 minh1238    (0)   :  0.189 0.788 0.023 
 32 udih1248    (0)   :  0.028 0.935 0.037 
 33 oira1262   (14)   :  0.013 0.137 0.850 
 34 hate1238    (7)   :  0.866 0.069 0.064 
 35 tata1255    (0)   :  0.008 0.013 0.979 
 36 turk1304    (0)   :  0.011 0.013 0.976 
 37 oroc1248    (0)   :  0.015 0.965 0.020 
 38 chuv1255    (0)   :  0.038 0.119 0.843 
 39 noga1249   (14)   :  0.035 0.147 0.818 
 40 dong1285    (7)   :  0.018 0.953 0.029 
 41 halh1238   (14)   :  0.026 0.772 0.202 
 42 ogam1239    (0)   :  0.908 0.080 0.012 
 43 cent2126    (7)   :  0.969 0.016 0.015 
 44 yona1241   (14)   :  0.032 0.953 0.016 
 45 kore1280    (0)   :  0.054 0.924 0.022 
 46 tuvi1240    (0)   :  0.017 0.154 0.829 
 47 huzh1238    (7)   :  0.075 0.905 0.020 
 48 khak1248    (0)   :  0.011 0.014 0.975 
 49 oldu1238    (7)   :  0.011 0.018 0.971 
 50 nucl1643    (0)   :  0.977 0.012 0.011 
 51 orok1265   (14)   :  0.035 0.950 0.016 
 52 midd1372   (14)   :  0.020 0.971 0.009 
 53 mogh1245   (28)   :  0.070 0.467 0.463 
 54 uigh1240    (7)   :  0.010 0.014 0.976 
 55 kara1467   (14)   :  0.009 0.019 0.972 
 56 russ1264   (14)   :  0.014 0.025 0.961 
 57 sout2954    (0)   :  0.974 0.016 0.010 
 58 berj1234    (0)   :  0.019 0.962 0.019 
 59 kham1281    (0)   :  0.016 0.044 0.940 
 60 dolg1241    (0)   :  0.011 0.013 0.976 


Estimated Allele Frequencies in each cluster
First column gives estimated ancestral frequencies


Locus 1 : TE003 
2 alleles
3.3% missing data
   1   (0.281) 0.019 0.263 0.976 
   0   (0.719) 0.981 0.737 0.024 

Locus 2 : TE004 
2 alleles
3.3% missing data
   0   (0.657) 0.983 0.641 0.991 
   1   (0.343) 0.017 0.359 0.009 

Locus 3 : TE005 
2 alleles
18.3% missing data
   0   (0.494) 0.971 0.465 0.976 
   1   (0.506) 0.029 0.535 0.024 

Locus 4 : TE006 
2 alleles
26.7% missing data
   0   (0.696) 0.130 0.707 0.984 
   1   (0.304) 0.870 0.293 0.016 

Locus 5 : TE007 
2 alleles
6.7% missing data
   0   (0.734) 0.694 0.740 0.994 
   1   (0.266) 0.306 0.260 0.006 

Locus 6 : TE008 
2 alleles
1.7% missing data
   1   (0.662) 0.897 0.666 0.887 
   0   (0.338) 0.103 0.334 0.113 

Locus 7 : TE031 
2 alleles
1.7% missing data
   1   (0.838) 0.050 0.869 0.872 
   0   (0.162) 0.950 0.131 0.128 

Locus 8 : TE037 
2 alleles
1.7% missing data
   1   (0.408) 0.584 0.392 0.806 
   0   (0.592) 0.416 0.608 0.194 

Locus 9 : TE038 
2 alleles
1.7% missing data
   1   (0.672) 0.044 0.680 0.993 
   0   (0.328) 0.956 0.320 0.007 

Locus 10 : TE039 
2 alleles
5.0% missing data
   1   (0.667) 0.968 0.672 0.544 
   0   (0.333) 0.032 0.328 0.456 

Locus 11 : TE078 
2 alleles
3.3% missing data
   0   (0.821) 0.991 0.821 0.996 
   1   (0.179) 0.009 0.179 0.004 

Locus 12 : TS079 
2 alleles
10.0% missing data
   0   (0.765) 0.989 0.759 0.994 
   1   (0.235) 0.011 0.241 0.006 

Locus 13 : TS080 
2 alleles
10.0% missing data
   0   (0.788) 0.990 0.805 0.104 
   1   (0.212) 0.010 0.195 0.896 

Locus 14 : TS088 
2 alleles
1.7% missing data
   0   (0.601) 0.970 0.590 0.916 
   1   (0.399) 0.030 0.410 0.084 

Values of parameters used in structure:
DATAFILE=phonology_structure,	OUTFILE=outfile_phonology_structure_K3_run6,	NUMINDS=60,	NUMLOCI=14,	MISSING=-9,	LABEL=1,	POPDATA=0,	POPFLAG=0,	PHENOTYPE=0,	EXTRACOLS=0,	MAXPOPS=3,	BURNIN=10000,	NUMREPS=100000,	USEPOPINFO=0,	INFERALPHA=1,	INFERLAMBDA=0,	POPSPECIFICLAMBDA=0,	POPALPHAS=0,	COMPUTEPROB=1,	NOADMIX=0,	ADMBURNIN=500,	UPDATEFREQ=100,	PRINTLIKES=0,	INTERMEDSAVE=0,	PRINTKLD=0,	PRINTNET=1,	PRINTLAMBDA=1,	ANCESTDIST=0,	NUMBOXES=1000,	ANCESTPINT=0.90000,	GENSBACK=2,	MIGRPRIOR=0.01000,	PRINTQHAT=0,	PRINTQSUM=1,	ALPHA=1.0000,	FREQSCORR=1,	FPRIORMEAN=0.0100,	FPRIORSD=0.0500,	ONEFST=0,	LAMBDA=1.0000,	UNIFPRIORALPHA=1,	ALPHAMAX=10.0000,	ALPHAPRIORA=1.0000,	ALPHAPRIORB=2.0000,	ALPHAPROPSD=0.0250,	STARTATPOPINFO=0,	RANDOMIZE=1,	LINKAGE=0,	METROFREQ=10,	REPORTHITRATE=0,	MARKOVPHASE=0,	PHASED=0,	PLOIDY=1,	PHASEINFO=0	LOCPRIOR=0, 	LOCPRIORINIT=1.000000, 	LOCDATA=0, 	LOCISPOP=0, 	LOCPRIORSTEP=0.100000, 	MAXLOCPRIOR=20.000000, 	SEED=1641219581,	
[STRAT parameters]:    NUMSIMSTATS=1000,	PHENOTYPECOL=-9,	POOLFREQ=10,	LOCUSxONLY=0,	EMERROR=0.00100,	MISSINGPHENO=-9,	