

----------------------------------------------------
STRUCTURE by Pritchard, Stephens and Donnelly (2000)
     and Falush, Stephens and Pritchard (2003)
       Code by Pritchard, Falush and Hubisz
             Version 2.3.4 (Jul 2012)
----------------------------------------------------



Command line arguments:   ./structure -m mainparams -K 7 -i phonology_structure -L 14 -o outfile_phonology_structure_K7_run25 
Input File:    phonology_structure

Run parameters:
   60 individuals
   14 loci
   7 populations assumed
   10000 Burn-in period
   100000 Reps


--------------------------------------------
Overall proportion of membership of the
sample in each of the 7 clusters

Inferred Clusters
  1      2      3      4      5      6      7    
0.120  0.156  0.125  0.127  0.180  0.133  0.160  

--------------------------------------------

Allele-freq. divergence among pops (Net nucleotide distance),
computed using point estimates of P.

      1       2       3       4       5       6       7      
 1      -    0.0898  0.0002  0.0003  0.0159  0.0005  0.1091  
 2   0.0898     -    0.0893  0.0944  0.1295  0.0937  0.1699  
 3   0.0002  0.0893     -    0.0007  0.0187  0.0014  0.1108  
 4   0.0003  0.0944  0.0007     -    0.0159  0.0007  0.1083  
 5   0.0159  0.1295  0.0187  0.0159     -    0.0111  0.1532  
 6   0.0005  0.0937  0.0014  0.0007  0.0111     -    0.1104  
 7   0.1091  0.1699  0.1108  0.1083  0.1532  0.1104     -    

Average distances (expected heterozygosity) between individuals in same cluster:
cluster  1  : 0.3682 
cluster  2  : 0.2673 
cluster  3  : 0.3689 
cluster  4  : 0.3700 
cluster  5  : 0.2812 
cluster  6  : 0.3584 
cluster  7  : 0.2170 

--------------------------------------------
Estimated Ln Prob of Data   = -3202.5
Mean value of ln likelihood = -272.3
Variance of ln likelihood   = 5860.5
Mean value of alpha         = 0.7596

Mean value of Fst_1         = 0.2048
Mean value of Fst_2         = 0.4703
Mean value of Fst_3         = 0.1824
Mean value of Fst_4         = 0.2115
Mean value of Fst_5         = 0.4118
Mean value of Fst_6         = 0.2383
Mean value of Fst_7         = 0.5613


Inferred ancestry of individuals:
        Label (%Miss) :  Inferred clusters
  1 torg1245   (21)   :  0.160 0.043 0.160 0.144 0.260 0.190 0.044 
  2 oldj1239   (14)   :  0.124 0.308 0.131 0.130 0.096 0.132 0.079 
  3 crim1257    (0)   :  0.094 0.037 0.073 0.133 0.475 0.153 0.036 
  4 bash1264    (7)   :  0.096 0.037 0.073 0.135 0.476 0.147 0.036 
  5 anat1259    (0)   :  0.094 0.037 0.073 0.133 0.467 0.148 0.050 
  6 okin1246    (0)   :  0.040 0.037 0.039 0.039 0.039 0.041 0.765 
  7 yaku1245    (0)   :  0.187 0.060 0.219 0.152 0.153 0.186 0.042 
  8 daur1238    (0)   :  0.207 0.041 0.256 0.188 0.111 0.160 0.037 
  9 east2337   (14)   :  0.195 0.048 0.210 0.207 0.113 0.188 0.039 
 10 ikem1235    (7)   :  0.044 0.037 0.043 0.044 0.038 0.045 0.749 
 11 sibe1251    (0)   :  0.045 0.748 0.044 0.041 0.044 0.043 0.036 
 12 nort2697    (0)   :  0.097 0.036 0.074 0.132 0.458 0.152 0.050 
 13 bona1250    (0)   :  0.193 0.060 0.185 0.206 0.101 0.190 0.065 
 14 ulch1241   (14)   :  0.118 0.364 0.142 0.114 0.098 0.124 0.039 
 15 nort2935   (14)   :  0.045 0.047 0.046 0.047 0.041 0.047 0.727 
 16 gaga1249    (0)   :  0.123 0.040 0.131 0.141 0.321 0.171 0.073 
 17 tara1319    (0)   :  0.041 0.036 0.040 0.041 0.038 0.043 0.760 
 18 moma1245   (21)   :  0.060 0.679 0.057 0.056 0.051 0.057 0.041 
 19 manc1252    (0)   :  0.146 0.191 0.142 0.149 0.167 0.157 0.048 
 20 shor1247    (0)   :  0.159 0.039 0.168 0.145 0.264 0.185 0.038 
 21 kaza1248    (0)   :  0.091 0.036 0.067 0.134 0.483 0.153 0.036 
 22 midd1351   (14)   :  0.134 0.050 0.105 0.164 0.336 0.163 0.049 
 23 chag1247   (71)   :  0.171 0.059 0.175 0.177 0.158 0.170 0.089 
 24 huih1238   (14)   :  0.079 0.595 0.076 0.068 0.063 0.071 0.047 
 25 ordo1245    (0)   :  0.199 0.041 0.262 0.188 0.111 0.161 0.037 
 26 turk1303    (0)   :  0.158 0.040 0.166 0.139 0.273 0.185 0.038 
 27 negi1245    (0)   :  0.041 0.743 0.044 0.042 0.039 0.042 0.048 
 28 nana1257    (0)   :  0.047 0.729 0.048 0.046 0.043 0.046 0.041 
 29 nort2690    (7)   :  0.163 0.040 0.145 0.184 0.214 0.179 0.075 
 30 shur1243    (0)   :  0.042 0.042 0.042 0.042 0.037 0.041 0.755 
 31 minh1238    (0)   :  0.177 0.037 0.200 0.209 0.112 0.183 0.082 
 32 udih1248    (0)   :  0.056 0.682 0.058 0.054 0.048 0.057 0.045 
 33 oira1262   (14)   :  0.181 0.042 0.217 0.178 0.153 0.189 0.040 
 34 hate1238    (7)   :  0.072 0.054 0.064 0.065 0.068 0.073 0.604 
 35 tata1255    (0)   :  0.094 0.037 0.066 0.133 0.482 0.152 0.036 
 36 turk1304    (0)   :  0.151 0.040 0.167 0.145 0.268 0.191 0.038 
 37 oroc1248    (0)   :  0.050 0.702 0.049 0.051 0.050 0.053 0.043 
 38 chuv1255    (0)   :  0.169 0.041 0.195 0.177 0.202 0.167 0.049 
 39 noga1249   (14)   :  0.127 0.050 0.104 0.166 0.339 0.165 0.049 
 40 dong1285    (7)   :  0.179 0.045 0.214 0.216 0.114 0.190 0.042 
 41 halh1238   (14)   :  0.202 0.046 0.207 0.204 0.115 0.184 0.043 
 42 ogam1239    (0)   :  0.072 0.039 0.074 0.081 0.053 0.077 0.605 
 43 cent2126    (7)   :  0.040 0.039 0.041 0.042 0.041 0.041 0.755 
 44 yona1241   (14)   :  0.186 0.052 0.211 0.207 0.108 0.182 0.054 
 45 kore1280    (0)   :  0.184 0.038 0.214 0.206 0.109 0.195 0.053 
 46 tuvi1240    (0)   :  0.202 0.047 0.252 0.173 0.115 0.172 0.039 
 47 huzh1238    (7)   :  0.192 0.039 0.194 0.229 0.116 0.172 0.058 
 48 khak1248    (0)   :  0.163 0.039 0.164 0.141 0.269 0.186 0.038 
 49 oldu1238    (7)   :  0.153 0.042 0.168 0.139 0.269 0.191 0.038 
 50 nucl1643    (0)   :  0.039 0.038 0.039 0.039 0.039 0.040 0.765 
 51 orok1265   (14)   :  0.039 0.763 0.039 0.039 0.039 0.039 0.042 
 52 midd1372   (14)   :  0.189 0.044 0.208 0.208 0.112 0.196 0.044 
 53 mogh1245   (28)   :  0.145 0.093 0.130 0.153 0.255 0.162 0.061 
 54 uigh1240    (7)   :  0.093 0.037 0.070 0.135 0.475 0.153 0.037 
 55 kara1467   (14)   :  0.096 0.038 0.068 0.135 0.473 0.152 0.037 
 56 russ1264   (14)   :  0.155 0.043 0.161 0.140 0.270 0.191 0.040 
 57 sout2954    (0)   :  0.040 0.041 0.042 0.041 0.038 0.041 0.756 
 58 berj1234    (0)   :  0.043 0.752 0.043 0.041 0.040 0.042 0.039 
 59 kham1281    (0)   :  0.194 0.060 0.216 0.156 0.152 0.180 0.042 
 60 dolg1241    (0)   :  0.150 0.039 0.163 0.138 0.278 0.193 0.038 


Estimated Allele Frequencies in each cluster
First column gives estimated ancestral frequencies


Locus 1 : TE003 
2 alleles
3.3% missing data
   1   (0.474) 0.589 0.165 0.589 0.588 0.744 0.612 0.137 
   0   (0.526) 0.411 0.835 0.411 0.412 0.256 0.388 0.863 

Locus 2 : TE004 
2 alleles
3.3% missing data
   0   (0.828) 0.871 0.428 0.873 0.881 0.916 0.882 0.958 
   1   (0.172) 0.129 0.572 0.127 0.119 0.084 0.118 0.042 

Locus 3 : TE005 
2 alleles
18.3% missing data
   0   (0.766) 0.822 0.255 0.814 0.823 0.883 0.830 0.940 
   1   (0.234) 0.178 0.745 0.186 0.177 0.117 0.170 0.060 

Locus 4 : TE006 
2 alleles
26.7% missing data
   0   (0.632) 0.712 0.917 0.708 0.698 0.827 0.722 0.236 
   1   (0.368) 0.288 0.083 0.292 0.302 0.173 0.278 0.764 

Locus 5 : TE007 
2 alleles
6.7% missing data
   0   (0.752) 0.800 0.949 0.810 0.790 0.898 0.809 0.743 
   1   (0.248) 0.200 0.051 0.190 0.210 0.102 0.191 0.257 

Locus 6 : TE008 
2 alleles
1.7% missing data
   1   (0.629) 0.674 0.929 0.645 0.671 0.815 0.716 0.904 
   0   (0.371) 0.326 0.071 0.355 0.329 0.185 0.284 0.096 

Locus 7 : TE031 
2 alleles
1.7% missing data
   1   (0.770) 0.812 0.929 0.812 0.808 0.808 0.811 0.192 
   0   (0.230) 0.188 0.071 0.188 0.192 0.192 0.189 0.808 

Locus 8 : TE037 
2 alleles
1.7% missing data
   1   (0.528) 0.568 0.214 0.537 0.593 0.752 0.617 0.606 
   0   (0.472) 0.432 0.786 0.463 0.407 0.248 0.383 0.394 

Locus 9 : TE038 
2 alleles
1.7% missing data
   1   (0.690) 0.763 0.674 0.767 0.759 0.862 0.765 0.182 
   0   (0.310) 0.237 0.326 0.233 0.241 0.138 0.235 0.818 

Locus 10 : TE039 
2 alleles
5.0% missing data
   1   (0.607) 0.640 0.878 0.666 0.600 0.442 0.615 0.905 
   0   (0.393) 0.360 0.122 0.334 0.400 0.558 0.385 0.095 

Locus 11 : TE078 
2 alleles
3.3% missing data
   0   (0.830) 0.867 0.969 0.864 0.866 0.922 0.876 0.973 
   1   (0.170) 0.133 0.031 0.136 0.134 0.078 0.124 0.027 

Locus 12 : TS079 
2 alleles
10.0% missing data
   0   (0.872) 0.903 0.582 0.909 0.908 0.949 0.908 0.973 
   1   (0.128) 0.097 0.418 0.091 0.092 0.051 0.092 0.027 

Locus 13 : TS080 
2 alleles
10.0% missing data
   0   (0.666) 0.536 0.721 0.535 0.562 0.348 0.514 0.890 
   1   (0.334) 0.464 0.279 0.465 0.438 0.652 0.486 0.110 

Locus 14 : TS088 
2 alleles
1.7% missing data
   0   (0.581) 0.640 0.922 0.616 0.621 0.803 0.676 0.930 
   1   (0.419) 0.360 0.078 0.384 0.379 0.197 0.324 0.070 

Values of parameters used in structure:
DATAFILE=phonology_structure,	OUTFILE=outfile_phonology_structure_K7_run25,	NUMINDS=60,	NUMLOCI=14,	MISSING=-9,	LABEL=1,	POPDATA=0,	POPFLAG=0,	PHENOTYPE=0,	EXTRACOLS=0,	MAXPOPS=7,	BURNIN=10000,	NUMREPS=100000,	USEPOPINFO=0,	INFERALPHA=1,	INFERLAMBDA=0,	POPSPECIFICLAMBDA=0,	POPALPHAS=0,	COMPUTEPROB=1,	NOADMIX=0,	ADMBURNIN=500,	UPDATEFREQ=100,	PRINTLIKES=0,	INTERMEDSAVE=0,	PRINTKLD=0,	PRINTNET=1,	PRINTLAMBDA=1,	ANCESTDIST=0,	NUMBOXES=1000,	ANCESTPINT=0.90000,	GENSBACK=2,	MIGRPRIOR=0.01000,	PRINTQHAT=0,	PRINTQSUM=1,	ALPHA=1.0000,	FREQSCORR=1,	FPRIORMEAN=0.0100,	FPRIORSD=0.0500,	ONEFST=0,	LAMBDA=1.0000,	UNIFPRIORALPHA=1,	ALPHAMAX=10.0000,	ALPHAPRIORA=1.0000,	ALPHAPRIORB=2.0000,	ALPHAPROPSD=0.0250,	STARTATPOPINFO=0,	RANDOMIZE=1,	LINKAGE=0,	METROFREQ=10,	REPORTHITRATE=0,	MARKOVPHASE=0,	PHASED=0,	PLOIDY=1,	PHASEINFO=0	LOCPRIOR=0, 	LOCPRIORINIT=1.000000, 	LOCDATA=0, 	LOCISPOP=0, 	LOCPRIORSTEP=0.100000, 	MAXLOCPRIOR=20.000000, 	SEED=1641265978,	
[STRAT parameters]:    NUMSIMSTATS=1000,	PHENOTYPECOL=-9,	POOLFREQ=10,	LOCUSxONLY=0,	EMERROR=0.00100,	MISSINGPHENO=-9,	