

----------------------------------------------------
STRUCTURE by Pritchard, Stephens and Donnelly (2000)
     and Falush, Stephens and Pritchard (2003)
       Code by Pritchard, Falush and Hubisz
             Version 2.3.4 (Jul 2012)
----------------------------------------------------



Command line arguments:   ./structure -m mainparams -K 4 -i phonology_structure -L 14 -o outfile_phonology_structure_K4_run45 
Input File:    phonology_structure

Run parameters:
   60 individuals
   14 loci
   4 populations assumed
   10000 Burn-in period
   100000 Reps


--------------------------------------------
Overall proportion of membership of the
sample in each of the 4 clusters

Inferred Clusters
  1      2      3      4    
0.404  0.228  0.177  0.191  

--------------------------------------------

Allele-freq. divergence among pops (Net nucleotide distance),
computed using point estimates of P.

      1       2       3       4      
 1      -    0.1455  0.3183  0.2376  
 2   0.1455     -    0.1647  0.1414  
 3   0.3183  0.1647     -    0.2586  
 4   0.2376  0.1414  0.2586     -    

Average distances (expected heterozygosity) between individuals in same cluster:
cluster  1  : 0.1031 
cluster  2  : 0.4101 
cluster  3  : 0.1195 
cluster  4  : 0.2164 

--------------------------------------------
Estimated Ln Prob of Data   = -272.4
Mean value of ln likelihood = -238.3
Variance of ln likelihood   = 68.2
Mean value of alpha         = 0.0446

Mean value of Fst_1         = 0.6828
Mean value of Fst_2         = 0.0558
Mean value of Fst_3         = 0.6944
Mean value of Fst_4         = 0.5300


Inferred ancestry of individuals:
        Label (%Miss) :  Inferred clusters
  1 torg1245   (21)   :  0.937 0.029 0.016 0.019 
  2 oldj1239   (14)   :  0.032 0.248 0.063 0.657 
  3 crim1257    (0)   :  0.971 0.013 0.007 0.009 
  4 bash1264    (7)   :  0.971 0.013 0.007 0.009 
  5 anat1259    (0)   :  0.952 0.018 0.023 0.007 
  6 okin1246    (0)   :  0.010 0.010 0.971 0.009 
  7 yaku1245    (0)   :  0.857 0.059 0.017 0.066 
  8 daur1238    (0)   :  0.302 0.668 0.009 0.022 
  9 east2337   (14)   :  0.019 0.946 0.011 0.024 
 10 ikem1235    (7)   :  0.009 0.017 0.965 0.009 
 11 sibe1251    (0)   :  0.020 0.012 0.006 0.962 
 12 nort2697    (0)   :  0.951 0.018 0.023 0.007 
 13 bona1250    (0)   :  0.013 0.874 0.053 0.059 
 14 ulch1241   (14)   :  0.228 0.101 0.011 0.660 
 15 nort2935   (14)   :  0.011 0.019 0.948 0.021 
 16 gaga1249    (0)   :  0.936 0.020 0.035 0.010 
 17 tara1319    (0)   :  0.008 0.012 0.973 0.007 
 18 moma1245   (21)   :  0.022 0.038 0.014 0.925 
 19 manc1252    (0)   :  0.195 0.332 0.031 0.441 
 20 shor1247    (0)   :  0.965 0.014 0.009 0.012 
 21 kaza1248    (0)   :  0.971 0.013 0.007 0.009 
 22 midd1351   (14)   :  0.766 0.149 0.034 0.051 
 23 chag1247   (71)   :  0.268 0.543 0.121 0.068 
 24 huih1238   (14)   :  0.052 0.059 0.026 0.863 
 25 ordo1245    (0)   :  0.306 0.664 0.009 0.020 
 26 turk1303    (0)   :  0.967 0.012 0.010 0.011 
 27 negi1245    (0)   :  0.008 0.015 0.022 0.954 
 28 nana1257    (0)   :  0.013 0.016 0.012 0.959 
 29 nort2690    (7)   :  0.412 0.458 0.109 0.021 
 30 shur1243    (0)   :  0.008 0.014 0.965 0.014 
 31 minh1238    (0)   :  0.010 0.912 0.070 0.009 
 32 udih1248    (0)   :  0.025 0.025 0.018 0.932 
 33 oira1262   (14)   :  0.693 0.270 0.013 0.024 
 34 hate1238    (7)   :  0.061 0.047 0.845 0.047 
 35 tata1255    (0)   :  0.970 0.013 0.007 0.009 
 36 turk1304    (0)   :  0.966 0.013 0.010 0.011 
 37 oroc1248    (0)   :  0.025 0.027 0.018 0.930 
 38 chuv1255    (0)   :  0.593 0.357 0.032 0.017 
 39 noga1249   (14)   :  0.775 0.142 0.032 0.051 
 40 dong1285    (7)   :  0.019 0.935 0.016 0.029 
 41 halh1238   (14)   :  0.078 0.880 0.016 0.025 
 42 ogam1239    (0)   :  0.008 0.139 0.841 0.011 
 43 cent2126    (7)   :  0.013 0.013 0.963 0.011 
 44 yona1241   (14)   :  0.012 0.908 0.032 0.047 
 45 kore1280    (0)   :  0.011 0.952 0.027 0.010 
 46 tuvi1240    (0)   :  0.612 0.326 0.016 0.046 
 47 huzh1238    (7)   :  0.012 0.938 0.037 0.014 
 48 khak1248    (0)   :  0.964 0.014 0.010 0.012 
 49 oldu1238    (7)   :  0.958 0.016 0.010 0.017 
 50 nucl1643    (0)   :  0.010 0.011 0.970 0.009 
 51 orok1265   (14)   :  0.009 0.014 0.016 0.962 
 52 midd1372   (14)   :  0.007 0.957 0.016 0.020 
 53 mogh1245   (28)   :  0.478 0.228 0.060 0.233 
 54 uigh1240    (7)   :  0.967 0.015 0.009 0.009 
 55 kara1467   (14)   :  0.965 0.015 0.008 0.012 
 56 russ1264   (14)   :  0.947 0.022 0.012 0.019 
 57 sout2954    (0)   :  0.008 0.014 0.964 0.014 
 58 berj1234    (0)   :  0.011 0.015 0.010 0.964 
 59 kham1281    (0)   :  0.866 0.051 0.018 0.065 
 60 dolg1241    (0)   :  0.967 0.012 0.009 0.012 


Estimated Allele Frequencies in each cluster
First column gives estimated ancestral frequencies


Locus 1 : TE003 
2 alleles
3.3% missing data
   1   (0.429) 0.982 0.439 0.025 0.087 
   0   (0.571) 0.018 0.561 0.975 0.913 

Locus 2 : TE004 
2 alleles
3.3% missing data
   0   (0.796) 0.995 0.827 0.990 0.385 
   1   (0.204) 0.005 0.173 0.010 0.615 

Locus 3 : TE005 
2 alleles
18.3% missing data
   0   (0.758) 0.992 0.786 0.988 0.151 
   1   (0.242) 0.008 0.214 0.012 0.849 

Locus 4 : TE006 
2 alleles
26.7% missing data
   0   (0.593) 0.984 0.549 0.114 0.963 
   1   (0.407) 0.016 0.451 0.886 0.037 

Locus 5 : TE007 
2 alleles
6.7% missing data
   0   (0.680) 0.993 0.645 0.704 0.969 
   1   (0.320) 0.007 0.355 0.296 0.031 

Locus 6 : TE008 
2 alleles
1.7% missing data
   1   (0.554) 0.937 0.479 0.910 0.959 
   0   (0.446) 0.063 0.521 0.090 0.041 

Locus 7 : TE031 
2 alleles
1.7% missing data
   1   (0.750) 0.867 0.799 0.039 0.979 
   0   (0.250) 0.133 0.201 0.961 0.021 

Locus 8 : TE037 
2 alleles
1.7% missing data
   1   (0.481) 0.874 0.482 0.604 0.145 
   0   (0.519) 0.126 0.518 0.396 0.855 

Locus 9 : TE038 
2 alleles
1.7% missing data
   1   (0.661) 0.993 0.694 0.036 0.675 
   0   (0.339) 0.007 0.306 0.964 0.325 

Locus 10 : TE039 
2 alleles
5.0% missing data
   1   (0.596) 0.516 0.574 0.968 0.878 
   0   (0.404) 0.484 0.426 0.032 0.122 

Locus 11 : TE078 
2 alleles
3.3% missing data
   0   (0.774) 0.995 0.739 0.990 0.980 
   1   (0.226) 0.005 0.261 0.010 0.020 

Locus 12 : TS079 
2 alleles
10.0% missing data
   0   (0.836) 0.996 0.867 0.993 0.549 
   1   (0.164) 0.004 0.133 0.007 0.451 

Locus 13 : TS080 
2 alleles
10.0% missing data
   0   (0.717) 0.082 0.761 0.987 0.766 
   1   (0.283) 0.918 0.239 0.013 0.234 

Locus 14 : TS088 
2 alleles
1.7% missing data
   0   (0.471) 0.954 0.357 0.972 0.951 
   1   (0.529) 0.046 0.643 0.028 0.049 

Values of parameters used in structure:
DATAFILE=phonology_structure,	OUTFILE=outfile_phonology_structure_K4_run45,	NUMINDS=60,	NUMLOCI=14,	MISSING=-9,	LABEL=1,	POPDATA=0,	POPFLAG=0,	PHENOTYPE=0,	EXTRACOLS=0,	MAXPOPS=4,	BURNIN=10000,	NUMREPS=100000,	USEPOPINFO=0,	INFERALPHA=1,	INFERLAMBDA=0,	POPSPECIFICLAMBDA=0,	POPALPHAS=0,	COMPUTEPROB=1,	NOADMIX=0,	ADMBURNIN=500,	UPDATEFREQ=100,	PRINTLIKES=0,	INTERMEDSAVE=0,	PRINTKLD=0,	PRINTNET=1,	PRINTLAMBDA=1,	ANCESTDIST=0,	NUMBOXES=1000,	ANCESTPINT=0.90000,	GENSBACK=2,	MIGRPRIOR=0.01000,	PRINTQHAT=0,	PRINTQSUM=1,	ALPHA=1.0000,	FREQSCORR=1,	FPRIORMEAN=0.0100,	FPRIORSD=0.0500,	ONEFST=0,	LAMBDA=1.0000,	UNIFPRIORALPHA=1,	ALPHAMAX=10.0000,	ALPHAPRIORA=1.0000,	ALPHAPRIORB=2.0000,	ALPHAPROPSD=0.0250,	STARTATPOPINFO=0,	RANDOMIZE=1,	LINKAGE=0,	METROFREQ=10,	REPORTHITRATE=0,	MARKOVPHASE=0,	PHASED=0,	PLOIDY=1,	PHASEINFO=0	LOCPRIOR=0, 	LOCPRIORINIT=1.000000, 	LOCDATA=0, 	LOCISPOP=0, 	LOCPRIORSTEP=0.100000, 	MAXLOCPRIOR=20.000000, 	SEED=1641289935,	
[STRAT parameters]:    NUMSIMSTATS=1000,	PHENOTYPECOL=-9,	POOLFREQ=10,	LOCUSxONLY=0,	EMERROR=0.00100,	MISSINGPHENO=-9,	