

----------------------------------------------------
STRUCTURE by Pritchard, Stephens and Donnelly (2000)
     and Falush, Stephens and Pritchard (2003)
       Code by Pritchard, Falush and Hubisz
             Version 2.3.4 (Jul 2012)
----------------------------------------------------



Command line arguments:   ./structure -m mainparams -K 5 -i phonology_structure -L 14 -o outfile_phonology_structure_K5_run13 
Input File:    phonology_structure

Run parameters:
   60 individuals
   14 loci
   5 populations assumed
   10000 Burn-in period
   100000 Reps


--------------------------------------------
Overall proportion of membership of the
sample in each of the 5 clusters

Inferred Clusters
  1      2      3      4      5    
0.178  0.173  0.178  0.219  0.253  

--------------------------------------------

Allele-freq. divergence among pops (Net nucleotide distance),
computed using point estimates of P.

      1       2       3       4       5      
 1      -    0.2658  0.1426  0.1815  0.1936  
 2   0.2658     -    0.1633  0.2493  0.2480  
 3   0.1426  0.1633     -    0.0447  0.0518  
 4   0.1815  0.2493  0.0447     -    0.0052  
 5   0.1936  0.2480  0.0518  0.0052     -    

Average distances (expected heterozygosity) between individuals in same cluster:
cluster  1  : 0.2046 
cluster  2  : 0.1165 
cluster  3  : 0.4041 
cluster  4  : 0.2596 
cluster  5  : 0.2476 

--------------------------------------------
Estimated Ln Prob of Data   = -324.2
Mean value of ln likelihood = -227.2
Variance of ln likelihood   = 194.1
Mean value of alpha         = 0.0415

Mean value of Fst_1         = 0.5483
Mean value of Fst_2         = 0.6968
Mean value of Fst_3         = 0.1584
Mean value of Fst_4         = 0.5115
Mean value of Fst_5         = 0.5431


Inferred ancestry of individuals:
        Label (%Miss) :  Inferred clusters
  1 torg1245   (21)   :  0.017 0.018 0.105 0.410 0.450 
  2 oldj1239   (14)   :  0.544 0.063 0.238 0.068 0.087 
  3 crim1257    (0)   :  0.008 0.006 0.092 0.326 0.567 
  4 bash1264    (7)   :  0.007 0.007 0.090 0.324 0.571 
  5 anat1259    (0)   :  0.007 0.023 0.088 0.323 0.560 
  6 okin1246    (0)   :  0.008 0.963 0.011 0.008 0.010 
  7 yaku1245    (0)   :  0.048 0.014 0.101 0.501 0.335 
  8 daur1238    (0)   :  0.012 0.007 0.243 0.498 0.239 
  9 east2337   (14)   :  0.026 0.011 0.635 0.157 0.172 
 10 ikem1235    (7)   :  0.007 0.957 0.015 0.010 0.010 
 11 sibe1251    (0)   :  0.947 0.006 0.012 0.017 0.018 
 12 nort2697    (0)   :  0.006 0.022 0.086 0.323 0.562 
 13 bona1250    (0)   :  0.044 0.042 0.627 0.125 0.161 
 14 ulch1241   (14)   :  0.529 0.011 0.099 0.210 0.151 
 15 nort2935   (14)   :  0.018 0.939 0.017 0.013 0.013 
 16 gaga1249    (0)   :  0.010 0.046 0.087 0.363 0.494 
 17 tara1319    (0)   :  0.007 0.963 0.014 0.008 0.008 
 18 moma1245   (21)   :  0.887 0.013 0.040 0.033 0.027 
 19 manc1252    (0)   :  0.354 0.025 0.267 0.138 0.216 
 20 shor1247    (0)   :  0.011 0.009 0.095 0.415 0.469 
 21 kaza1248    (0)   :  0.008 0.007 0.091 0.322 0.574 
 22 midd1351   (14)   :  0.032 0.027 0.160 0.291 0.490 
 23 chag1247   (71)   :  0.049 0.102 0.346 0.239 0.264 
 24 huih1238   (14)   :  0.826 0.023 0.050 0.054 0.047 
 25 ordo1245    (0)   :  0.014 0.007 0.231 0.507 0.241 
 26 turk1303    (0)   :  0.012 0.009 0.090 0.425 0.464 
 27 negi1245    (0)   :  0.948 0.019 0.013 0.010 0.010 
 28 nana1257    (0)   :  0.938 0.012 0.020 0.016 0.014 
 29 nort2690    (7)   :  0.015 0.084 0.330 0.236 0.335 
 30 shur1243    (0)   :  0.013 0.956 0.012 0.009 0.010 
 31 minh1238    (0)   :  0.008 0.067 0.622 0.130 0.173 
 32 udih1248    (0)   :  0.906 0.016 0.029 0.026 0.023 
 33 oira1262   (14)   :  0.016 0.011 0.169 0.475 0.329 
 34 hate1238    (7)   :  0.038 0.814 0.052 0.045 0.051 
 35 tata1255    (0)   :  0.008 0.007 0.087 0.323 0.576 
 36 turk1304    (0)   :  0.012 0.010 0.092 0.420 0.467 
 37 oroc1248    (0)   :  0.912 0.016 0.025 0.021 0.025 
 38 chuv1255    (0)   :  0.015 0.031 0.248 0.379 0.328 
 39 noga1249   (14)   :  0.033 0.027 0.160 0.291 0.488 
 40 dong1285    (7)   :  0.022 0.014 0.625 0.150 0.189 
 41 halh1238   (14)   :  0.024 0.019 0.473 0.287 0.197 
 42 ogam1239    (0)   :  0.011 0.811 0.106 0.036 0.036 
 43 cent2126    (7)   :  0.010 0.954 0.013 0.012 0.012 
 44 yona1241   (14)   :  0.035 0.030 0.625 0.136 0.174 
 45 kore1280    (0)   :  0.010 0.028 0.618 0.170 0.175 
 46 tuvi1240    (0)   :  0.025 0.011 0.180 0.519 0.265 
 47 huzh1238    (7)   :  0.012 0.033 0.648 0.136 0.171 
 48 khak1248    (0)   :  0.011 0.010 0.093 0.419 0.467 
 49 oldu1238    (7)   :  0.014 0.009 0.096 0.413 0.467 
 50 nucl1643    (0)   :  0.009 0.963 0.011 0.009 0.009 
 51 orok1265   (14)   :  0.958 0.013 0.010 0.009 0.009 
 52 midd1372   (14)   :  0.019 0.013 0.660 0.129 0.179 
 53 mogh1245   (28)   :  0.160 0.052 0.217 0.213 0.359 
 54 uigh1240    (7)   :  0.008 0.008 0.089 0.326 0.570 
 55 kara1467   (14)   :  0.009 0.008 0.091 0.322 0.570 
 56 russ1264   (14)   :  0.017 0.013 0.100 0.421 0.450 
 57 sout2954    (0)   :  0.013 0.956 0.012 0.010 0.009 
 58 berj1234    (0)   :  0.951 0.010 0.014 0.013 0.013 
 59 kham1281    (0)   :  0.044 0.015 0.106 0.503 0.334 
 60 dolg1241    (0)   :  0.012 0.009 0.097 0.408 0.475 


Estimated Allele Frequencies in each cluster
First column gives estimated ancestral frequencies


Locus 1 : TE003 
2 alleles
3.3% missing data
   1   (0.424) 0.069 0.024 0.480 0.838 0.826 
   0   (0.576) 0.931 0.976 0.520 0.162 0.174 

Locus 2 : TE004 
2 alleles
3.3% missing data
   0   (0.812) 0.350 0.991 0.861 0.954 0.951 
   1   (0.188) 0.650 0.009 0.139 0.046 0.049 

Locus 3 : TE005 
2 alleles
18.3% missing data
   0   (0.736) 0.133 0.986 0.784 0.921 0.926 
   1   (0.264) 0.867 0.014 0.216 0.079 0.074 

Locus 4 : TE006 
2 alleles
26.7% missing data
   0   (0.604) 0.965 0.109 0.585 0.867 0.866 
   1   (0.396) 0.035 0.891 0.415 0.133 0.134 

Locus 5 : TE007 
2 alleles
6.7% missing data
   0   (0.684) 0.970 0.706 0.670 0.905 0.901 
   1   (0.316) 0.030 0.294 0.330 0.095 0.099 

Locus 6 : TE008 
2 alleles
1.7% missing data
   1   (0.592) 0.964 0.922 0.555 0.692 0.808 
   0   (0.408) 0.036 0.078 0.445 0.308 0.192 

Locus 7 : TE031 
2 alleles
1.7% missing data
   1   (0.751) 0.979 0.039 0.813 0.872 0.845 
   0   (0.249) 0.021 0.961 0.187 0.128 0.155 

Locus 8 : TE037 
2 alleles
1.7% missing data
   1   (0.502) 0.133 0.607 0.541 0.615 0.766 
   0   (0.498) 0.867 0.393 0.459 0.385 0.234 

Locus 9 : TE038 
2 alleles
1.7% missing data
   1   (0.675) 0.664 0.036 0.731 0.918 0.912 
   0   (0.325) 0.336 0.964 0.269 0.082 0.088 

Locus 10 : TE039 
2 alleles
5.0% missing data
   1   (0.601) 0.905 0.969 0.561 0.657 0.489 
   0   (0.399) 0.095 0.031 0.439 0.343 0.511 

Locus 11 : TE078 
2 alleles
3.3% missing data
   0   (0.795) 0.982 0.990 0.775 0.935 0.930 
   1   (0.205) 0.018 0.010 0.225 0.065 0.070 

Locus 12 : TS079 
2 alleles
10.0% missing data
   0   (0.841) 0.524 0.993 0.888 0.963 0.963 
   1   (0.159) 0.476 0.007 0.112 0.037 0.037 

Locus 13 : TS080 
2 alleles
10.0% missing data
   0   (0.712) 0.770 0.987 0.691 0.274 0.292 
   1   (0.288) 0.230 0.013 0.309 0.726 0.708 

Locus 14 : TS088 
2 alleles
1.7% missing data
   0   (0.534) 0.959 0.976 0.468 0.708 0.787 
   1   (0.466) 0.041 0.024 0.532 0.292 0.213 

Values of parameters used in structure:
DATAFILE=phonology_structure,	OUTFILE=outfile_phonology_structure_K5_run13,	NUMINDS=60,	NUMLOCI=14,	MISSING=-9,	LABEL=1,	POPDATA=0,	POPFLAG=0,	PHENOTYPE=0,	EXTRACOLS=0,	MAXPOPS=5,	BURNIN=10000,	NUMREPS=100000,	USEPOPINFO=0,	INFERALPHA=1,	INFERLAMBDA=0,	POPSPECIFICLAMBDA=0,	POPALPHAS=0,	COMPUTEPROB=1,	NOADMIX=0,	ADMBURNIN=500,	UPDATEFREQ=100,	PRINTLIKES=0,	INTERMEDSAVE=0,	PRINTKLD=0,	PRINTNET=1,	PRINTLAMBDA=1,	ANCESTDIST=0,	NUMBOXES=1000,	ANCESTPINT=0.90000,	GENSBACK=2,	MIGRPRIOR=0.01000,	PRINTQHAT=0,	PRINTQSUM=1,	ALPHA=1.0000,	FREQSCORR=1,	FPRIORMEAN=0.0100,	FPRIORSD=0.0500,	ONEFST=0,	LAMBDA=1.0000,	UNIFPRIORALPHA=1,	ALPHAMAX=10.0000,	ALPHAPRIORA=1.0000,	ALPHAPRIORB=2.0000,	ALPHAPROPSD=0.0250,	STARTATPOPINFO=0,	RANDOMIZE=1,	LINKAGE=0,	METROFREQ=10,	REPORTHITRATE=0,	MARKOVPHASE=0,	PHASED=0,	PLOIDY=1,	PHASEINFO=0	LOCPRIOR=0, 	LOCPRIORINIT=1.000000, 	LOCDATA=0, 	LOCISPOP=0, 	LOCPRIORSTEP=0.100000, 	MAXLOCPRIOR=20.000000, 	SEED=1641238099,	
[STRAT parameters]:    NUMSIMSTATS=1000,	PHENOTYPECOL=-9,	POOLFREQ=10,	LOCUSxONLY=0,	EMERROR=0.00100,	MISSINGPHENO=-9,	