

----------------------------------------------------
STRUCTURE by Pritchard, Stephens and Donnelly (2000)
     and Falush, Stephens and Pritchard (2003)
       Code by Pritchard, Falush and Hubisz
             Version 2.3.4 (Jul 2012)
----------------------------------------------------



Command line arguments:   ./structure -m mainparams -K 7 -i phonology_structure -L 14 -o outfile_phonology_structure_K7_run28 
Input File:    phonology_structure

Run parameters:
   60 individuals
   14 loci
   7 populations assumed
   10000 Burn-in period
   100000 Reps


--------------------------------------------
Overall proportion of membership of the
sample in each of the 7 clusters

Inferred Clusters
  1      2      3      4      5      6      7    
0.163  0.156  0.107  0.092  0.092  0.179  0.211  

--------------------------------------------

Allele-freq. divergence among pops (Net nucleotide distance),
computed using point estimates of P.

      1       2       3       4       5       6       7      
 1      -    0.2790  0.1677  0.1456  0.1504  0.2552  0.2988  
 2   0.2790     -    0.1382  0.1255  0.1295  0.2038  0.2397  
 3   0.1677  0.1382     -    0.0037  0.0032  0.0407  0.0693  
 4   0.1456  0.1255  0.0037     -    0.0001  0.0648  0.0969  
 5   0.1504  0.1295  0.0032  0.0001     -    0.0646  0.0969  
 6   0.2552  0.2038  0.0407  0.0648  0.0646     -    0.0075  
 7   0.2988  0.2397  0.0693  0.0969  0.0969  0.0075     -    

Average distances (expected heterozygosity) between individuals in same cluster:
cluster  1  : 0.1084 
cluster  2  : 0.1949 
cluster  3  : 0.3984 
cluster  4  : 0.4224 
cluster  5  : 0.4197 
cluster  6  : 0.2334 
cluster  7  : 0.1634 

--------------------------------------------
Estimated Ln Prob of Data   = -343.8
Mean value of ln likelihood = -235.6
Variance of ln likelihood   = 216.4
Mean value of alpha         = 0.0394

Mean value of Fst_1         = 0.7197
Mean value of Fst_2         = 0.5745
Mean value of Fst_3         = 0.1783
Mean value of Fst_4         = 0.0017
Mean value of Fst_5         = 0.0408
Mean value of Fst_6         = 0.5677
Mean value of Fst_7         = 0.6974


Inferred ancestry of individuals:
        Label (%Miss) :  Inferred clusters
  1 torg1245   (21)   :  0.016 0.015 0.091 0.028 0.028 0.412 0.410 
  2 oldj1239   (14)   :  0.049 0.285 0.150 0.230 0.207 0.043 0.036 
  3 crim1257    (0)   :  0.006 0.007 0.071 0.012 0.011 0.296 0.597 
  4 bash1264    (7)   :  0.006 0.007 0.069 0.011 0.011 0.289 0.607 
  5 anat1259    (0)   :  0.024 0.006 0.078 0.025 0.026 0.271 0.572 
  6 okin1246    (0)   :  0.944 0.007 0.010 0.012 0.010 0.009 0.008 
  7 yaku1245    (0)   :  0.014 0.039 0.125 0.042 0.055 0.397 0.327 
  8 daur1238    (0)   :  0.007 0.011 0.224 0.131 0.161 0.292 0.173 
  9 east2337   (14)   :  0.010 0.024 0.258 0.299 0.284 0.090 0.036 
 10 ikem1235    (7)   :  0.906 0.008 0.020 0.023 0.022 0.012 0.008 
 11 sibe1251    (0)   :  0.006 0.915 0.014 0.016 0.014 0.018 0.019 
 12 nort2697    (0)   :  0.027 0.007 0.072 0.027 0.026 0.276 0.566 
 13 bona1250    (0)   :  0.029 0.031 0.238 0.314 0.285 0.072 0.032 
 14 ulch1241   (14)   :  0.010 0.419 0.102 0.097 0.088 0.153 0.129 
 15 nort2935   (14)   :  0.897 0.017 0.020 0.021 0.023 0.012 0.010 
 16 gaga1249    (0)   :  0.056 0.010 0.081 0.037 0.031 0.347 0.438 
 17 tara1319    (0)   :  0.924 0.006 0.017 0.017 0.019 0.010 0.007 
 18 moma1245   (21)   :  0.013 0.784 0.045 0.058 0.050 0.028 0.022 
 19 manc1252    (0)   :  0.020 0.196 0.157 0.196 0.199 0.099 0.132 
 20 shor1247    (0)   :  0.009 0.010 0.081 0.014 0.015 0.440 0.431 
 21 kaza1248    (0)   :  0.006 0.007 0.070 0.012 0.012 0.286 0.606 
 22 midd1351   (14)   :  0.025 0.025 0.127 0.098 0.097 0.226 0.402 
 23 chag1247   (71)   :  0.081 0.033 0.195 0.205 0.206 0.151 0.130 
 24 huih1238   (14)   :  0.021 0.717 0.053 0.061 0.058 0.049 0.041 
 25 ordo1245    (0)   :  0.007 0.012 0.234 0.134 0.162 0.284 0.167 
 26 turk1303    (0)   :  0.008 0.010 0.080 0.014 0.013 0.446 0.429 
 27 negi1245    (0)   :  0.020 0.892 0.019 0.025 0.024 0.009 0.012 
 28 nana1257    (0)   :  0.011 0.895 0.023 0.022 0.021 0.013 0.015 
 29 nort2690    (7)   :  0.056 0.011 0.173 0.181 0.191 0.169 0.218 
 30 shur1243    (0)   :  0.930 0.012 0.012 0.016 0.014 0.008 0.008 
 31 minh1238    (0)   :  0.062 0.007 0.246 0.285 0.288 0.073 0.038 
 32 udih1248    (0)   :  0.016 0.816 0.038 0.044 0.036 0.025 0.024 
 33 oira1262   (14)   :  0.010 0.014 0.153 0.115 0.102 0.344 0.262 
 34 hate1238    (7)   :  0.739 0.030 0.045 0.051 0.051 0.043 0.041 
 35 tata1255    (0)   :  0.006 0.007 0.069 0.011 0.012 0.294 0.600 
 36 turk1304    (0)   :  0.009 0.010 0.086 0.012 0.013 0.430 0.440 
 37 oroc1248    (0)   :  0.015 0.850 0.024 0.035 0.031 0.020 0.024 
 38 chuv1255    (0)   :  0.024 0.012 0.190 0.167 0.167 0.233 0.208 
 39 noga1249   (14)   :  0.025 0.026 0.128 0.093 0.099 0.235 0.395 
 40 dong1285    (7)   :  0.012 0.016 0.246 0.304 0.292 0.084 0.044 
 41 halh1238   (14)   :  0.015 0.020 0.236 0.240 0.264 0.143 0.081 
 42 ogam1239    (0)   :  0.677 0.009 0.084 0.095 0.095 0.029 0.011 
 43 cent2126    (7)   :  0.928 0.009 0.013 0.016 0.012 0.012 0.011 
 44 yona1241   (14)   :  0.023 0.024 0.229 0.296 0.311 0.076 0.039 
 45 kore1280    (0)   :  0.022 0.009 0.262 0.294 0.296 0.078 0.040 
 46 tuvi1240    (0)   :  0.010 0.020 0.192 0.102 0.123 0.329 0.224 
 47 huzh1238    (7)   :  0.030 0.011 0.246 0.304 0.295 0.078 0.037 
 48 khak1248    (0)   :  0.009 0.010 0.077 0.015 0.016 0.441 0.432 
 49 oldu1238    (7)   :  0.008 0.014 0.081 0.015 0.017 0.437 0.427 
 50 nucl1643    (0)   :  0.942 0.007 0.010 0.011 0.012 0.009 0.009 
 51 orok1265   (14)   :  0.015 0.920 0.014 0.019 0.015 0.009 0.008 
 52 midd1372   (14)   :  0.012 0.013 0.236 0.322 0.309 0.075 0.033 
 53 mogh1245   (28)   :  0.042 0.085 0.142 0.143 0.149 0.156 0.282 
 54 uigh1240    (7)   :  0.008 0.007 0.069 0.014 0.016 0.297 0.589 
 55 kara1467   (14)   :  0.007 0.008 0.075 0.015 0.013 0.287 0.595 
 56 russ1264   (14)   :  0.011 0.014 0.088 0.021 0.021 0.428 0.416 
 57 sout2954    (0)   :  0.929 0.013 0.014 0.012 0.014 0.009 0.008 
 58 berj1234    (0)   :  0.009 0.899 0.017 0.024 0.023 0.013 0.014 
 59 kham1281    (0)   :  0.014 0.042 0.124 0.042 0.048 0.410 0.319 
 60 dolg1241    (0)   :  0.009 0.010 0.080 0.013 0.013 0.443 0.431 


Estimated Allele Frequencies in each cluster
First column gives estimated ancestral frequencies


Locus 1 : TE003 
2 alleles
3.3% missing data
   1   (0.443) 0.022 0.063 0.556 0.443 0.450 0.881 0.920 
   0   (0.557) 0.978 0.937 0.444 0.557 0.550 0.119 0.080 

Locus 2 : TE004 
2 alleles
3.3% missing data
   0   (0.792) 0.991 0.314 0.849 0.793 0.802 0.942 0.969 
   1   (0.208) 0.009 0.686 0.151 0.207 0.198 0.058 0.031 

Locus 3 : TE005 
2 alleles
18.3% missing data
   0   (0.695) 0.986 0.112 0.763 0.695 0.706 0.947 0.950 
   1   (0.305) 0.014 0.888 0.237 0.305 0.294 0.053 0.050 

Locus 4 : TE006 
2 alleles
26.7% missing data
   0   (0.559) 0.093 0.961 0.633 0.558 0.560 0.869 0.938 
   1   (0.441) 0.907 0.039 0.367 0.442 0.440 0.131 0.062 

Locus 5 : TE007 
2 alleles
6.7% missing data
   0   (0.651) 0.724 0.966 0.714 0.650 0.656 0.887 0.959 
   1   (0.349) 0.276 0.034 0.286 0.350 0.344 0.113 0.041 

Locus 6 : TE008 
2 alleles
1.7% missing data
   1   (0.654) 0.942 0.968 0.611 0.653 0.626 0.804 0.890 
   0   (0.346) 0.058 0.032 0.389 0.347 0.374 0.196 0.110 

Locus 7 : TE031 
2 alleles
1.7% missing data
   1   (0.777) 0.036 0.982 0.809 0.777 0.789 0.865 0.876 
   0   (0.223) 0.964 0.018 0.191 0.223 0.211 0.135 0.124 

Locus 8 : TE037 
2 alleles
1.7% missing data
   1   (0.480) 0.619 0.114 0.499 0.480 0.477 0.697 0.833 
   0   (0.520) 0.381 0.886 0.501 0.520 0.523 0.303 0.167 

Locus 9 : TE038 
2 alleles
1.7% missing data
   1   (0.637) 0.031 0.670 0.719 0.637 0.653 0.901 0.960 
   0   (0.363) 0.969 0.330 0.281 0.363 0.347 0.099 0.040 

Locus 10 : TE039 
2 alleles
5.0% missing data
   1   (0.605) 0.974 0.938 0.626 0.605 0.597 0.670 0.456 
   0   (0.395) 0.026 0.062 0.374 0.395 0.403 0.330 0.544 

Locus 11 : TE078 
2 alleles
3.3% missing data
   0   (0.785) 0.990 0.980 0.829 0.784 0.783 0.949 0.969 
   1   (0.215) 0.010 0.020 0.171 0.216 0.217 0.051 0.031 

Locus 12 : TS079 
2 alleles
10.0% missing data
   0   (0.881) 0.995 0.485 0.905 0.881 0.887 0.972 0.984 
   1   (0.119) 0.005 0.515 0.095 0.119 0.113 0.028 0.016 

Locus 13 : TS080 
2 alleles
10.0% missing data
   0   (0.681) 0.986 0.764 0.591 0.682 0.689 0.212 0.142 
   1   (0.319) 0.014 0.236 0.409 0.318 0.311 0.788 0.858 

Locus 14 : TS088 
2 alleles
1.7% missing data
   0   (0.520) 0.977 0.957 0.537 0.518 0.501 0.781 0.893 
   1   (0.480) 0.023 0.043 0.463 0.482 0.499 0.219 0.107 

Values of parameters used in structure:
DATAFILE=phonology_structure,	OUTFILE=outfile_phonology_structure_K7_run28,	NUMINDS=60,	NUMLOCI=14,	MISSING=-9,	LABEL=1,	POPDATA=0,	POPFLAG=0,	PHENOTYPE=0,	EXTRACOLS=0,	MAXPOPS=7,	BURNIN=10000,	NUMREPS=100000,	USEPOPINFO=0,	INFERALPHA=1,	INFERLAMBDA=0,	POPSPECIFICLAMBDA=0,	POPALPHAS=0,	COMPUTEPROB=1,	NOADMIX=0,	ADMBURNIN=500,	UPDATEFREQ=100,	PRINTLIKES=0,	INTERMEDSAVE=0,	PRINTKLD=0,	PRINTNET=1,	PRINTLAMBDA=1,	ANCESTDIST=0,	NUMBOXES=1000,	ANCESTPINT=0.90000,	GENSBACK=2,	MIGRPRIOR=0.01000,	PRINTQHAT=0,	PRINTQSUM=1,	ALPHA=1.0000,	FREQSCORR=1,	FPRIORMEAN=0.0100,	FPRIORSD=0.0500,	ONEFST=0,	LAMBDA=1.0000,	UNIFPRIORALPHA=1,	ALPHAMAX=10.0000,	ALPHAPRIORA=1.0000,	ALPHAPRIORB=2.0000,	ALPHAPROPSD=0.0250,	STARTATPOPINFO=0,	RANDOMIZE=1,	LINKAGE=0,	METROFREQ=10,	REPORTHITRATE=0,	MARKOVPHASE=0,	PHASED=0,	PLOIDY=1,	PHASEINFO=0	LOCPRIOR=0, 	LOCPRIORINIT=1.000000, 	LOCDATA=0, 	LOCISPOP=0, 	LOCPRIORSTEP=0.100000, 	MAXLOCPRIOR=20.000000, 	SEED=1641275034,	
[STRAT parameters]:    NUMSIMSTATS=1000,	PHENOTYPECOL=-9,	POOLFREQ=10,	LOCUSxONLY=0,	EMERROR=0.00100,	MISSINGPHENO=-9,	