

----------------------------------------------------
STRUCTURE by Pritchard, Stephens and Donnelly (2000)
     and Falush, Stephens and Pritchard (2003)
       Code by Pritchard, Falush and Hubisz
             Version 2.3.4 (Jul 2012)
----------------------------------------------------



Command line arguments:   ./structure -m mainparams -K 4 -i phonology_structure -L 14 -o outfile_phonology_structure_K4_run30 
Input File:    phonology_structure

Run parameters:
   60 individuals
   14 loci
   4 populations assumed
   10000 Burn-in period
   100000 Reps


--------------------------------------------
Overall proportion of membership of the
sample in each of the 4 clusters

Inferred Clusters
  1      2      3      4    
0.193  0.406  0.224  0.177  

--------------------------------------------

Allele-freq. divergence among pops (Net nucleotide distance),
computed using point estimates of P.

      1       2       3       4      
 1      -    0.2364  0.1458  0.2575  
 2   0.2364     -    0.1511  0.3179  
 3   0.1458  0.1511     -    0.1640  
 4   0.2575  0.3179  0.1640     -    

Average distances (expected heterozygosity) between individuals in same cluster:
cluster  1  : 0.2176 
cluster  2  : 0.1042 
cluster  3  : 0.4048 
cluster  4  : 0.1195 

--------------------------------------------
Estimated Ln Prob of Data   = -272.1
Mean value of ln likelihood = -237.3
Variance of ln likelihood   = 69.6
Mean value of alpha         = 0.0445

Mean value of Fst_1         = 0.5232
Mean value of Fst_2         = 0.6825
Mean value of Fst_3         = 0.0719
Mean value of Fst_4         = 0.6919


Inferred ancestry of individuals:
        Label (%Miss) :  Inferred clusters
  1 torg1245   (21)   :  0.019 0.936 0.029 0.016 
  2 oldj1239   (14)   :  0.654 0.032 0.248 0.066 
  3 crim1257    (0)   :  0.008 0.975 0.010 0.007 
  4 bash1264    (7)   :  0.009 0.971 0.012 0.007 
  5 anat1259    (0)   :  0.008 0.952 0.017 0.024 
  6 okin1246    (0)   :  0.009 0.010 0.010 0.970 
  7 yaku1245    (0)   :  0.063 0.873 0.047 0.016 
  8 daur1238    (0)   :  0.025 0.321 0.645 0.009 
  9 east2337   (14)   :  0.028 0.019 0.942 0.012 
 10 ikem1235    (7)   :  0.009 0.009 0.016 0.967 
 11 sibe1251    (0)   :  0.961 0.020 0.012 0.006 
 12 nort2697    (0)   :  0.008 0.954 0.015 0.023 
 13 bona1250    (0)   :  0.061 0.013 0.875 0.051 
 14 ulch1241   (14)   :  0.685 0.221 0.083 0.012 
 15 nort2935   (14)   :  0.023 0.011 0.020 0.947 
 16 gaga1249    (0)   :  0.010 0.932 0.022 0.037 
 17 tara1319    (0)   :  0.007 0.008 0.015 0.970 
 18 moma1245   (21)   :  0.931 0.021 0.034 0.014 
 19 manc1252    (0)   :  0.465 0.204 0.300 0.031 
 20 shor1247    (0)   :  0.012 0.966 0.012 0.010 
 21 kaza1248    (0)   :  0.009 0.972 0.012 0.007 
 22 midd1351   (14)   :  0.054 0.763 0.150 0.033 
 23 chag1247   (71)   :  0.069 0.266 0.542 0.124 
 24 huih1238   (14)   :  0.878 0.048 0.049 0.025 
 25 ordo1245    (0)   :  0.025 0.318 0.647 0.009 
 26 turk1303    (0)   :  0.012 0.965 0.013 0.010 
 27 negi1245    (0)   :  0.956 0.008 0.015 0.021 
 28 nana1257    (0)   :  0.957 0.013 0.018 0.012 
 29 nort2690    (7)   :  0.020 0.426 0.445 0.109 
 30 shur1243    (0)   :  0.013 0.008 0.013 0.966 
 31 minh1238    (0)   :  0.009 0.010 0.916 0.065 
 32 udih1248    (0)   :  0.934 0.026 0.022 0.018 
 33 oira1262   (14)   :  0.022 0.707 0.258 0.013 
 34 hate1238    (7)   :  0.044 0.062 0.049 0.844 
 35 tata1255    (0)   :  0.009 0.971 0.013 0.007 
 36 turk1304    (0)   :  0.012 0.967 0.012 0.010 
 37 oroc1248    (0)   :  0.935 0.027 0.021 0.017 
 38 chuv1255    (0)   :  0.018 0.633 0.315 0.034 
 39 noga1249   (14)   :  0.052 0.768 0.147 0.033 
 40 dong1285    (7)   :  0.031 0.019 0.935 0.015 
 41 halh1238   (14)   :  0.029 0.093 0.859 0.018 
 42 ogam1239    (0)   :  0.012 0.008 0.135 0.844 
 43 cent2126    (7)   :  0.012 0.013 0.012 0.963 
 44 yona1241   (14)   :  0.047 0.012 0.908 0.033 
 45 kore1280    (0)   :  0.011 0.011 0.950 0.028 
 46 tuvi1240    (0)   :  0.045 0.632 0.307 0.016 
 47 huzh1238    (7)   :  0.012 0.011 0.942 0.035 
 48 khak1248    (0)   :  0.012 0.967 0.012 0.009 
 49 oldu1238    (7)   :  0.016 0.962 0.013 0.009 
 50 nucl1643    (0)   :  0.009 0.011 0.011 0.969 
 51 orok1265   (14)   :  0.963 0.008 0.013 0.016 
 52 midd1372   (14)   :  0.023 0.007 0.953 0.017 
 53 mogh1245   (28)   :  0.230 0.471 0.237 0.062 
 54 uigh1240    (7)   :  0.009 0.972 0.012 0.008 
 55 kara1467   (14)   :  0.011 0.968 0.013 0.008 
 56 russ1264   (14)   :  0.017 0.949 0.021 0.012 
 57 sout2954    (0)   :  0.014 0.008 0.013 0.965 
 58 berj1234    (0)   :  0.966 0.011 0.013 0.010 
 59 kham1281    (0)   :  0.063 0.869 0.050 0.017 
 60 dolg1241    (0)   :  0.012 0.966 0.012 0.010 


Estimated Allele Frequencies in each cluster
First column gives estimated ancestral frequencies


Locus 1 : TE003 
2 alleles
3.3% missing data
   1   (0.422) 0.090 0.982 0.433 0.025 
   0   (0.578) 0.910 0.018 0.567 0.975 

Locus 2 : TE004 
2 alleles
3.3% missing data
   0   (0.809) 0.386 0.996 0.849 0.991 
   1   (0.191) 0.614 0.004 0.151 0.009 

Locus 3 : TE005 
2 alleles
18.3% missing data
   0   (0.751) 0.154 0.992 0.786 0.987 
   1   (0.249) 0.846 0.008 0.214 0.013 

Locus 4 : TE006 
2 alleles
26.7% missing data
   0   (0.578) 0.961 0.983 0.521 0.114 
   1   (0.422) 0.039 0.017 0.479 0.886 

Locus 5 : TE007 
2 alleles
6.7% missing data
   0   (0.681) 0.968 0.993 0.635 0.705 
   1   (0.319) 0.032 0.007 0.365 0.295 

Locus 6 : TE008 
2 alleles
1.7% missing data
   1   (0.559) 0.958 0.933 0.464 0.910 
   0   (0.441) 0.042 0.067 0.536 0.090 

Locus 7 : TE031 
2 alleles
1.7% missing data
   1   (0.747) 0.978 0.866 0.809 0.040 
   0   (0.253) 0.022 0.134 0.191 0.960 

Locus 8 : TE037 
2 alleles
1.7% missing data
   1   (0.481) 0.146 0.871 0.483 0.604 
   0   (0.519) 0.854 0.129 0.517 0.396 

Locus 9 : TE038 
2 alleles
1.7% missing data
   1   (0.649) 0.676 0.993 0.689 0.035 
   0   (0.351) 0.324 0.007 0.311 0.965 

Locus 10 : TE039 
2 alleles
5.0% missing data
   1   (0.605) 0.877 0.517 0.578 0.968 
   0   (0.395) 0.123 0.483 0.422 0.032 

Locus 11 : TE078 
2 alleles
3.3% missing data
   0   (0.788) 0.981 0.995 0.743 0.990 
   1   (0.212) 0.019 0.005 0.257 0.010 

Locus 12 : TS079 
2 alleles
10.0% missing data
   0   (0.833) 0.550 0.996 0.873 0.992 
   1   (0.167) 0.450 0.004 0.127 0.008 

Locus 13 : TS080 
2 alleles
10.0% missing data
   0   (0.724) 0.767 0.082 0.780 0.987 
   1   (0.276) 0.233 0.918 0.220 0.013 

Locus 14 : TS088 
2 alleles
1.7% missing data
   0   (0.487) 0.951 0.952 0.342 0.973 
   1   (0.513) 0.049 0.048 0.658 0.027 

Values of parameters used in structure:
DATAFILE=phonology_structure,	OUTFILE=outfile_phonology_structure_K4_run30,	NUMINDS=60,	NUMLOCI=14,	MISSING=-9,	LABEL=1,	POPDATA=0,	POPFLAG=0,	PHENOTYPE=0,	EXTRACOLS=0,	MAXPOPS=4,	BURNIN=10000,	NUMREPS=100000,	USEPOPINFO=0,	INFERALPHA=1,	INFERLAMBDA=0,	POPSPECIFICLAMBDA=0,	POPALPHAS=0,	COMPUTEPROB=1,	NOADMIX=0,	ADMBURNIN=500,	UPDATEFREQ=100,	PRINTLIKES=0,	INTERMEDSAVE=0,	PRINTKLD=0,	PRINTNET=1,	PRINTLAMBDA=1,	ANCESTDIST=0,	NUMBOXES=1000,	ANCESTPINT=0.90000,	GENSBACK=2,	MIGRPRIOR=0.01000,	PRINTQHAT=0,	PRINTQSUM=1,	ALPHA=1.0000,	FREQSCORR=1,	FPRIORMEAN=0.0100,	FPRIORSD=0.0500,	ONEFST=0,	LAMBDA=1.0000,	UNIFPRIORALPHA=1,	ALPHAMAX=10.0000,	ALPHAPRIORA=1.0000,	ALPHAPRIORB=2.0000,	ALPHAPROPSD=0.0250,	STARTATPOPINFO=0,	RANDOMIZE=1,	LINKAGE=0,	METROFREQ=10,	REPORTHITRATE=0,	MARKOVPHASE=0,	PHASED=0,	PLOIDY=1,	PHASEINFO=0	LOCPRIOR=0, 	LOCPRIORINIT=1.000000, 	LOCDATA=0, 	LOCISPOP=0, 	LOCPRIORSTEP=0.100000, 	MAXLOCPRIOR=20.000000, 	SEED=1641277916,	
[STRAT parameters]:    NUMSIMSTATS=1000,	PHENOTYPECOL=-9,	POOLFREQ=10,	LOCUSxONLY=0,	EMERROR=0.00100,	MISSINGPHENO=-9,	