

----------------------------------------------------
STRUCTURE by Pritchard, Stephens and Donnelly (2000)
     and Falush, Stephens and Pritchard (2003)
       Code by Pritchard, Falush and Hubisz
             Version 2.3.4 (Jul 2012)
----------------------------------------------------



Command line arguments:   ./structure -m mainparams -K 3 -i phonology_structure -L 14 -o outfile_phonology_structure_K3_run28 
Input File:    phonology_structure

Run parameters:
   60 individuals
   14 loci
   3 populations assumed
   10000 Burn-in period
   100000 Reps


--------------------------------------------
Overall proportion of membership of the
sample in each of the 3 clusters

Inferred Clusters
  1      2      3    
0.310  0.446  0.244  

--------------------------------------------

Allele-freq. divergence among pops (Net nucleotide distance),
computed using point estimates of P.

      1       2       3      
 1      -    0.1609  0.1344  
 2   0.1609     -    0.2559  
 3   0.1344  0.2559     -    

Average distances (expected heterozygosity) between individuals in same cluster:
cluster  1  : 0.3579 
cluster  2  : 0.1285 
cluster  3  : 0.2357 

--------------------------------------------
Estimated Ln Prob of Data   = -302.5
Mean value of ln likelihood = -275.2
Variance of ln likelihood   = 54.6
Mean value of alpha         = 0.0526

Mean value of Fst_1         = 0.1968
Mean value of Fst_2         = 0.6304
Mean value of Fst_3         = 0.4928


Inferred ancestry of individuals:
        Label (%Miss) :  Inferred clusters
  1 torg1245   (21)   :  0.030 0.946 0.024 
  2 oldj1239   (14)   :  0.804 0.024 0.171 
  3 crim1257    (0)   :  0.012 0.978 0.010 
  4 bash1264    (7)   :  0.012 0.978 0.010 
  5 anat1259    (0)   :  0.013 0.963 0.024 
  6 okin1246    (0)   :  0.015 0.014 0.971 
  7 yaku1245    (0)   :  0.048 0.934 0.018 
  8 daur1238    (0)   :  0.247 0.706 0.047 
  9 east2337   (14)   :  0.625 0.051 0.324 
 10 ikem1235    (7)   :  0.016 0.013 0.971 
 11 sibe1251    (0)   :  0.961 0.030 0.009 
 12 nort2697    (0)   :  0.014 0.962 0.024 
 13 bona1250    (0)   :  0.606 0.017 0.377 
 14 ulch1241   (14)   :  0.680 0.296 0.024 
 15 nort2935   (14)   :  0.041 0.017 0.942 
 16 gaga1249    (0)   :  0.014 0.951 0.035 
 17 tara1319    (0)   :  0.013 0.010 0.976 
 18 moma1245   (21)   :  0.934 0.041 0.025 
 19 manc1252    (0)   :  0.757 0.153 0.090 
 20 shor1247    (0)   :  0.016 0.973 0.011 
 21 kaza1248    (0)   :  0.012 0.978 0.010 
 22 midd1351   (14)   :  0.115 0.820 0.065 
 23 chag1247   (71)   :  0.294 0.412 0.293 
 24 huih1238   (14)   :  0.910 0.056 0.034 
 25 ordo1245    (0)   :  0.244 0.712 0.045 
 26 turk1303    (0)   :  0.013 0.975 0.012 
 27 negi1245    (0)   :  0.958 0.012 0.030 
 28 nana1257    (0)   :  0.964 0.019 0.017 
 29 nort2690    (7)   :  0.191 0.499 0.310 
 30 shur1243    (0)   :  0.022 0.012 0.967 
 31 minh1238    (0)   :  0.500 0.021 0.480 
 32 udih1248    (0)   :  0.943 0.034 0.023 
 33 oira1262   (14)   :  0.101 0.872 0.027 
 34 hate1238    (7)   :  0.073 0.068 0.859 
 35 tata1255    (0)   :  0.012 0.978 0.009 
 36 turk1304    (0)   :  0.016 0.972 0.012 
 37 oroc1248    (0)   :  0.963 0.021 0.016 
 38 chuv1255    (0)   :  0.092 0.858 0.049 
 39 noga1249   (14)   :  0.112 0.822 0.066 
 40 dong1285    (7)   :  0.612 0.031 0.357 
 41 halh1238   (14)   :  0.490 0.295 0.216 
 42 ogam1239    (0)   :  0.060 0.011 0.929 
 43 cent2126    (7)   :  0.026 0.020 0.954 
 44 yona1241   (14)   :  0.614 0.015 0.372 
 45 kore1280    (0)   :  0.580 0.024 0.397 
 46 tuvi1240    (0)   :  0.115 0.859 0.025 
 47 huzh1238    (7)   :  0.570 0.019 0.412 
 48 khak1248    (0)   :  0.016 0.973 0.011 
 49 oldu1238    (7)   :  0.018 0.970 0.011 
 50 nucl1643    (0)   :  0.014 0.015 0.972 
 51 orok1265   (14)   :  0.961 0.013 0.026 
 52 midd1372   (14)   :  0.619 0.010 0.371 
 53 mogh1245   (28)   :  0.412 0.440 0.148 
 54 uigh1240    (7)   :  0.012 0.977 0.011 
 55 kara1467   (14)   :  0.017 0.971 0.012 
 56 russ1264   (14)   :  0.025 0.958 0.017 
 57 sout2954    (0)   :  0.022 0.012 0.966 
 58 berj1234    (0)   :  0.966 0.017 0.016 
 59 kham1281    (0)   :  0.050 0.933 0.017 
 60 dolg1241    (0)   :  0.014 0.974 0.012 


Estimated Allele Frequencies in each cluster
First column gives estimated ancestral frequencies


Locus 1 : TE003 
2 alleles
3.3% missing data
   1   (0.320) 0.207 0.977 0.086 
   0   (0.680) 0.793 0.023 0.914 

Locus 2 : TE004 
2 alleles
3.3% missing data
   0   (0.719) 0.558 0.993 0.957 
   1   (0.281) 0.442 0.007 0.043 

Locus 3 : TE005 
2 alleles
18.3% missing data
   0   (0.585) 0.350 0.982 0.938 
   1   (0.415) 0.650 0.018 0.062 

Locus 4 : TE006 
2 alleles
26.7% missing data
   0   (0.651) 0.812 0.982 0.175 
   1   (0.349) 0.188 0.018 0.825 

Locus 5 : TE007 
2 alleles
6.7% missing data
   0   (0.735) 0.827 0.994 0.664 
   1   (0.265) 0.173 0.006 0.336 

Locus 6 : TE008 
2 alleles
1.7% missing data
   1   (0.680) 0.789 0.875 0.806 
   0   (0.320) 0.211 0.125 0.194 

Locus 7 : TE031 
2 alleles
1.7% missing data
   1   (0.736) 0.894 0.864 0.208 
   0   (0.264) 0.106 0.136 0.792 

Locus 8 : TE037 
2 alleles
1.7% missing data
   1   (0.442) 0.308 0.806 0.575 
   0   (0.558) 0.692 0.194 0.425 

Locus 9 : TE038 
2 alleles
1.7% missing data
   1   (0.615) 0.667 0.991 0.166 
   0   (0.385) 0.333 0.009 0.834 

Locus 10 : TE039 
2 alleles
5.0% missing data
   1   (0.658) 0.748 0.549 0.859 
   0   (0.342) 0.252 0.451 0.141 

Locus 11 : TE078 
2 alleles
3.3% missing data
   0   (0.820) 0.881 0.996 0.920 
   1   (0.180) 0.119 0.004 0.080 

Locus 12 : TS079 
2 alleles
10.0% missing data
   0   (0.780) 0.679 0.994 0.966 
   1   (0.220) 0.321 0.006 0.034 

Locus 13 : TS080 
2 alleles
10.0% missing data
   0   (0.766) 0.792 0.106 0.971 
   1   (0.234) 0.208 0.894 0.029 

Locus 14 : TS088 
2 alleles
1.7% missing data
   0   (0.624) 0.728 0.907 0.823 
   1   (0.376) 0.272 0.093 0.177 

Values of parameters used in structure:
DATAFILE=phonology_structure,	OUTFILE=outfile_phonology_structure_K3_run28,	NUMINDS=60,	NUMLOCI=14,	MISSING=-9,	LABEL=1,	POPDATA=0,	POPFLAG=0,	PHENOTYPE=0,	EXTRACOLS=0,	MAXPOPS=3,	BURNIN=10000,	NUMREPS=100000,	USEPOPINFO=0,	INFERALPHA=1,	INFERLAMBDA=0,	POPSPECIFICLAMBDA=0,	POPALPHAS=0,	COMPUTEPROB=1,	NOADMIX=0,	ADMBURNIN=500,	UPDATEFREQ=100,	PRINTLIKES=0,	INTERMEDSAVE=0,	PRINTKLD=0,	PRINTNET=1,	PRINTLAMBDA=1,	ANCESTDIST=0,	NUMBOXES=1000,	ANCESTPINT=0.90000,	GENSBACK=2,	MIGRPRIOR=0.01000,	PRINTQHAT=0,	PRINTQSUM=1,	ALPHA=1.0000,	FREQSCORR=1,	FPRIORMEAN=0.0100,	FPRIORSD=0.0500,	ONEFST=0,	LAMBDA=1.0000,	UNIFPRIORALPHA=1,	ALPHAMAX=10.0000,	ALPHAPRIORA=1.0000,	ALPHAPRIORB=2.0000,	ALPHAPROPSD=0.0250,	STARTATPOPINFO=0,	RANDOMIZE=1,	LINKAGE=0,	METROFREQ=10,	REPORTHITRATE=0,	MARKOVPHASE=0,	PHASED=0,	PLOIDY=1,	PHASEINFO=0	LOCPRIOR=0, 	LOCPRIORINIT=1.000000, 	LOCDATA=0, 	LOCISPOP=0, 	LOCPRIORSTEP=0.100000, 	MAXLOCPRIOR=20.000000, 	SEED=1641274818,	
[STRAT parameters]:    NUMSIMSTATS=1000,	PHENOTYPECOL=-9,	POOLFREQ=10,	LOCUSxONLY=0,	EMERROR=0.00100,	MISSINGPHENO=-9,	