

----------------------------------------------------
STRUCTURE by Pritchard, Stephens and Donnelly (2000)
     and Falush, Stephens and Pritchard (2003)
       Code by Pritchard, Falush and Hubisz
             Version 2.3.4 (Jul 2012)
----------------------------------------------------



Command line arguments:   ./structure -m mainparams -K 6 -i phonology_structure -L 14 -o outfile_phonology_structure_K6_run9 
Input File:    phonology_structure

Run parameters:
   60 individuals
   14 loci
   6 populations assumed
   10000 Burn-in period
   100000 Reps


--------------------------------------------
Overall proportion of membership of the
sample in each of the 6 clusters

Inferred Clusters
  1      2      3      4      5      6    
0.142  0.198  0.165  0.168  0.168  0.158  

--------------------------------------------

Allele-freq. divergence among pops (Net nucleotide distance),
computed using point estimates of P.

      1       2       3       4       5       6      
 1      -    0.0066  0.0019  0.1848  0.1437  0.0007  
 2   0.0066     -    0.0030  0.2180  0.1711  0.0036  
 3   0.0019  0.0030     -    0.2095  0.1674  0.0006  
 4   0.1848  0.2180  0.2095     -    0.2722  0.1946  
 5   0.1437  0.1711  0.1674  0.2722     -    0.1524  
 6   0.0007  0.0036  0.0006  0.1946  0.1524     -    

Average distances (expected heterozygosity) between individuals in same cluster:
cluster  1  : 0.3639 
cluster  2  : 0.2977 
cluster  3  : 0.3313 
cluster  4  : 0.1126 
cluster  5  : 0.1987 
cluster  6  : 0.3442 

--------------------------------------------
Estimated Ln Prob of Data   = -336.9
Mean value of ln likelihood = -229.9
Variance of ln likelihood   = 214.1
Mean value of alpha         = 0.0394

Mean value of Fst_1         = 0.2102
Mean value of Fst_2         = 0.4327
Mean value of Fst_3         = 0.4058
Mean value of Fst_4         = 0.7107
Mean value of Fst_5         = 0.5591
Mean value of Fst_6         = 0.3096


Inferred ancestry of individuals:
        Label (%Miss) :  Inferred clusters
  1 torg1245   (21)   :  0.151 0.385 0.206 0.016 0.017 0.226 
  2 oldj1239   (14)   :  0.153 0.103 0.102 0.059 0.449 0.135 
  3 crim1257    (0)   :  0.186 0.360 0.244 0.006 0.007 0.198 
  4 bash1264    (7)   :  0.183 0.358 0.242 0.006 0.007 0.203 
  5 anat1259    (0)   :  0.182 0.335 0.258 0.022 0.006 0.197 
  6 okin1246    (0)   :  0.009 0.009 0.009 0.956 0.008 0.009 
  7 yaku1245    (0)   :  0.154 0.319 0.248 0.013 0.041 0.224 
  8 daur1238    (0)   :  0.239 0.194 0.297 0.007 0.011 0.252 
  9 east2337   (14)   :  0.288 0.190 0.222 0.010 0.025 0.266 
 10 ikem1235    (7)   :  0.015 0.012 0.012 0.941 0.008 0.013 
 11 sibe1251    (0)   :  0.015 0.016 0.016 0.006 0.933 0.015 
 12 nort2697    (0)   :  0.180 0.337 0.263 0.021 0.006 0.193 
 13 bona1250    (0)   :  0.249 0.191 0.234 0.044 0.046 0.235 
 14 ulch1241   (14)   :  0.126 0.121 0.123 0.010 0.488 0.132 
 15 nort2935   (14)   :  0.018 0.015 0.013 0.916 0.018 0.019 
 16 gaga1249    (0)   :  0.164 0.367 0.208 0.048 0.010 0.204 
 17 tara1319    (0)   :  0.012 0.010 0.010 0.951 0.006 0.011 
 18 moma1245   (21)   :  0.038 0.031 0.026 0.012 0.862 0.031 
 19 manc1252    (0)   :  0.224 0.160 0.147 0.023 0.265 0.181 
 20 shor1247    (0)   :  0.141 0.409 0.204 0.008 0.011 0.226 
 21 kaza1248    (0)   :  0.184 0.356 0.245 0.006 0.007 0.202 
 22 midd1351   (14)   :  0.217 0.262 0.256 0.023 0.028 0.214 
 23 chag1247   (71)   :  0.231 0.193 0.224 0.085 0.039 0.227 
 24 huih1238   (14)   :  0.062 0.049 0.043 0.022 0.767 0.056 
 25 ordo1245    (0)   :  0.232 0.191 0.304 0.007 0.012 0.254 
 26 turk1303    (0)   :  0.131 0.420 0.189 0.009 0.010 0.241 
 27 negi1245    (0)   :  0.013 0.012 0.010 0.019 0.933 0.013 
 28 nana1257    (0)   :  0.019 0.017 0.016 0.011 0.917 0.020 
 29 nort2690    (7)   :  0.258 0.216 0.232 0.072 0.012 0.210 
 30 shur1243    (0)   :  0.011 0.010 0.011 0.944 0.013 0.012 
 31 minh1238    (0)   :  0.225 0.199 0.249 0.067 0.007 0.252 
 32 udih1248    (0)   :  0.039 0.026 0.024 0.016 0.870 0.026 
 33 oira1262   (14)   :  0.204 0.268 0.248 0.011 0.014 0.256 
 34 hate1238    (7)   :  0.048 0.050 0.045 0.778 0.031 0.048 
 35 tata1255    (0)   :  0.183 0.355 0.253 0.006 0.007 0.196 
 36 turk1304    (0)   :  0.132 0.424 0.188 0.009 0.010 0.237 
 37 oroc1248    (0)   :  0.026 0.025 0.023 0.015 0.884 0.026 
 38 chuv1255    (0)   :  0.252 0.204 0.261 0.023 0.013 0.247 
 39 noga1249   (14)   :  0.221 0.260 0.261 0.024 0.027 0.207 
 40 dong1285    (7)   :  0.246 0.221 0.251 0.013 0.019 0.250 
 41 halh1238   (14)   :  0.266 0.191 0.245 0.015 0.018 0.265 
 42 ogam1239    (0)   :  0.056 0.041 0.056 0.774 0.009 0.064 
 43 cent2126    (7)   :  0.014 0.011 0.012 0.942 0.010 0.012 
 44 yona1241   (14)   :  0.240 0.213 0.252 0.027 0.032 0.237 
 45 kore1280    (0)   :  0.249 0.201 0.269 0.027 0.009 0.245 
 46 tuvi1240    (0)   :  0.215 0.205 0.303 0.009 0.020 0.247 
 47 huzh1238    (7)   :  0.242 0.202 0.274 0.036 0.010 0.237 
 48 khak1248    (0)   :  0.136 0.419 0.196 0.009 0.010 0.230 
 49 oldu1238    (7)   :  0.132 0.416 0.198 0.008 0.015 0.231 
 50 nucl1643    (0)   :  0.010 0.009 0.009 0.953 0.008 0.010 
 51 orok1265   (14)   :  0.010 0.010 0.009 0.013 0.946 0.011 
 52 midd1372   (14)   :  0.251 0.209 0.265 0.013 0.020 0.243 
 53 mogh1245   (28)   :  0.217 0.217 0.218 0.045 0.115 0.188 
 54 uigh1240    (7)   :  0.187 0.351 0.247 0.008 0.007 0.200 
 55 kara1467   (14)   :  0.184 0.355 0.247 0.007 0.009 0.197 
 56 russ1264   (14)   :  0.141 0.397 0.200 0.012 0.015 0.235 
 57 sout2954    (0)   :  0.011 0.011 0.009 0.945 0.012 0.012 
 58 berj1234    (0)   :  0.015 0.013 0.012 0.009 0.938 0.013 
 59 kham1281    (0)   :  0.159 0.307 0.245 0.013 0.039 0.237 
 60 dolg1241    (0)   :  0.136 0.415 0.200 0.009 0.010 0.230 


Estimated Allele Frequencies in each cluster
First column gives estimated ancestral frequencies


Locus 1 : TE003 
2 alleles
3.3% missing data
   1   (0.487) 0.626 0.743 0.707 0.024 0.072 0.665 
   0   (0.513) 0.374 0.257 0.293 0.976 0.928 0.335 

Locus 2 : TE004 
2 alleles
3.3% missing data
   0   (0.829) 0.882 0.928 0.924 0.992 0.338 0.898 
   1   (0.171) 0.118 0.072 0.076 0.008 0.662 0.102 

Locus 3 : TE005 
2 alleles
18.3% missing data
   0   (0.781) 0.850 0.900 0.892 0.989 0.126 0.865 
   1   (0.219) 0.150 0.100 0.108 0.011 0.874 0.135 

Locus 4 : TE006 
2 alleles
26.7% missing data
   0   (0.652) 0.737 0.810 0.758 0.104 0.969 0.755 
   1   (0.348) 0.263 0.190 0.242 0.896 0.031 0.245 

Locus 5 : TE007 
2 alleles
6.7% missing data
   0   (0.729) 0.795 0.850 0.827 0.710 0.974 0.812 
   1   (0.271) 0.205 0.150 0.173 0.290 0.026 0.188 

Locus 6 : TE008 
2 alleles
1.7% missing data
   1   (0.619) 0.668 0.767 0.655 0.931 0.967 0.675 
   0   (0.381) 0.332 0.233 0.345 0.069 0.033 0.325 

Locus 7 : TE031 
2 alleles
1.7% missing data
   1   (0.787) 0.827 0.856 0.849 0.037 0.982 0.836 
   0   (0.213) 0.173 0.144 0.151 0.963 0.018 0.164 

Locus 8 : TE037 
2 alleles
1.7% missing data
   1   (0.512) 0.585 0.705 0.613 0.611 0.123 0.613 
   0   (0.488) 0.415 0.295 0.387 0.389 0.877 0.387 

Locus 9 : TE038 
2 alleles
1.7% missing data
   1   (0.690) 0.776 0.861 0.845 0.034 0.665 0.818 
   0   (0.310) 0.224 0.139 0.155 0.966 0.335 0.182 

Locus 10 : TE039 
2 alleles
5.0% missing data
   1   (0.615) 0.574 0.583 0.552 0.973 0.922 0.602 
   0   (0.385) 0.426 0.417 0.448 0.027 0.078 0.398 

Locus 11 : TE078 
2 alleles
3.3% missing data
   0   (0.824) 0.867 0.897 0.870 0.992 0.985 0.873 
   1   (0.176) 0.133 0.103 0.130 0.008 0.015 0.127 

Locus 12 : TS079 
2 alleles
10.0% missing data
   0   (0.844) 0.889 0.940 0.941 0.993 0.509 0.927 
   1   (0.156) 0.111 0.060 0.059 0.007 0.491 0.073 

Locus 13 : TS080 
2 alleles
10.0% missing data
   0   (0.658) 0.508 0.365 0.437 0.985 0.765 0.470 
   1   (0.342) 0.492 0.635 0.563 0.015 0.235 0.530 

Locus 14 : TS088 
2 alleles
1.7% missing data
   0   (0.551) 0.623 0.721 0.627 0.978 0.960 0.640 
   1   (0.449) 0.377 0.279 0.373 0.022 0.040 0.360 

Values of parameters used in structure:
DATAFILE=phonology_structure,	OUTFILE=outfile_phonology_structure_K6_run9,	NUMINDS=60,	NUMLOCI=14,	MISSING=-9,	LABEL=1,	POPDATA=0,	POPFLAG=0,	PHENOTYPE=0,	EXTRACOLS=0,	MAXPOPS=6,	BURNIN=10000,	NUMREPS=100000,	USEPOPINFO=0,	INFERALPHA=1,	INFERLAMBDA=0,	POPSPECIFICLAMBDA=0,	POPALPHAS=0,	COMPUTEPROB=1,	NOADMIX=0,	ADMBURNIN=500,	UPDATEFREQ=100,	PRINTLIKES=0,	INTERMEDSAVE=0,	PRINTKLD=0,	PRINTNET=1,	PRINTLAMBDA=1,	ANCESTDIST=0,	NUMBOXES=1000,	ANCESTPINT=0.90000,	GENSBACK=2,	MIGRPRIOR=0.01000,	PRINTQHAT=0,	PRINTQSUM=1,	ALPHA=1.0000,	FREQSCORR=1,	FPRIORMEAN=0.0100,	FPRIORSD=0.0500,	ONEFST=0,	LAMBDA=1.0000,	UNIFPRIORALPHA=1,	ALPHAMAX=10.0000,	ALPHAPRIORA=1.0000,	ALPHAPRIORB=2.0000,	ALPHAPROPSD=0.0250,	STARTATPOPINFO=0,	RANDOMIZE=1,	LINKAGE=0,	METROFREQ=10,	REPORTHITRATE=0,	MARKOVPHASE=0,	PHASED=0,	PLOIDY=1,	PHASEINFO=0	LOCPRIOR=0, 	LOCPRIORINIT=1.000000, 	LOCDATA=0, 	LOCISPOP=0, 	LOCPRIORSTEP=0.100000, 	MAXLOCPRIOR=20.000000, 	SEED=1641226071,	
[STRAT parameters]:    NUMSIMSTATS=1000,	PHENOTYPECOL=-9,	POOLFREQ=10,	LOCUSxONLY=0,	EMERROR=0.00100,	MISSINGPHENO=-9,	