

----------------------------------------------------
STRUCTURE by Pritchard, Stephens and Donnelly (2000)
     and Falush, Stephens and Pritchard (2003)
       Code by Pritchard, Falush and Hubisz
             Version 2.3.4 (Jul 2012)
----------------------------------------------------



Command line arguments:   ./structure -m mainparams -K 7 -i phonology_structure -L 14 -o outfile_phonology_structure_K7_run33 
Input File:    phonology_structure

Run parameters:
   60 individuals
   14 loci
   7 populations assumed
   10000 Burn-in period
   100000 Reps


--------------------------------------------
Overall proportion of membership of the
sample in each of the 7 clusters

Inferred Clusters
  1      2      3      4      5      6      7    
0.105  0.202  0.159  0.150  0.107  0.154  0.122  

--------------------------------------------

Allele-freq. divergence among pops (Net nucleotide distance),
computed using point estimates of P.

      1       2       3       4       5       6       7      
 1      -    0.0434  0.0979  0.0116  0.0003  0.0812  0.0026  
 2   0.0434     -    0.1680  0.0119  0.0386  0.1381  0.0290  
 3   0.0979  0.1680     -    0.1254  0.0989  0.1666  0.1119  
 4   0.0116  0.0119  0.1254     -    0.0088  0.0950  0.0042  
 5   0.0003  0.0386  0.0989  0.0088     -    0.0774  0.0016  
 6   0.0812  0.1381  0.1666  0.0950  0.0774     -    0.0873  
 7   0.0026  0.0290  0.1119  0.0042  0.0016  0.0873     -    

Average distances (expected heterozygosity) between individuals in same cluster:
cluster  1  : 0.3917 
cluster  2  : 0.2377 
cluster  3  : 0.2153 
cluster  4  : 0.3277 
cluster  5  : 0.3861 
cluster  6  : 0.2715 
cluster  7  : 0.3697 

--------------------------------------------
Estimated Ln Prob of Data   = -3118.3
Mean value of ln likelihood = -275.8
Variance of ln likelihood   = 5685.0
Mean value of alpha         = 1.2064

Mean value of Fst_1         = 0.0777
Mean value of Fst_2         = 0.4849
Mean value of Fst_3         = 0.5708
Mean value of Fst_4         = 0.3103
Mean value of Fst_5         = 0.0665
Mean value of Fst_6         = 0.4424
Mean value of Fst_7         = 0.1683


Inferred ancestry of individuals:
        Label (%Miss) :  Inferred clusters
  1 torg1245   (21)   :  0.071 0.380 0.044 0.250 0.079 0.044 0.131 
  2 oldj1239   (14)   :  0.162 0.071 0.071 0.106 0.162 0.301 0.127 
  3 crim1257    (0)   :  0.052 0.546 0.036 0.198 0.048 0.037 0.083 
  4 bash1264    (7)   :  0.053 0.531 0.036 0.201 0.048 0.037 0.093 
  5 anat1259    (0)   :  0.059 0.506 0.047 0.191 0.062 0.036 0.098 
  6 okin1246    (0)   :  0.040 0.038 0.767 0.039 0.040 0.037 0.039 
  7 yaku1245    (0)   :  0.096 0.227 0.042 0.262 0.122 0.062 0.188 
  8 daur1238    (0)   :  0.174 0.098 0.037 0.204 0.185 0.041 0.261 
  9 east2337   (14)   :  0.224 0.068 0.039 0.162 0.235 0.048 0.224 
 10 ikem1235    (7)   :  0.043 0.039 0.752 0.040 0.044 0.037 0.044 
 11 sibe1251    (0)   :  0.043 0.045 0.036 0.044 0.042 0.745 0.044 
 12 nort2697    (0)   :  0.057 0.510 0.049 0.187 0.063 0.036 0.097 
 13 bona1250    (0)   :  0.222 0.074 0.062 0.156 0.233 0.057 0.196 
 14 ulch1241   (14)   :  0.102 0.107 0.039 0.134 0.114 0.377 0.126 
 15 nort2935   (14)   :  0.048 0.040 0.731 0.044 0.048 0.044 0.045 
 16 gaga1249    (0)   :  0.066 0.420 0.065 0.212 0.080 0.039 0.117 
 17 tara1319    (0)   :  0.041 0.038 0.764 0.039 0.041 0.036 0.041 
 18 moma1245   (21)   :  0.064 0.051 0.041 0.059 0.067 0.657 0.061 
 19 manc1252    (0)   :  0.180 0.124 0.046 0.144 0.205 0.153 0.148 
 20 shor1247    (0)   :  0.057 0.413 0.039 0.260 0.071 0.039 0.122 
 21 kaza1248    (0)   :  0.047 0.545 0.037 0.203 0.044 0.037 0.088 
 22 midd1351   (14)   :  0.126 0.340 0.049 0.173 0.125 0.051 0.136 
 23 chag1247   (71)   :  0.184 0.138 0.086 0.157 0.185 0.060 0.190 
 24 huih1238   (14)   :  0.080 0.060 0.047 0.078 0.084 0.573 0.079 
 25 ordo1245    (0)   :  0.172 0.095 0.037 0.203 0.192 0.042 0.260 
 26 turk1303    (0)   :  0.054 0.408 0.038 0.269 0.067 0.039 0.125 
 27 negi1245    (0)   :  0.044 0.039 0.047 0.043 0.045 0.741 0.041 
 28 nana1257    (0)   :  0.047 0.044 0.040 0.044 0.048 0.732 0.045 
 29 nort2690    (7)   :  0.185 0.198 0.074 0.161 0.179 0.040 0.163 
 30 shur1243    (0)   :  0.042 0.038 0.758 0.039 0.041 0.041 0.040 
 31 minh1238    (0)   :  0.240 0.071 0.078 0.169 0.207 0.039 0.197 
 32 udih1248    (0)   :  0.056 0.051 0.045 0.056 0.057 0.683 0.053 
 33 oira1262   (14)   :  0.128 0.204 0.040 0.224 0.158 0.044 0.202 
 34 hate1238    (7)   :  0.073 0.068 0.597 0.068 0.074 0.053 0.067 
 35 tata1255    (0)   :  0.047 0.545 0.037 0.201 0.047 0.037 0.086 
 36 turk1304    (0)   :  0.052 0.407 0.038 0.268 0.071 0.039 0.125 
 37 oroc1248    (0)   :  0.053 0.052 0.042 0.050 0.057 0.695 0.051 
 38 chuv1255    (0)   :  0.173 0.172 0.047 0.163 0.186 0.041 0.218 
 39 noga1249   (14)   :  0.133 0.345 0.048 0.173 0.122 0.051 0.128 
 40 dong1285    (7)   :  0.266 0.079 0.042 0.154 0.228 0.046 0.185 
 41 halh1238   (14)   :  0.217 0.085 0.043 0.162 0.233 0.045 0.216 
 42 ogam1239    (0)   :  0.087 0.045 0.600 0.073 0.073 0.040 0.083 
 43 cent2126    (7)   :  0.043 0.041 0.754 0.041 0.041 0.039 0.042 
 44 yona1241   (14)   :  0.265 0.081 0.050 0.151 0.229 0.051 0.172 
 45 kore1280    (0)   :  0.253 0.074 0.051 0.164 0.218 0.039 0.201 
 46 tuvi1240    (0)   :  0.142 0.123 0.039 0.231 0.162 0.048 0.255 
 47 huzh1238    (7)   :  0.231 0.072 0.058 0.180 0.206 0.041 0.212 
 48 khak1248    (0)   :  0.054 0.406 0.038 0.260 0.068 0.039 0.134 
 49 oldu1238    (7)   :  0.056 0.402 0.038 0.263 0.072 0.042 0.127 
 50 nucl1643    (0)   :  0.039 0.038 0.767 0.038 0.040 0.038 0.039 
 51 orok1265   (14)   :  0.044 0.039 0.043 0.040 0.042 0.751 0.041 
 52 midd1372   (14)   :  0.265 0.073 0.042 0.169 0.223 0.044 0.184 
 53 mogh1245   (28)   :  0.158 0.240 0.059 0.156 0.160 0.087 0.141 
 54 uigh1240    (7)   :  0.051 0.544 0.037 0.198 0.049 0.037 0.085 
 55 kara1467   (14)   :  0.051 0.531 0.037 0.203 0.050 0.038 0.090 
 56 russ1264   (14)   :  0.062 0.389 0.041 0.252 0.081 0.042 0.133 
 57 sout2954    (0)   :  0.042 0.037 0.758 0.039 0.042 0.041 0.041 
 58 berj1234    (0)   :  0.047 0.041 0.039 0.044 0.045 0.743 0.043 
 59 kham1281    (0)   :  0.093 0.221 0.043 0.262 0.129 0.063 0.188 
 60 dolg1241    (0)   :  0.055 0.402 0.038 0.261 0.068 0.039 0.136 


Estimated Allele Frequencies in each cluster
First column gives estimated ancestral frequencies


Locus 1 : TE003 
2 alleles
3.3% missing data
   1   (0.456) 0.485 0.800 0.132 0.647 0.492 0.165 0.586 
   0   (0.544) 0.515 0.200 0.868 0.353 0.508 0.835 0.414 

Locus 2 : TE004 
2 alleles
3.3% missing data
   0   (0.814) 0.834 0.938 0.960 0.888 0.828 0.443 0.867 
   1   (0.186) 0.166 0.062 0.040 0.112 0.172 0.557 0.133 

Locus 3 : TE005 
2 alleles
18.3% missing data
   0   (0.780) 0.797 0.910 0.943 0.857 0.797 0.267 0.825 
   1   (0.220) 0.203 0.090 0.057 0.143 0.203 0.733 0.175 

Locus 4 : TE006 
2 alleles
26.7% missing data
   0   (0.686) 0.681 0.881 0.242 0.789 0.704 0.917 0.730 
   1   (0.314) 0.319 0.119 0.758 0.211 0.296 0.083 0.270 

Locus 5 : TE007 
2 alleles
6.7% missing data
   0   (0.754) 0.756 0.919 0.739 0.844 0.771 0.939 0.794 
   1   (0.246) 0.244 0.081 0.261 0.156 0.229 0.061 0.206 

Locus 6 : TE008 
2 alleles
1.7% missing data
   1   (0.676) 0.644 0.880 0.909 0.749 0.669 0.928 0.639 
   0   (0.324) 0.356 0.120 0.091 0.251 0.331 0.072 0.361 

Locus 7 : TE031 
2 alleles
1.7% missing data
   1   (0.774) 0.789 0.824 0.196 0.833 0.790 0.928 0.806 
   0   (0.226) 0.211 0.176 0.804 0.167 0.210 0.072 0.194 

Locus 8 : TE037 
2 alleles
1.7% missing data
   1   (0.528) 0.521 0.796 0.608 0.613 0.523 0.216 0.530 
   0   (0.472) 0.479 0.204 0.392 0.387 0.477 0.784 0.470 

Locus 9 : TE038 
2 alleles
1.7% missing data
   1   (0.699) 0.713 0.884 0.185 0.815 0.726 0.674 0.767 
   0   (0.301) 0.287 0.116 0.815 0.185 0.274 0.326 0.233 

Locus 10 : TE039 
2 alleles
5.0% missing data
   1   (0.598) 0.599 0.489 0.904 0.627 0.618 0.873 0.644 
   0   (0.402) 0.401 0.511 0.096 0.373 0.382 0.127 0.356 

Locus 11 : TE078 
2 alleles
3.3% missing data
   0   (0.845) 0.834 0.944 0.975 0.909 0.857 0.967 0.873 
   1   (0.155) 0.166 0.056 0.025 0.091 0.143 0.033 0.127 

Locus 12 : TS079 
2 alleles
10.0% missing data
   0   (0.882) 0.897 0.957 0.975 0.935 0.895 0.586 0.910 
   1   (0.118) 0.103 0.043 0.025 0.065 0.105 0.414 0.090 

Locus 13 : TS080 
2 alleles
10.0% missing data
   0   (0.673) 0.661 0.284 0.890 0.438 0.630 0.718 0.550 
   1   (0.327) 0.339 0.716 0.110 0.562 0.370 0.282 0.450 

Locus 14 : TS088 
2 alleles
1.7% missing data
   0   (0.581) 0.565 0.861 0.935 0.706 0.586 0.916 0.604 
   1   (0.419) 0.435 0.139 0.065 0.294 0.414 0.084 0.396 

Values of parameters used in structure:
DATAFILE=phonology_structure,	OUTFILE=outfile_phonology_structure_K7_run33,	NUMINDS=60,	NUMLOCI=14,	MISSING=-9,	LABEL=1,	POPDATA=0,	POPFLAG=0,	PHENOTYPE=0,	EXTRACOLS=0,	MAXPOPS=7,	BURNIN=10000,	NUMREPS=100000,	USEPOPINFO=0,	INFERALPHA=1,	INFERLAMBDA=0,	POPSPECIFICLAMBDA=0,	POPALPHAS=0,	COMPUTEPROB=1,	NOADMIX=0,	ADMBURNIN=500,	UPDATEFREQ=100,	PRINTLIKES=0,	INTERMEDSAVE=0,	PRINTKLD=0,	PRINTNET=1,	PRINTLAMBDA=1,	ANCESTDIST=0,	NUMBOXES=1000,	ANCESTPINT=0.90000,	GENSBACK=2,	MIGRPRIOR=0.01000,	PRINTQHAT=0,	PRINTQSUM=1,	ALPHA=1.0000,	FREQSCORR=1,	FPRIORMEAN=0.0100,	FPRIORSD=0.0500,	ONEFST=0,	LAMBDA=1.0000,	UNIFPRIORALPHA=1,	ALPHAMAX=10.0000,	ALPHAPRIORA=1.0000,	ALPHAPRIORB=2.0000,	ALPHAPROPSD=0.0250,	STARTATPOPINFO=0,	RANDOMIZE=1,	LINKAGE=0,	METROFREQ=10,	REPORTHITRATE=0,	MARKOVPHASE=0,	PHASED=0,	PLOIDY=1,	PHASEINFO=0	LOCPRIOR=0, 	LOCPRIORINIT=1.000000, 	LOCDATA=0, 	LOCISPOP=0, 	LOCPRIORSTEP=0.100000, 	MAXLOCPRIOR=20.000000, 	SEED=1641283378,	
[STRAT parameters]:    NUMSIMSTATS=1000,	PHENOTYPECOL=-9,	POOLFREQ=10,	LOCUSxONLY=0,	EMERROR=0.00100,	MISSINGPHENO=-9,	