

----------------------------------------------------
STRUCTURE by Pritchard, Stephens and Donnelly (2000)
     and Falush, Stephens and Pritchard (2003)
       Code by Pritchard, Falush and Hubisz
             Version 2.3.4 (Jul 2012)
----------------------------------------------------



Command line arguments:   ./structure -m mainparams -K 5 -i phonology_structure -L 14 -o outfile_phonology_structure_K5_run18 
Input File:    phonology_structure

Run parameters:
   60 individuals
   14 loci
   5 populations assumed
   10000 Burn-in period
   100000 Reps


--------------------------------------------
Overall proportion of membership of the
sample in each of the 5 clusters

Inferred Clusters
  1      2      3      4      5    
0.248  0.173  0.180  0.168  0.232  

--------------------------------------------

Allele-freq. divergence among pops (Net nucleotide distance),
computed using point estimates of P.

      1       2       3       4       5      
 1      -    0.2497  0.1881  0.0303  0.0062  
 2   0.2497     -    0.2655  0.1900  0.2080  
 3   0.1881  0.2655     -    0.1460  0.1688  
 4   0.0303  0.1900  0.1460     -    0.0158  
 5   0.0062  0.2080  0.1688  0.0158     -    

Average distances (expected heterozygosity) between individuals in same cluster:
cluster  1  : 0.2492 
cluster  2  : 0.1145 
cluster  3  : 0.2065 
cluster  4  : 0.3726 
cluster  5  : 0.3229 

--------------------------------------------
Estimated Ln Prob of Data   = -335.9
Mean value of ln likelihood = -228.3
Variance of ln likelihood   = 215.2
Mean value of alpha         = 0.0422

Mean value of Fst_1         = 0.5227
Mean value of Fst_2         = 0.7026
Mean value of Fst_3         = 0.5438
Mean value of Fst_4         = 0.2469
Mean value of Fst_5         = 0.4132


Inferred ancestry of individuals:
        Label (%Miss) :  Inferred clusters
  1 torg1245   (21)   :  0.475 0.017 0.018 0.140 0.349 
  2 oldj1239   (14)   :  0.074 0.059 0.578 0.160 0.128 
  3 crim1257    (0)   :  0.506 0.007 0.008 0.024 0.456 
  4 bash1264    (7)   :  0.504 0.006 0.009 0.026 0.455 
  5 anat1259    (0)   :  0.466 0.024 0.007 0.047 0.457 
  6 okin1246    (0)   :  0.009 0.964 0.008 0.009 0.010 
  7 yaku1245    (0)   :  0.407 0.015 0.052 0.314 0.211 
  8 daur1238    (0)   :  0.306 0.007 0.012 0.505 0.169 
  9 east2337   (14)   :  0.188 0.011 0.029 0.440 0.332 
 10 ikem1235    (7)   :  0.011 0.953 0.008 0.012 0.016 
 11 sibe1251    (0)   :  0.016 0.006 0.947 0.015 0.016 
 12 nort2697    (0)   :  0.469 0.025 0.007 0.053 0.446 
 13 bona1250    (0)   :  0.164 0.043 0.055 0.425 0.313 
 14 ulch1241   (14)   :  0.162 0.011 0.554 0.169 0.105 
 15 nort2935   (14)   :  0.013 0.937 0.021 0.016 0.014 
 16 gaga1249    (0)   :  0.443 0.044 0.010 0.123 0.380 
 17 tara1319    (0)   :  0.008 0.964 0.007 0.010 0.011 
 18 moma1245   (21)   :  0.030 0.015 0.890 0.037 0.029 
 19 manc1252    (0)   :  0.190 0.027 0.367 0.181 0.235 
 20 shor1247    (0)   :  0.499 0.010 0.012 0.127 0.353 
 21 kaza1248    (0)   :  0.504 0.007 0.008 0.021 0.460 
 22 midd1351   (14)   :  0.404 0.026 0.039 0.120 0.410 
 23 chag1247   (71)   :  0.253 0.102 0.051 0.314 0.281 
 24 huih1238   (14)   :  0.054 0.023 0.821 0.058 0.044 
 25 ordo1245    (0)   :  0.313 0.007 0.013 0.492 0.174 
 26 turk1303    (0)   :  0.491 0.010 0.012 0.131 0.356 
 27 negi1245    (0)   :  0.009 0.019 0.946 0.013 0.012 
 28 nana1257    (0)   :  0.015 0.012 0.936 0.019 0.018 
 29 nort2690    (7)   :  0.301 0.082 0.017 0.250 0.351 
 30 shur1243    (0)   :  0.009 0.955 0.013 0.012 0.010 
 31 minh1238    (0)   :  0.169 0.064 0.008 0.437 0.323 
 32 udih1248    (0)   :  0.025 0.016 0.907 0.027 0.025 
 33 oira1262   (14)   :  0.380 0.012 0.017 0.354 0.237 
 34 hate1238    (7)   :  0.049 0.819 0.037 0.042 0.054 
 35 tata1255    (0)   :  0.500 0.007 0.008 0.024 0.462 
 36 turk1304    (0)   :  0.496 0.010 0.011 0.139 0.344 
 37 oroc1248    (0)   :  0.023 0.016 0.915 0.022 0.024 
 38 chuv1255    (0)   :  0.323 0.029 0.015 0.368 0.266 
 39 noga1249   (14)   :  0.407 0.026 0.036 0.114 0.417 
 40 dong1285    (7)   :  0.174 0.015 0.022 0.444 0.345 
 41 halh1238   (14)   :  0.243 0.018 0.022 0.454 0.264 
 42 ogam1239    (0)   :  0.032 0.804 0.010 0.090 0.064 
 43 cent2126    (7)   :  0.011 0.952 0.011 0.011 0.014 
 44 yona1241   (14)   :  0.165 0.029 0.042 0.416 0.348 
 45 kore1280    (0)   :  0.184 0.030 0.011 0.431 0.344 
 46 tuvi1240    (0)   :  0.350 0.011 0.021 0.441 0.177 
 47 huzh1238    (7)   :  0.184 0.035 0.011 0.434 0.335 
 48 khak1248    (0)   :  0.494 0.009 0.011 0.128 0.359 
 49 oldu1238    (7)   :  0.488 0.010 0.016 0.136 0.351 
 50 nucl1643    (0)   :  0.009 0.964 0.008 0.008 0.010 
 51 orok1265   (14)   :  0.008 0.015 0.956 0.011 0.010 
 52 midd1372   (14)   :  0.173 0.014 0.022 0.441 0.350 
 53 mogh1245   (28)   :  0.305 0.051 0.156 0.158 0.330 
 54 uigh1240    (7)   :  0.497 0.008 0.008 0.029 0.457 
 55 kara1467   (14)   :  0.500 0.008 0.009 0.030 0.453 
 56 russ1264   (14)   :  0.479 0.012 0.017 0.139 0.352 
 57 sout2954    (0)   :  0.009 0.958 0.013 0.011 0.010 
 58 berj1234    (0)   :  0.013 0.010 0.950 0.014 0.013 
 59 kham1281    (0)   :  0.409 0.016 0.053 0.310 0.212 
 60 dolg1241    (0)   :  0.488 0.010 0.012 0.132 0.358 


Estimated Allele Frequencies in each cluster
First column gives estimated ancestral frequencies


Locus 1 : TE003 
2 alleles
3.3% missing data
   1   (0.465) 0.838 0.025 0.077 0.618 0.714 
   0   (0.535) 0.162 0.975 0.923 0.382 0.286 

Locus 2 : TE004 
2 alleles
3.3% missing data
   0   (0.818) 0.953 0.992 0.357 0.896 0.926 
   1   (0.182) 0.047 0.008 0.643 0.104 0.074 

Locus 3 : TE005 
2 alleles
18.3% missing data
   0   (0.753) 0.931 0.988 0.135 0.837 0.884 
   1   (0.247) 0.069 0.012 0.865 0.163 0.116 

Locus 4 : TE006 
2 alleles
26.7% missing data
   0   (0.621) 0.865 0.109 0.966 0.685 0.759 
   1   (0.379) 0.135 0.891 0.034 0.315 0.241 

Locus 5 : TE007 
2 alleles
6.7% missing data
   0   (0.705) 0.903 0.709 0.971 0.750 0.814 
   1   (0.295) 0.097 0.291 0.029 0.250 0.186 

Locus 6 : TE008 
2 alleles
1.7% missing data
   1   (0.601) 0.770 0.926 0.965 0.528 0.737 
   0   (0.399) 0.230 0.074 0.035 0.472 0.263 

Locus 7 : TE031 
2 alleles
1.7% missing data
   1   (0.738) 0.862 0.036 0.978 0.832 0.825 
   0   (0.262) 0.138 0.964 0.022 0.168 0.175 

Locus 8 : TE037 
2 alleles
1.7% missing data
   1   (0.504) 0.722 0.610 0.135 0.475 0.724 
   0   (0.496) 0.278 0.390 0.865 0.525 0.276 

Locus 9 : TE038 
2 alleles
1.7% missing data
   1   (0.678) 0.916 0.034 0.665 0.794 0.845 
   0   (0.322) 0.084 0.966 0.335 0.206 0.155 

Locus 10 : TE039 
2 alleles
5.0% missing data
   1   (0.601) 0.558 0.971 0.900 0.665 0.472 
   0   (0.399) 0.442 0.029 0.100 0.335 0.528 

Locus 11 : TE078 
2 alleles
3.3% missing data
   0   (0.814) 0.935 0.991 0.984 0.836 0.873 
   1   (0.186) 0.065 0.009 0.016 0.164 0.127 

Locus 12 : TS079 
2 alleles
10.0% missing data
   0   (0.840) 0.964 0.993 0.528 0.912 0.934 
   1   (0.160) 0.036 0.007 0.472 0.088 0.066 

Locus 13 : TS080 
2 alleles
10.0% missing data
   0   (0.686) 0.277 0.986 0.769 0.549 0.432 
   1   (0.314) 0.723 0.014 0.231 0.451 0.568 

Locus 14 : TS088 
2 alleles
1.7% missing data
   0   (0.547) 0.763 0.978 0.959 0.488 0.686 
   1   (0.453) 0.237 0.022 0.041 0.512 0.314 

Values of parameters used in structure:
DATAFILE=phonology_structure,	OUTFILE=outfile_phonology_structure_K5_run18,	NUMINDS=60,	NUMLOCI=14,	MISSING=-9,	LABEL=1,	POPDATA=0,	POPFLAG=0,	PHENOTYPE=0,	EXTRACOLS=0,	MAXPOPS=5,	BURNIN=10000,	NUMREPS=100000,	USEPOPINFO=0,	INFERALPHA=1,	INFERLAMBDA=0,	POPSPECIFICLAMBDA=0,	POPALPHAS=0,	COMPUTEPROB=1,	NOADMIX=0,	ADMBURNIN=500,	UPDATEFREQ=100,	PRINTLIKES=0,	INTERMEDSAVE=0,	PRINTKLD=0,	PRINTNET=1,	PRINTLAMBDA=1,	ANCESTDIST=0,	NUMBOXES=1000,	ANCESTPINT=0.90000,	GENSBACK=2,	MIGRPRIOR=0.01000,	PRINTQHAT=0,	PRINTQSUM=1,	ALPHA=1.0000,	FREQSCORR=1,	FPRIORMEAN=0.0100,	FPRIORSD=0.0500,	ONEFST=0,	LAMBDA=1.0000,	UNIFPRIORALPHA=1,	ALPHAMAX=10.0000,	ALPHAPRIORA=1.0000,	ALPHAPRIORB=2.0000,	ALPHAPROPSD=0.0250,	STARTATPOPINFO=0,	RANDOMIZE=1,	LINKAGE=0,	METROFREQ=10,	REPORTHITRATE=0,	MARKOVPHASE=0,	PHASED=0,	PLOIDY=1,	PHASEINFO=0	LOCPRIOR=0, 	LOCPRIORINIT=1.000000, 	LOCDATA=0, 	LOCISPOP=0, 	LOCPRIORSTEP=0.100000, 	MAXLOCPRIOR=20.000000, 	SEED=1641245913,	
[STRAT parameters]:    NUMSIMSTATS=1000,	PHENOTYPECOL=-9,	POOLFREQ=10,	LOCUSxONLY=0,	EMERROR=0.00100,	MISSINGPHENO=-9,	