

----------------------------------------------------
STRUCTURE by Pritchard, Stephens and Donnelly (2000)
     and Falush, Stephens and Pritchard (2003)
       Code by Pritchard, Falush and Hubisz
             Version 2.3.4 (Jul 2012)
----------------------------------------------------



Command line arguments:   ./structure -m mainparams -K 5 -i phonology_structure -L 14 -o outfile_phonology_structure_K5_run3 
Input File:    phonology_structure

Run parameters:
   60 individuals
   14 loci
   5 populations assumed
   10000 Burn-in period
   100000 Reps


--------------------------------------------
Overall proportion of membership of the
sample in each of the 5 clusters

Inferred Clusters
  1      2      3      4      5    
0.173  0.176  0.178  0.294  0.178  

--------------------------------------------

Allele-freq. divergence among pops (Net nucleotide distance),
computed using point estimates of P.

      1       2       3       4       5      
 1      -    0.1638  0.2199  0.3164  0.2652  
 2   0.1638     -    0.0197  0.1101  0.1409  
 3   0.2199  0.0197     -    0.0641  0.1545  
 4   0.3164  0.1101  0.0641     -    0.2564  
 5   0.2652  0.1409  0.1545  0.2564     -    

Average distances (expected heterozygosity) between individuals in same cluster:
cluster  1  : 0.1155 
cluster  2  : 0.4046 
cluster  3  : 0.3219 
cluster  4  : 0.1097 
cluster  5  : 0.2063 

--------------------------------------------
Estimated Ln Prob of Data   = -340.2
Mean value of ln likelihood = -227.1
Variance of ln likelihood   = 226.2
Mean value of alpha         = 0.0411

Mean value of Fst_1         = 0.7013
Mean value of Fst_2         = 0.1747
Mean value of Fst_3         = 0.3623
Mean value of Fst_4         = 0.7024
Mean value of Fst_5         = 0.5392


Inferred ancestry of individuals:
        Label (%Miss) :  Inferred clusters
  1 torg1245   (21)   :  0.017 0.100 0.255 0.611 0.017 
  2 oldj1239   (14)   :  0.065 0.225 0.117 0.042 0.551 
  3 crim1257    (0)   :  0.006 0.051 0.035 0.899 0.008 
  4 bash1264    (7)   :  0.006 0.053 0.033 0.900 0.008 
  5 anat1259    (0)   :  0.022 0.067 0.048 0.856 0.007 
  6 okin1246    (0)   :  0.964 0.010 0.009 0.009 0.008 
  7 yaku1245    (0)   :  0.015 0.167 0.492 0.284 0.043 
  8 daur1238    (0)   :  0.007 0.264 0.659 0.058 0.013 
  9 east2337   (14)   :  0.011 0.625 0.308 0.031 0.026 
 10 ikem1235    (7)   :  0.955 0.018 0.010 0.009 0.008 
 11 sibe1251    (0)   :  0.006 0.013 0.018 0.016 0.947 
 12 nort2697    (0)   :  0.022 0.069 0.047 0.854 0.007 
 13 bona1250    (0)   :  0.040 0.617 0.270 0.026 0.047 
 14 ulch1241   (14)   :  0.011 0.115 0.226 0.108 0.540 
 15 nort2935   (14)   :  0.939 0.017 0.013 0.010 0.021 
 16 gaga1249    (0)   :  0.046 0.089 0.169 0.685 0.011 
 17 tara1319    (0)   :  0.964 0.013 0.009 0.007 0.007 
 18 moma1245   (21)   :  0.013 0.036 0.038 0.020 0.893 
 19 manc1252    (0)   :  0.024 0.241 0.136 0.230 0.370 
 20 shor1247    (0)   :  0.009 0.096 0.270 0.614 0.011 
 21 kaza1248    (0)   :  0.006 0.054 0.032 0.899 0.008 
 22 midd1351   (14)   :  0.027 0.132 0.095 0.715 0.032 
 23 chag1247   (71)   :  0.102 0.333 0.271 0.244 0.050 
 24 huih1238   (14)   :  0.025 0.054 0.059 0.036 0.826 
 25 ordo1245    (0)   :  0.007 0.275 0.644 0.063 0.012 
 26 turk1303    (0)   :  0.009 0.094 0.265 0.620 0.013 
 27 negi1245    (0)   :  0.019 0.014 0.013 0.008 0.946 
 28 nana1257    (0)   :  0.011 0.016 0.018 0.013 0.943 
 29 nort2690    (7)   :  0.089 0.287 0.164 0.445 0.014 
 30 shur1243    (0)   :  0.955 0.014 0.010 0.008 0.013 
 31 minh1238    (0)   :  0.066 0.613 0.289 0.024 0.008 
 32 udih1248    (0)   :  0.018 0.024 0.030 0.022 0.906 
 33 oira1262   (14)   :  0.011 0.213 0.508 0.253 0.016 
 34 hate1238    (7)   :  0.806 0.055 0.040 0.061 0.039 
 35 tata1255    (0)   :  0.007 0.051 0.029 0.906 0.008 
 36 turk1304    (0)   :  0.010 0.100 0.262 0.616 0.012 
 37 oroc1248    (0)   :  0.016 0.030 0.020 0.024 0.910 
 38 chuv1255    (0)   :  0.030 0.272 0.375 0.308 0.015 
 39 noga1249   (14)   :  0.026 0.130 0.098 0.710 0.036 
 40 dong1285    (7)   :  0.014 0.638 0.292 0.034 0.023 
 41 halh1238   (14)   :  0.019 0.487 0.420 0.052 0.023 
 42 ogam1239    (0)   :  0.808 0.114 0.059 0.009 0.010 
 43 cent2126    (7)   :  0.953 0.014 0.011 0.012 0.010 
 44 yona1241   (14)   :  0.031 0.632 0.272 0.024 0.041 
 45 kore1280    (0)   :  0.029 0.629 0.308 0.024 0.010 
 46 tuvi1240    (0)   :  0.010 0.227 0.623 0.120 0.021 
 47 huzh1238    (7)   :  0.036 0.635 0.290 0.028 0.011 
 48 khak1248    (0)   :  0.010 0.092 0.260 0.627 0.012 
 49 oldu1238    (7)   :  0.010 0.095 0.258 0.621 0.016 
 50 nucl1643    (0)   :  0.963 0.011 0.009 0.009 0.008 
 51 orok1265   (14)   :  0.013 0.013 0.011 0.007 0.955 
 52 midd1372   (14)   :  0.014 0.660 0.285 0.021 0.019 
 53 mogh1245   (28)   :  0.056 0.202 0.125 0.473 0.145 
 54 uigh1240    (7)   :  0.007 0.054 0.034 0.897 0.008 
 55 kara1467   (14)   :  0.007 0.056 0.031 0.896 0.009 
 56 russ1264   (14)   :  0.013 0.099 0.259 0.612 0.017 
 57 sout2954    (0)   :  0.957 0.012 0.011 0.007 0.013 
 58 berj1234    (0)   :  0.009 0.014 0.013 0.010 0.954 
 59 kham1281    (0)   :  0.015 0.162 0.488 0.291 0.045 
 60 dolg1241    (0)   :  0.010 0.091 0.263 0.625 0.011 


Estimated Allele Frequencies in each cluster
First column gives estimated ancestral frequencies


Locus 1 : TE003 
2 alleles
3.3% missing data
   1   (0.438) 0.024 0.498 0.733 0.958 0.073 
   0   (0.562) 0.976 0.502 0.267 0.042 0.927 

Locus 2 : TE004 
2 alleles
3.3% missing data
   0   (0.811) 0.991 0.864 0.923 0.990 0.352 
   1   (0.189) 0.009 0.136 0.077 0.010 0.648 

Locus 3 : TE005 
2 alleles
18.3% missing data
   0   (0.727) 0.987 0.784 0.865 0.983 0.135 
   1   (0.273) 0.013 0.216 0.135 0.017 0.865 

Locus 4 : TE006 
2 alleles
26.7% missing data
   0   (0.603) 0.106 0.586 0.780 0.960 0.964 
   1   (0.397) 0.894 0.414 0.220 0.040 0.036 

Locus 5 : TE007 
2 alleles
6.7% missing data
   0   (0.717) 0.707 0.701 0.845 0.983 0.972 
   1   (0.283) 0.293 0.299 0.155 0.017 0.028 

Locus 6 : TE008 
2 alleles
1.7% missing data
   1   (0.612) 0.924 0.549 0.571 0.964 0.965 
   0   (0.388) 0.076 0.451 0.429 0.036 0.035 

Locus 7 : TE031 
2 alleles
1.7% missing data
   1   (0.734) 0.037 0.802 0.868 0.846 0.977 
   0   (0.266) 0.963 0.198 0.132 0.154 0.023 

Locus 8 : TE037 
2 alleles
1.7% missing data
   1   (0.530) 0.609 0.536 0.488 0.944 0.137 
   0   (0.470) 0.391 0.464 0.512 0.056 0.863 

Locus 9 : TE038 
2 alleles
1.7% missing data
   1   (0.671) 0.035 0.730 0.861 0.983 0.663 
   0   (0.329) 0.965 0.270 0.139 0.017 0.337 

Locus 10 : TE039 
2 alleles
5.0% missing data
   1   (0.605) 0.970 0.601 0.761 0.351 0.903 
   0   (0.395) 0.030 0.399 0.239 0.649 0.097 

Locus 11 : TE078 
2 alleles
3.3% missing data
   0   (0.785) 0.990 0.766 0.877 0.988 0.981 
   1   (0.215) 0.010 0.234 0.123 0.012 0.019 

Locus 12 : TS079 
2 alleles
10.0% missing data
   0   (0.832) 0.992 0.883 0.932 0.992 0.525 
   1   (0.168) 0.008 0.117 0.068 0.008 0.475 

Locus 13 : TS080 
2 alleles
10.0% missing data
   0   (0.703) 0.986 0.672 0.397 0.150 0.773 
   1   (0.297) 0.014 0.328 0.603 0.850 0.227 

Locus 14 : TS088 
2 alleles
1.7% missing data
   0   (0.548) 0.977 0.459 0.570 0.962 0.959 
   1   (0.452) 0.023 0.541 0.430 0.038 0.041 

Values of parameters used in structure:
DATAFILE=phonology_structure,	OUTFILE=outfile_phonology_structure_K5_run3,	NUMINDS=60,	NUMLOCI=14,	MISSING=-9,	LABEL=1,	POPDATA=0,	POPFLAG=0,	PHENOTYPE=0,	EXTRACOLS=0,	MAXPOPS=5,	BURNIN=10000,	NUMREPS=100000,	USEPOPINFO=0,	INFERALPHA=1,	INFERLAMBDA=0,	POPSPECIFICLAMBDA=0,	POPALPHAS=0,	COMPUTEPROB=1,	NOADMIX=0,	ADMBURNIN=500,	UPDATEFREQ=100,	PRINTLIKES=0,	INTERMEDSAVE=0,	PRINTKLD=0,	PRINTNET=1,	PRINTLAMBDA=1,	ANCESTDIST=0,	NUMBOXES=1000,	ANCESTPINT=0.90000,	GENSBACK=2,	MIGRPRIOR=0.01000,	PRINTQHAT=0,	PRINTQSUM=1,	ALPHA=1.0000,	FREQSCORR=1,	FPRIORMEAN=0.0100,	FPRIORSD=0.0500,	ONEFST=0,	LAMBDA=1.0000,	UNIFPRIORALPHA=1,	ALPHAMAX=10.0000,	ALPHAPRIORA=1.0000,	ALPHAPRIORB=2.0000,	ALPHAPROPSD=0.0250,	STARTATPOPINFO=0,	RANDOMIZE=1,	LINKAGE=0,	METROFREQ=10,	REPORTHITRATE=0,	MARKOVPHASE=0,	PHASED=0,	PLOIDY=1,	PHASEINFO=0	LOCPRIOR=0, 	LOCPRIORINIT=1.000000, 	LOCDATA=0, 	LOCISPOP=0, 	LOCPRIORSTEP=0.100000, 	MAXLOCPRIOR=20.000000, 	SEED=1641217995,	
[STRAT parameters]:    NUMSIMSTATS=1000,	PHENOTYPECOL=-9,	POOLFREQ=10,	LOCUSxONLY=0,	EMERROR=0.00100,	MISSINGPHENO=-9,	