

----------------------------------------------------
STRUCTURE by Pritchard, Stephens and Donnelly (2000)
     and Falush, Stephens and Pritchard (2003)
       Code by Pritchard, Falush and Hubisz
             Version 2.3.4 (Jul 2012)
----------------------------------------------------



Command line arguments:   ./structure -m mainparams -K 6 -i phonology_structure -L 14 -o outfile_phonology_structure_K6_run49 
Input File:    phonology_structure

Run parameters:
   60 individuals
   14 loci
   6 populations assumed
   10000 Burn-in period
   100000 Reps


--------------------------------------------
Overall proportion of membership of the
sample in each of the 6 clusters

Inferred Clusters
  1      2      3      4      5      6    
0.169  0.154  0.176  0.175  0.168  0.159  

--------------------------------------------

Allele-freq. divergence among pops (Net nucleotide distance),
computed using point estimates of P.

      1       2       3       4       5       6      
 1      -    0.1502  0.1725  0.1680  0.2728  0.1645  
 2   0.1502     -    0.0073  0.0050  0.1759  0.0075  
 3   0.1725  0.0073     -    0.0013  0.2146  0.0019  
 4   0.1680  0.0050  0.0013     -    0.2004  0.0051  
 5   0.2728  0.1759  0.2146  0.2004     -    0.2157  
 6   0.1645  0.0075  0.0019  0.0051  0.2157     -    

Average distances (expected heterozygosity) between individuals in same cluster:
cluster  1  : 0.1972 
cluster  2  : 0.3751 
cluster  3  : 0.3126 
cluster  4  : 0.3282 
cluster  5  : 0.1122 
cluster  6  : 0.3171 

--------------------------------------------
Estimated Ln Prob of Data   = -313.5
Mean value of ln likelihood = -226.9
Variance of ln likelihood   = 173.1
Mean value of alpha         = 0.0405

Mean value of Fst_1         = 0.5715
Mean value of Fst_2         = 0.2588
Mean value of Fst_3         = 0.4223
Mean value of Fst_4         = 0.3813
Mean value of Fst_5         = 0.7072
Mean value of Fst_6         = 0.4024


Inferred ancestry of individuals:
        Label (%Miss) :  Inferred clusters
  1 torg1245   (21)   :  0.015 0.170 0.281 0.265 0.016 0.252 
  2 oldj1239   (14)   :  0.461 0.160 0.104 0.120 0.057 0.098 
  3 crim1257    (0)   :  0.007 0.191 0.289 0.339 0.006 0.168 
  4 bash1264    (7)   :  0.007 0.196 0.300 0.326 0.006 0.164 
  5 anat1259    (0)   :  0.007 0.189 0.300 0.319 0.023 0.163 
  6 okin1246    (0)   :  0.008 0.011 0.010 0.011 0.950 0.010 
  7 yaku1245    (0)   :  0.035 0.158 0.266 0.165 0.014 0.361 
  8 daur1238    (0)   :  0.012 0.192 0.250 0.149 0.007 0.389 
  9 east2337   (14)   :  0.024 0.319 0.204 0.242 0.011 0.201 
 10 ikem1235    (7)   :  0.008 0.017 0.013 0.014 0.936 0.013 
 11 sibe1251    (0)   :  0.935 0.014 0.015 0.015 0.005 0.016 
 12 nort2697    (0)   :  0.007 0.193 0.302 0.316 0.023 0.160 
 13 bona1250    (0)   :  0.044 0.309 0.203 0.236 0.038 0.171 
 14 ulch1241   (14)   :  0.496 0.103 0.123 0.106 0.011 0.162 
 15 nort2935   (14)   :  0.018 0.019 0.014 0.017 0.915 0.017 
 16 gaga1249    (0)   :  0.010 0.182 0.292 0.272 0.049 0.194 
 17 tara1319    (0)   :  0.007 0.012 0.009 0.011 0.950 0.011 
 18 moma1245   (21)   :  0.860 0.040 0.027 0.027 0.013 0.033 
 19 manc1252    (0)   :  0.246 0.212 0.159 0.211 0.022 0.148 
 20 shor1247    (0)   :  0.011 0.166 0.294 0.264 0.009 0.255 
 21 kaza1248    (0)   :  0.008 0.196 0.297 0.334 0.006 0.158 
 22 midd1351   (14)   :  0.030 0.200 0.265 0.313 0.026 0.167 
 23 chag1247   (71)   :  0.042 0.229 0.208 0.227 0.090 0.205 
 24 huih1238   (14)   :  0.774 0.053 0.044 0.051 0.023 0.055 
 25 ordo1245    (0)   :  0.012 0.193 0.247 0.143 0.006 0.398 
 26 turk1303    (0)   :  0.010 0.166 0.298 0.264 0.009 0.253 
 27 negi1245    (0)   :  0.934 0.014 0.011 0.012 0.018 0.011 
 28 nana1257    (0)   :  0.918 0.017 0.018 0.018 0.011 0.018 
 29 nort2690    (7)   :  0.013 0.228 0.235 0.269 0.062 0.193 
 30 shur1243    (0)   :  0.012 0.012 0.011 0.010 0.944 0.010 
 31 minh1238    (0)   :  0.007 0.311 0.202 0.228 0.056 0.197 
 32 udih1248    (0)   :  0.878 0.028 0.022 0.025 0.017 0.030 
 33 oira1262   (14)   :  0.014 0.185 0.259 0.207 0.011 0.324 
 34 hate1238    (7)   :  0.034 0.055 0.049 0.051 0.767 0.044 
 35 tata1255    (0)   :  0.007 0.193 0.298 0.336 0.007 0.160 
 36 turk1304    (0)   :  0.011 0.174 0.276 0.272 0.009 0.257 
 37 oroc1248    (0)   :  0.886 0.028 0.024 0.026 0.015 0.022 
 38 chuv1255    (0)   :  0.013 0.215 0.247 0.220 0.023 0.281 
 39 noga1249   (14)   :  0.029 0.204 0.260 0.314 0.025 0.168 
 40 dong1285    (7)   :  0.020 0.337 0.199 0.234 0.013 0.197 
 41 halh1238   (14)   :  0.022 0.284 0.220 0.203 0.016 0.255 
 42 ogam1239    (0)   :  0.010 0.076 0.043 0.053 0.764 0.052 
 43 cent2126    (7)   :  0.010 0.014 0.013 0.012 0.939 0.011 
 44 yona1241   (14)   :  0.029 0.343 0.192 0.215 0.028 0.192 
 45 kore1280    (0)   :  0.010 0.319 0.206 0.229 0.026 0.211 
 46 tuvi1240    (0)   :  0.018 0.177 0.251 0.148 0.010 0.397 
 47 huzh1238    (7)   :  0.011 0.320 0.213 0.235 0.030 0.192 
 48 khak1248    (0)   :  0.011 0.172 0.292 0.258 0.010 0.257 
 49 oldu1238    (7)   :  0.014 0.171 0.288 0.264 0.009 0.253 
 50 nucl1643    (0)   :  0.008 0.010 0.009 0.010 0.955 0.009 
 51 orok1265   (14)   :  0.949 0.010 0.009 0.009 0.014 0.009 
 52 midd1372   (14)   :  0.018 0.341 0.203 0.221 0.013 0.205 
 53 mogh1245   (28)   :  0.104 0.200 0.219 0.275 0.045 0.158 
 54 uigh1240    (7)   :  0.007 0.192 0.302 0.332 0.007 0.160 
 55 kara1467   (14)   :  0.009 0.188 0.295 0.338 0.007 0.163 
 56 russ1264   (14)   :  0.016 0.163 0.293 0.270 0.012 0.245 
 57 sout2954    (0)   :  0.013 0.010 0.010 0.011 0.946 0.011 
 58 berj1234    (0)   :  0.941 0.013 0.012 0.011 0.009 0.013 
 59 kham1281    (0)   :  0.036 0.154 0.262 0.179 0.013 0.356 
 60 dolg1241    (0)   :  0.010 0.173 0.290 0.271 0.009 0.247 


Estimated Allele Frequencies in each cluster
First column gives estimated ancestral frequencies


Locus 1 : TE003 
2 alleles
3.3% missing data
   1   (0.447) 0.066 0.591 0.735 0.686 0.023 0.736 
   0   (0.553) 0.934 0.409 0.265 0.314 0.977 0.264 

Locus 2 : TE004 
2 alleles
3.3% missing data
   0   (0.815) 0.332 0.878 0.923 0.911 0.991 0.922 
   1   (0.185) 0.668 0.122 0.077 0.089 0.009 0.078 

Locus 3 : TE005 
2 alleles
18.3% missing data
   0   (0.774) 0.120 0.844 0.896 0.880 0.988 0.896 
   1   (0.226) 0.880 0.156 0.104 0.120 0.012 0.104 

Locus 4 : TE006 
2 alleles
26.7% missing data
   0   (0.603) 0.967 0.687 0.790 0.748 0.101 0.792 
   1   (0.397) 0.033 0.313 0.210 0.252 0.899 0.208 

Locus 5 : TE007 
2 alleles
6.7% missing data
   0   (0.700) 0.972 0.764 0.843 0.824 0.712 0.845 
   1   (0.300) 0.028 0.236 0.157 0.176 0.288 0.155 

Locus 6 : TE008 
2 alleles
1.7% missing data
   1   (0.608) 0.967 0.649 0.708 0.738 0.932 0.650 
   0   (0.392) 0.033 0.351 0.292 0.262 0.068 0.350 

Locus 7 : TE031 
2 alleles
1.7% missing data
   1   (0.753) 0.980 0.811 0.836 0.828 0.037 0.855 
   0   (0.247) 0.020 0.189 0.164 0.172 0.963 0.145 

Locus 8 : TE037 
2 alleles
1.7% missing data
   1   (0.534) 0.121 0.607 0.663 0.702 0.612 0.560 
   0   (0.466) 0.879 0.393 0.337 0.298 0.388 0.440 

Locus 9 : TE038 
2 alleles
1.7% missing data
   1   (0.678) 0.661 0.771 0.862 0.834 0.034 0.852 
   0   (0.322) 0.339 0.229 0.138 0.166 0.966 0.148 

Locus 10 : TE039 
2 alleles
5.0% missing data
   1   (0.578) 0.921 0.552 0.566 0.496 0.971 0.666 
   0   (0.422) 0.079 0.448 0.434 0.504 0.029 0.334 

Locus 11 : TE078 
2 alleles
3.3% missing data
   0   (0.808) 0.984 0.838 0.898 0.881 0.991 0.896 
   1   (0.192) 0.016 0.162 0.102 0.119 0.009 0.104 

Locus 12 : TS079 
2 alleles
10.0% missing data
   0   (0.853) 0.506 0.911 0.942 0.930 0.993 0.938 
   1   (0.147) 0.494 0.089 0.058 0.070 0.007 0.062 

Locus 13 : TS080 
2 alleles
10.0% missing data
   0   (0.708) 0.773 0.560 0.390 0.452 0.987 0.384 
   1   (0.292) 0.227 0.440 0.610 0.548 0.013 0.616 

Locus 14 : TS088 
2 alleles
1.7% missing data
   0   (0.541) 0.961 0.589 0.688 0.701 0.977 0.642 
   1   (0.459) 0.039 0.411 0.312 0.299 0.023 0.358 

Values of parameters used in structure:
DATAFILE=phonology_structure,	OUTFILE=outfile_phonology_structure_K6_run49,	NUMINDS=60,	NUMLOCI=14,	MISSING=-9,	LABEL=1,	POPDATA=0,	POPFLAG=0,	PHENOTYPE=0,	EXTRACOLS=0,	MAXPOPS=6,	BURNIN=10000,	NUMREPS=100000,	USEPOPINFO=0,	INFERALPHA=1,	INFERLAMBDA=0,	POPSPECIFICLAMBDA=0,	POPALPHAS=0,	COMPUTEPROB=1,	NOADMIX=0,	ADMBURNIN=500,	UPDATEFREQ=100,	PRINTLIKES=0,	INTERMEDSAVE=0,	PRINTKLD=0,	PRINTNET=1,	PRINTLAMBDA=1,	ANCESTDIST=0,	NUMBOXES=1000,	ANCESTPINT=0.90000,	GENSBACK=2,	MIGRPRIOR=0.01000,	PRINTQHAT=0,	PRINTQSUM=1,	ALPHA=1.0000,	FREQSCORR=1,	FPRIORMEAN=0.0100,	FPRIORSD=0.0500,	ONEFST=0,	LAMBDA=1.0000,	UNIFPRIORALPHA=1,	ALPHAMAX=10.0000,	ALPHAPRIORA=1.0000,	ALPHAPRIORB=2.0000,	ALPHAPROPSD=0.0250,	STARTATPOPINFO=0,	RANDOMIZE=1,	LINKAGE=0,	METROFREQ=10,	REPORTHITRATE=0,	MARKOVPHASE=0,	PHASED=0,	PLOIDY=1,	PHASEINFO=0	LOCPRIOR=0, 	LOCPRIORINIT=1.000000, 	LOCDATA=0, 	LOCISPOP=0, 	LOCPRIORSTEP=0.100000, 	MAXLOCPRIOR=20.000000, 	SEED=1641292632,	
[STRAT parameters]:    NUMSIMSTATS=1000,	PHENOTYPECOL=-9,	POOLFREQ=10,	LOCUSxONLY=0,	EMERROR=0.00100,	MISSINGPHENO=-9,	