

----------------------------------------------------
STRUCTURE by Pritchard, Stephens and Donnelly (2000)
     and Falush, Stephens and Pritchard (2003)
       Code by Pritchard, Falush and Hubisz
             Version 2.3.4 (Jul 2012)
----------------------------------------------------



Command line arguments:   ./structure -m mainparams -K 3 -i phonology_structure -L 14 -o outfile_phonology_structure_K3_run19 
Input File:    phonology_structure

Run parameters:
   60 individuals
   14 loci
   3 populations assumed
   10000 Burn-in period
   100000 Reps


--------------------------------------------
Overall proportion of membership of the
sample in each of the 3 clusters

Inferred Clusters
  1      2      3    
0.436  0.361  0.203  

--------------------------------------------

Allele-freq. divergence among pops (Net nucleotide distance),
computed using point estimates of P.

      1       2       3      
 1      -    0.1485  0.2974  
 2   0.1485     -    0.1584  
 3   0.2974  0.1584     -    

Average distances (expected heterozygosity) between individuals in same cluster:
cluster  1  : 0.1203 
cluster  2  : 0.3935 
cluster  3  : 0.1566 

--------------------------------------------
Estimated Ln Prob of Data   = -300.0
Mean value of ln likelihood = -276.5
Variance of ln likelihood   = 47.1
Mean value of alpha         = 0.0559

Mean value of Fst_1         = 0.6513
Mean value of Fst_2         = 0.0606
Mean value of Fst_3         = 0.6420


Inferred ancestry of individuals:
        Label (%Miss) :  Inferred clusters
  1 torg1245   (21)   :  0.948 0.032 0.020 
  2 oldj1239   (14)   :  0.026 0.863 0.111 
  3 crim1257    (0)   :  0.979 0.012 0.009 
  4 bash1264    (7)   :  0.978 0.013 0.009 
  5 anat1259    (0)   :  0.954 0.016 0.030 
  6 okin1246    (0)   :  0.013 0.014 0.974 
  7 yaku1245    (0)   :  0.922 0.057 0.020 
  8 daur1238    (0)   :  0.538 0.444 0.018 
  9 east2337   (14)   :  0.039 0.868 0.093 
 10 ikem1235    (7)   :  0.012 0.017 0.971 
 11 sibe1251    (0)   :  0.033 0.957 0.011 
 12 nort2697    (0)   :  0.955 0.014 0.031 
 13 bona1250    (0)   :  0.018 0.834 0.148 
 14 ulch1241   (14)   :  0.296 0.684 0.020 
 15 nort2935   (14)   :  0.015 0.025 0.960 
 16 gaga1249    (0)   :  0.937 0.018 0.045 
 17 tara1319    (0)   :  0.010 0.013 0.978 
 18 moma1245   (21)   :  0.052 0.922 0.026 
 19 manc1252    (0)   :  0.139 0.808 0.053 
 20 shor1247    (0)   :  0.972 0.016 0.012 
 21 kaza1248    (0)   :  0.978 0.012 0.009 
 22 midd1351   (14)   :  0.828 0.126 0.046 
 23 chag1247   (71)   :  0.426 0.378 0.197 
 24 huih1238   (14)   :  0.056 0.913 0.031 
 25 ordo1245    (0)   :  0.548 0.434 0.018 
 26 turk1303    (0)   :  0.973 0.015 0.012 
 27 negi1245    (0)   :  0.014 0.940 0.046 
 28 nana1257    (0)   :  0.022 0.959 0.019 
 29 nort2690    (7)   :  0.550 0.246 0.204 
 30 shur1243    (0)   :  0.012 0.019 0.969 
 31 minh1238    (0)   :  0.021 0.717 0.262 
 32 udih1248    (0)   :  0.035 0.936 0.028 
 33 oira1262   (14)   :  0.824 0.160 0.017 
 34 hate1238    (7)   :  0.072 0.067 0.861 
 35 tata1255    (0)   :  0.979 0.012 0.009 
 36 turk1304    (0)   :  0.973 0.015 0.012 
 37 oroc1248    (0)   :  0.024 0.958 0.018 
 38 chuv1255    (0)   :  0.783 0.170 0.046 
 39 noga1249   (14)   :  0.830 0.124 0.046 
 40 dong1285    (7)   :  0.030 0.864 0.106 
 41 halh1238   (14)   :  0.197 0.735 0.068 
 42 ogam1239    (0)   :  0.011 0.085 0.904 
 43 cent2126    (7)   :  0.017 0.018 0.964 
 44 yona1241   (14)   :  0.018 0.858 0.124 
 45 kore1280    (0)   :  0.022 0.840 0.139 
 46 tuvi1240    (0)   :  0.763 0.217 0.020 
 47 huzh1238    (7)   :  0.018 0.821 0.161 
 48 khak1248    (0)   :  0.972 0.016 0.012 
 49 oldu1238    (7)   :  0.968 0.020 0.012 
 50 nucl1643    (0)   :  0.014 0.013 0.973 
 51 orok1265   (14)   :  0.016 0.946 0.038 
 52 midd1372   (14)   :  0.011 0.879 0.110 
 53 mogh1245   (28)   :  0.497 0.410 0.093 
 54 uigh1240    (7)   :  0.975 0.015 0.010 
 55 kara1467   (14)   :  0.973 0.016 0.011 
 56 russ1264   (14)   :  0.957 0.026 0.016 
 57 sout2954    (0)   :  0.011 0.016 0.973 
 58 berj1234    (0)   :  0.020 0.962 0.018 
 59 kham1281    (0)   :  0.919 0.062 0.019 
 60 dolg1241    (0)   :  0.972 0.016 0.012 


Estimated Allele Frequencies in each cluster
First column gives estimated ancestral frequencies


Locus 1 : TE003 
2 alleles
3.3% missing data
   1   (0.302) 0.976 0.262 0.037 
   0   (0.698) 0.024 0.738 0.963 

Locus 2 : TE004 
2 alleles
3.3% missing data
   0   (0.687) 0.992 0.637 0.976 
   1   (0.313) 0.008 0.363 0.024 

Locus 3 : TE005 
2 alleles
18.3% missing data
   0   (0.528) 0.980 0.451 0.964 
   1   (0.472) 0.020 0.549 0.036 

Locus 4 : TE006 
2 alleles
26.7% missing data
   0   (0.704) 0.985 0.752 0.139 
   1   (0.296) 0.015 0.248 0.861 

Locus 5 : TE007 
2 alleles
6.7% missing data
   0   (0.722) 0.994 0.750 0.687 
   1   (0.278) 0.006 0.250 0.313 

Locus 6 : TE008 
2 alleles
1.7% missing data
   1   (0.631) 0.901 0.660 0.879 
   0   (0.369) 0.099 0.340 0.121 

Locus 7 : TE031 
2 alleles
1.7% missing data
   1   (0.822) 0.874 0.882 0.087 
   0   (0.178) 0.126 0.118 0.913 

Locus 8 : TE037 
2 alleles
1.7% missing data
   1   (0.389) 0.826 0.346 0.580 
   0   (0.611) 0.174 0.654 0.420 

Locus 9 : TE038 
2 alleles
1.7% missing data
   1   (0.677) 0.993 0.697 0.072 
   0   (0.323) 0.007 0.303 0.928 

Locus 10 : TE039 
2 alleles
5.0% missing data
   1   (0.689) 0.534 0.714 0.942 
   0   (0.311) 0.466 0.286 0.058 

Locus 11 : TE078 
2 alleles
3.3% missing data
   0   (0.833) 0.996 0.847 0.973 
   1   (0.167) 0.004 0.153 0.027 

Locus 12 : TS079 
2 alleles
10.0% missing data
   0   (0.764) 0.994 0.735 0.983 
   1   (0.236) 0.006 0.265 0.017 

Locus 13 : TS080 
2 alleles
10.0% missing data
   0   (0.758) 0.104 0.774 0.984 
   1   (0.242) 0.896 0.226 0.016 

Locus 14 : TS088 
2 alleles
1.7% missing data
   0   (0.586) 0.927 0.605 0.936 
   1   (0.414) 0.073 0.395 0.064 

Values of parameters used in structure:
DATAFILE=phonology_structure,	OUTFILE=outfile_phonology_structure_K3_run19,	NUMINDS=60,	NUMLOCI=14,	MISSING=-9,	LABEL=1,	POPDATA=0,	POPFLAG=0,	PHENOTYPE=0,	EXTRACOLS=0,	MAXPOPS=3,	BURNIN=10000,	NUMREPS=100000,	USEPOPINFO=0,	INFERALPHA=1,	INFERLAMBDA=0,	POPSPECIFICLAMBDA=0,	POPALPHAS=0,	COMPUTEPROB=1,	NOADMIX=0,	ADMBURNIN=500,	UPDATEFREQ=100,	PRINTLIKES=0,	INTERMEDSAVE=0,	PRINTKLD=0,	PRINTNET=1,	PRINTLAMBDA=1,	ANCESTDIST=0,	NUMBOXES=1000,	ANCESTPINT=0.90000,	GENSBACK=2,	MIGRPRIOR=0.01000,	PRINTQHAT=0,	PRINTQSUM=1,	ALPHA=1.0000,	FREQSCORR=1,	FPRIORMEAN=0.0100,	FPRIORSD=0.0500,	ONEFST=0,	LAMBDA=1.0000,	UNIFPRIORALPHA=1,	ALPHAMAX=10.0000,	ALPHAPRIORA=1.0000,	ALPHAPRIORB=2.0000,	ALPHAPROPSD=0.0250,	STARTATPOPINFO=0,	RANDOMIZE=1,	LINKAGE=0,	METROFREQ=10,	REPORTHITRATE=0,	MARKOVPHASE=0,	PHASED=0,	PLOIDY=1,	PHASEINFO=0	LOCPRIOR=0, 	LOCPRIORINIT=1.000000, 	LOCDATA=0, 	LOCISPOP=0, 	LOCPRIORSTEP=0.100000, 	MAXLOCPRIOR=20.000000, 	SEED=1641246413,	
[STRAT parameters]:    NUMSIMSTATS=1000,	PHENOTYPECOL=-9,	POOLFREQ=10,	LOCUSxONLY=0,	EMERROR=0.00100,	MISSINGPHENO=-9,	