

----------------------------------------------------
STRUCTURE by Pritchard, Stephens and Donnelly (2000)
     and Falush, Stephens and Pritchard (2003)
       Code by Pritchard, Falush and Hubisz
             Version 2.3.4 (Jul 2012)
----------------------------------------------------



Command line arguments:   ./structure -m mainparams -K 5 -i phonology_structure -L 14 -o outfile_phonology_structure_K5_run2 
Input File:    phonology_structure

Run parameters:
   60 individuals
   14 loci
   5 populations assumed
   10000 Burn-in period
   100000 Reps


--------------------------------------------
Overall proportion of membership of the
sample in each of the 5 clusters

Inferred Clusters
  1      2      3      4      5    
0.155  0.175  0.172  0.154  0.345  

--------------------------------------------

Allele-freq. divergence among pops (Net nucleotide distance),
computed using point estimates of P.

      1       2       3       4       5      
 1      -    0.1291  0.1641  0.0095  0.1435  
 2   0.1291     -    0.2703  0.1389  0.2614  
 3   0.1641  0.2703     -    0.1949  0.3274  
 4   0.0095  0.1389  0.1949     -    0.0990  
 5   0.1435  0.2614  0.3274  0.0990     -    

Average distances (expected heterozygosity) between individuals in same cluster:
cluster  1  : 0.4174 
cluster  2  : 0.2050 
cluster  3  : 0.1133 
cluster  4  : 0.3759 
cluster  5  : 0.0866 

--------------------------------------------
Estimated Ln Prob of Data   = -316.7
Mean value of ln likelihood = -236.5
Variance of ln likelihood   = 160.4
Mean value of alpha         = 0.0412

Mean value of Fst_1         = 0.0115
Mean value of Fst_2         = 0.5547
Mean value of Fst_3         = 0.7191
Mean value of Fst_4         = 0.1954
Mean value of Fst_5         = 0.7341


Inferred ancestry of individuals:
        Label (%Miss) :  Inferred clusters
  1 torg1245   (21)   :  0.025 0.017 0.016 0.113 0.829 
  2 oldj1239   (14)   :  0.306 0.449 0.053 0.167 0.026 
  3 crim1257    (0)   :  0.011 0.008 0.007 0.022 0.952 
  4 bash1264    (7)   :  0.015 0.008 0.006 0.022 0.949 
  5 anat1259    (0)   :  0.023 0.007 0.024 0.033 0.913 
  6 okin1246    (0)   :  0.009 0.008 0.965 0.009 0.010 
  7 yaku1245    (0)   :  0.070 0.060 0.016 0.276 0.577 
  8 daur1238    (0)   :  0.295 0.015 0.007 0.584 0.098 
  9 east2337   (14)   :  0.599 0.021 0.010 0.353 0.016 
 10 ikem1235    (7)   :  0.021 0.008 0.949 0.014 0.009 
 11 sibe1251    (0)   :  0.011 0.948 0.006 0.015 0.019 
 12 nort2697    (0)   :  0.019 0.007 0.025 0.031 0.918 
 13 bona1250    (0)   :  0.586 0.037 0.042 0.324 0.012 
 14 ulch1241   (14)   :  0.122 0.545 0.011 0.171 0.150 
 15 nort2935   (14)   :  0.020 0.019 0.933 0.019 0.010 
 16 gaga1249    (0)   :  0.019 0.008 0.043 0.080 0.850 
 17 tara1319    (0)   :  0.015 0.007 0.960 0.011 0.008 
 18 moma1245   (21)   :  0.046 0.880 0.013 0.041 0.020 
 19 manc1252    (0)   :  0.285 0.314 0.024 0.202 0.175 
 20 shor1247    (0)   :  0.012 0.011 0.010 0.106 0.861 
 21 kaza1248    (0)   :  0.012 0.008 0.006 0.021 0.953 
 22 midd1351   (14)   :  0.135 0.036 0.029 0.126 0.674 
 23 chag1247   (71)   :  0.363 0.050 0.093 0.322 0.173 
 24 huih1238   (14)   :  0.067 0.799 0.024 0.068 0.042 
 25 ordo1245    (0)   :  0.301 0.015 0.007 0.579 0.098 
 26 turk1303    (0)   :  0.014 0.011 0.010 0.107 0.858 
 27 negi1245    (0)   :  0.015 0.944 0.020 0.014 0.008 
 28 nana1257    (0)   :  0.022 0.933 0.012 0.021 0.012 
 29 nort2690    (7)   :  0.323 0.014 0.088 0.239 0.336 
 30 shur1243    (0)   :  0.012 0.013 0.955 0.012 0.008 
 31 minh1238    (0)   :  0.597 0.008 0.057 0.330 0.008 
 32 udih1248    (0)   :  0.037 0.893 0.017 0.030 0.024 
 33 oira1262   (14)   :  0.153 0.018 0.012 0.337 0.479 
 34 hate1238    (7)   :  0.052 0.035 0.812 0.044 0.057 
 35 tata1255    (0)   :  0.012 0.008 0.006 0.021 0.952 
 36 turk1304    (0)   :  0.014 0.011 0.009 0.111 0.856 
 37 oroc1248    (0)   :  0.026 0.909 0.018 0.020 0.027 
 38 chuv1255    (0)   :  0.277 0.015 0.028 0.353 0.326 
 39 noga1249   (14)   :  0.133 0.035 0.028 0.134 0.670 
 40 dong1285    (7)   :  0.605 0.022 0.013 0.343 0.017 
 41 halh1238   (14)   :  0.431 0.023 0.017 0.486 0.043 
 42 ogam1239    (0)   :  0.116 0.010 0.788 0.079 0.006 
 43 cent2126    (7)   :  0.012 0.010 0.956 0.010 0.012 
 44 yona1241   (14)   :  0.609 0.031 0.027 0.323 0.010 
 45 kore1280    (0)   :  0.585 0.010 0.027 0.369 0.009 
 46 tuvi1240    (0)   :  0.216 0.034 0.011 0.475 0.264 
 47 huzh1238    (7)   :  0.588 0.011 0.035 0.356 0.010 
 48 khak1248    (0)   :  0.012 0.011 0.009 0.103 0.866 
 49 oldu1238    (7)   :  0.013 0.017 0.009 0.111 0.849 
 50 nucl1643    (0)   :  0.009 0.008 0.965 0.008 0.010 
 51 orok1265   (14)   :  0.013 0.954 0.014 0.011 0.008 
 52 midd1372   (14)   :  0.640 0.016 0.013 0.325 0.006 
 53 mogh1245   (28)   :  0.216 0.144 0.051 0.162 0.427 
 54 uigh1240    (7)   :  0.015 0.007 0.008 0.026 0.945 
 55 kara1467   (14)   :  0.015 0.009 0.007 0.024 0.944 
 56 russ1264   (14)   :  0.025 0.016 0.012 0.110 0.837 
 57 sout2954    (0)   :  0.013 0.013 0.956 0.010 0.007 
 58 berj1234    (0)   :  0.016 0.950 0.009 0.014 0.011 
 59 kham1281    (0)   :  0.064 0.060 0.016 0.282 0.578 
 60 dolg1241    (0)   :  0.014 0.011 0.009 0.106 0.860 


Estimated Allele Frequencies in each cluster
First column gives estimated ancestral frequencies


Locus 1 : TE003 
2 alleles
3.3% missing data
   1   (0.430) 0.428 0.076 0.022 0.589 0.982 
   0   (0.570) 0.572 0.924 0.978 0.411 0.018 

Locus 2 : TE004 
2 alleles
3.3% missing data
   0   (0.849) 0.853 0.352 0.994 0.895 0.997 
   1   (0.151) 0.147 0.648 0.006 0.105 0.003 

Locus 3 : TE005 
2 alleles
18.3% missing data
   0   (0.717) 0.720 0.130 0.987 0.819 0.992 
   1   (0.283) 0.280 0.870 0.013 0.181 0.008 

Locus 4 : TE006 
2 alleles
26.7% missing data
   0   (0.664) 0.653 0.971 0.108 0.738 0.985 
   1   (0.336) 0.347 0.029 0.892 0.262 0.015 

Locus 5 : TE007 
2 alleles
6.7% missing data
   0   (0.598) 0.589 0.963 0.710 0.727 0.992 
   1   (0.402) 0.411 0.037 0.290 0.273 0.008 

Locus 6 : TE008 
2 alleles
1.7% missing data
   1   (0.559) 0.546 0.961 0.925 0.524 0.977 
   0   (0.441) 0.454 0.039 0.075 0.476 0.023 

Locus 7 : TE031 
2 alleles
1.7% missing data
   1   (0.796) 0.802 0.983 0.036 0.849 0.866 
   0   (0.204) 0.198 0.017 0.964 0.151 0.134 

Locus 8 : TE037 
2 alleles
1.7% missing data
   1   (0.447) 0.447 0.124 0.612 0.428 0.939 
   0   (0.553) 0.553 0.876 0.388 0.572 0.061 

Locus 9 : TE038 
2 alleles
1.7% missing data
   1   (0.671) 0.673 0.674 0.032 0.786 0.994 
   0   (0.329) 0.327 0.326 0.968 0.214 0.006 

Locus 10 : TE039 
2 alleles
5.0% missing data
   1   (0.571) 0.566 0.910 0.972 0.662 0.460 
   0   (0.429) 0.434 0.090 0.028 0.338 0.540 

Locus 11 : TE078 
2 alleles
3.3% missing data
   0   (0.708) 0.700 0.976 0.988 0.798 0.994 
   1   (0.292) 0.300 0.024 0.012 0.202 0.006 

Locus 12 : TS079 
2 alleles
10.0% missing data
   0   (0.866) 0.870 0.521 0.995 0.907 0.997 
   1   (0.134) 0.130 0.479 0.005 0.093 0.003 

Locus 13 : TS080 
2 alleles
10.0% missing data
   0   (0.738) 0.747 0.765 0.989 0.565 0.080 
   1   (0.262) 0.253 0.235 0.011 0.435 0.920 

Locus 14 : TS088 
2 alleles
1.7% missing data
   0   (0.506) 0.487 0.957 0.977 0.500 0.977 
   1   (0.494) 0.513 0.043 0.023 0.500 0.023 

Values of parameters used in structure:
DATAFILE=phonology_structure,	OUTFILE=outfile_phonology_structure_K5_run2,	NUMINDS=60,	NUMLOCI=14,	MISSING=-9,	LABEL=1,	POPDATA=0,	POPFLAG=0,	PHENOTYPE=0,	EXTRACOLS=0,	MAXPOPS=5,	BURNIN=10000,	NUMREPS=100000,	USEPOPINFO=0,	INFERALPHA=1,	INFERLAMBDA=0,	POPSPECIFICLAMBDA=0,	POPALPHAS=0,	COMPUTEPROB=1,	NOADMIX=0,	ADMBURNIN=500,	UPDATEFREQ=100,	PRINTLIKES=0,	INTERMEDSAVE=0,	PRINTKLD=0,	PRINTNET=1,	PRINTLAMBDA=1,	ANCESTDIST=0,	NUMBOXES=1000,	ANCESTPINT=0.90000,	GENSBACK=2,	MIGRPRIOR=0.01000,	PRINTQHAT=0,	PRINTQSUM=1,	ALPHA=1.0000,	FREQSCORR=1,	FPRIORMEAN=0.0100,	FPRIORSD=0.0500,	ONEFST=0,	LAMBDA=1.0000,	UNIFPRIORALPHA=1,	ALPHAMAX=10.0000,	ALPHAPRIORA=1.0000,	ALPHAPRIORB=2.0000,	ALPHAPROPSD=0.0250,	STARTATPOPINFO=0,	RANDOMIZE=1,	LINKAGE=0,	METROFREQ=10,	REPORTHITRATE=0,	MARKOVPHASE=0,	PHASED=0,	PLOIDY=1,	PHASEINFO=0	LOCPRIOR=0, 	LOCPRIORINIT=1.000000, 	LOCDATA=0, 	LOCISPOP=0, 	LOCPRIORSTEP=0.100000, 	MAXLOCPRIOR=20.000000, 	SEED=1641217395,	
[STRAT parameters]:    NUMSIMSTATS=1000,	PHENOTYPECOL=-9,	POOLFREQ=10,	LOCUSxONLY=0,	EMERROR=0.00100,	MISSINGPHENO=-9,	