

----------------------------------------------------
STRUCTURE by Pritchard, Stephens and Donnelly (2000)
     and Falush, Stephens and Pritchard (2003)
       Code by Pritchard, Falush and Hubisz
             Version 2.3.4 (Jul 2012)
----------------------------------------------------



Command line arguments:   ./structure -m mainparams -K 6 -i phonology_structure -L 14 -o outfile_phonology_structure_K6_run22 
Input File:    phonology_structure

Run parameters:
   60 individuals
   14 loci
   6 populations assumed
   10000 Burn-in period
   100000 Reps


--------------------------------------------
Overall proportion of membership of the
sample in each of the 6 clusters

Inferred Clusters
  1      2      3      4      5      6    
0.167  0.167  0.262  0.153  0.132  0.120  

--------------------------------------------

Allele-freq. divergence among pops (Net nucleotide distance),
computed using point estimates of P.

      1       2       3       4       5       6      
 1      -    0.2752  0.3217  0.2194  0.1629  0.1546  
 2   0.2752     -    0.2672  0.1645  0.1454  0.1389  
 3   0.3217  0.2672     -    0.0549  0.0821  0.1088  
 4   0.2194  0.1645  0.0549     -    0.0125  0.0197  
 5   0.1629  0.1454  0.0821  0.0125     -    0.0019  
 6   0.1546  0.1389  0.1088  0.0197  0.0019     -    

Average distances (expected heterozygosity) between individuals in same cluster:
cluster  1  : 0.1107 
cluster  2  : 0.1952 
cluster  3  : 0.1081 
cluster  4  : 0.3201 
cluster  5  : 0.3940 
cluster  6  : 0.4098 

--------------------------------------------
Estimated Ln Prob of Data   = -309.8
Mean value of ln likelihood = -227.9
Variance of ln likelihood   = 163.8
Mean value of alpha         = 0.0390

Mean value of Fst_1         = 0.7129
Mean value of Fst_2         = 0.5789
Mean value of Fst_3         = 0.7356
Mean value of Fst_4         = 0.4027
Mean value of Fst_5         = 0.1971
Mean value of Fst_6         = 0.0937


Inferred ancestry of individuals:
        Label (%Miss) :  Inferred clusters
  1 torg1245   (21)   :  0.015 0.014 0.559 0.243 0.111 0.058 
  2 oldj1239   (14)   :  0.056 0.412 0.030 0.101 0.182 0.219 
  3 crim1257    (0)   :  0.006 0.007 0.791 0.079 0.098 0.018 
  4 bash1264    (7)   :  0.006 0.007 0.794 0.075 0.101 0.017 
  5 anat1259    (0)   :  0.022 0.006 0.772 0.071 0.103 0.026 
  6 okin1246    (0)   :  0.952 0.008 0.009 0.009 0.011 0.011 
  7 yaku1245    (0)   :  0.013 0.034 0.290 0.410 0.132 0.121 
  8 daur1238    (0)   :  0.006 0.010 0.111 0.493 0.162 0.218 
  9 east2337   (14)   :  0.010 0.021 0.021 0.227 0.342 0.379 
 10 ikem1235    (7)   :  0.938 0.008 0.008 0.013 0.016 0.018 
 11 sibe1251    (0)   :  0.005 0.932 0.018 0.017 0.014 0.014 
 12 nort2697    (0)   :  0.022 0.006 0.763 0.076 0.104 0.029 
 13 bona1250    (0)   :  0.034 0.035 0.012 0.194 0.350 0.375 
 14 ulch1241   (14)   :  0.010 0.463 0.121 0.187 0.108 0.113 
 15 nort2935   (14)   :  0.918 0.018 0.010 0.014 0.019 0.022 
 16 gaga1249    (0)   :  0.050 0.010 0.615 0.171 0.099 0.056 
 17 tara1319    (0)   :  0.949 0.006 0.007 0.012 0.014 0.012 
 18 moma1245   (21)   :  0.013 0.860 0.018 0.034 0.036 0.040 
 19 manc1252    (0)   :  0.021 0.274 0.162 0.119 0.209 0.215 
 20 shor1247    (0)   :  0.009 0.010 0.586 0.255 0.099 0.041 
 21 kaza1248    (0)   :  0.006 0.007 0.784 0.082 0.104 0.017 
 22 midd1351   (14)   :  0.023 0.027 0.558 0.125 0.159 0.108 
 23 chag1247   (71)   :  0.090 0.037 0.167 0.218 0.245 0.243 
 24 huih1238   (14)   :  0.023 0.784 0.040 0.049 0.049 0.054 
 25 ordo1245    (0)   :  0.006 0.010 0.111 0.486 0.169 0.217 
 26 turk1303    (0)   :  0.008 0.010 0.591 0.252 0.095 0.043 
 27 negi1245    (0)   :  0.019 0.937 0.007 0.012 0.013 0.012 
 28 nana1257    (0)   :  0.012 0.919 0.012 0.017 0.017 0.023 
 29 nort2690    (7)   :  0.062 0.012 0.284 0.158 0.251 0.233 
 30 shur1243    (0)   :  0.939 0.013 0.007 0.011 0.013 0.017 
 31 minh1238    (0)   :  0.057 0.007 0.011 0.196 0.331 0.398 
 32 udih1248    (0)   :  0.016 0.866 0.023 0.025 0.035 0.034 
 33 oira1262   (14)   :  0.011 0.013 0.267 0.391 0.162 0.157 
 34 hate1238    (7)   :  0.752 0.036 0.055 0.042 0.056 0.060 
 35 tata1255    (0)   :  0.006 0.007 0.796 0.076 0.100 0.014 
 36 turk1304    (0)   :  0.009 0.010 0.591 0.246 0.094 0.051 
 37 oroc1248    (0)   :  0.015 0.892 0.023 0.022 0.023 0.025 
 38 chuv1255    (0)   :  0.024 0.012 0.260 0.265 0.200 0.239 
 39 noga1249   (14)   :  0.025 0.028 0.564 0.121 0.157 0.105 
 40 dong1285    (7)   :  0.013 0.017 0.019 0.186 0.360 0.404 
 41 halh1238   (14)   :  0.017 0.022 0.060 0.331 0.280 0.289 
 42 ogam1239    (0)   :  0.739 0.010 0.007 0.059 0.090 0.095 
 43 cent2126    (7)   :  0.941 0.010 0.011 0.011 0.013 0.013 
 44 yona1241   (14)   :  0.026 0.030 0.013 0.177 0.344 0.411 
 45 kore1280    (0)   :  0.027 0.010 0.013 0.206 0.351 0.394 
 46 tuvi1240    (0)   :  0.009 0.017 0.157 0.484 0.151 0.181 
 47 huzh1238    (7)   :  0.033 0.011 0.014 0.206 0.358 0.379 
 48 khak1248    (0)   :  0.009 0.010 0.588 0.249 0.101 0.042 
 49 oldu1238    (7)   :  0.009 0.014 0.581 0.245 0.101 0.049 
 50 nucl1643    (0)   :  0.954 0.007 0.009 0.010 0.010 0.011 
 51 orok1265   (14)   :  0.013 0.946 0.007 0.010 0.012 0.012 
 52 midd1372   (14)   :  0.013 0.018 0.008 0.185 0.375 0.401 
 53 mogh1245   (28)   :  0.045 0.097 0.341 0.124 0.201 0.192 
 54 uigh1240    (7)   :  0.007 0.007 0.787 0.081 0.103 0.016 
 55 kara1467   (14)   :  0.007 0.008 0.778 0.085 0.102 0.019 
 56 russ1264   (14)   :  0.012 0.015 0.569 0.251 0.102 0.052 
 57 sout2954    (0)   :  0.944 0.012 0.007 0.011 0.013 0.013 
 58 berj1234    (0)   :  0.009 0.937 0.010 0.015 0.014 0.015 
 59 kham1281    (0)   :  0.013 0.036 0.284 0.410 0.137 0.119 
 60 dolg1241    (0)   :  0.009 0.011 0.600 0.238 0.099 0.044 


Estimated Allele Frequencies in each cluster
First column gives estimated ancestral frequencies


Locus 1 : TE003 
2 alleles
3.3% missing data
   1   (0.418) 0.021 0.059 0.971 0.729 0.532 0.466 
   0   (0.582) 0.979 0.941 0.029 0.271 0.468 0.534 

Locus 2 : TE004 
2 alleles
3.3% missing data
   0   (0.841) 0.993 0.322 0.993 0.926 0.886 0.868 
   1   (0.159) 0.007 0.678 0.007 0.074 0.114 0.132 

Locus 3 : TE005 
2 alleles
18.3% missing data
   0   (0.750) 0.988 0.119 0.987 0.878 0.810 0.777 
   1   (0.250) 0.012 0.881 0.013 0.122 0.190 0.223 

Locus 4 : TE006 
2 alleles
26.7% missing data
   0   (0.535) 0.092 0.962 0.969 0.770 0.598 0.557 
   1   (0.465) 0.908 0.038 0.031 0.230 0.402 0.443 

Locus 5 : TE007 
2 alleles
6.7% missing data
   0   (0.695) 0.712 0.973 0.988 0.843 0.740 0.712 
   1   (0.305) 0.288 0.027 0.012 0.157 0.260 0.288 

Locus 6 : TE008 
2 alleles
1.7% missing data
   1   (0.614) 0.934 0.969 0.945 0.596 0.640 0.587 
   0   (0.386) 0.066 0.031 0.055 0.404 0.360 0.413 

Locus 7 : TE031 
2 alleles
1.7% missing data
   1   (0.753) 0.036 0.980 0.854 0.872 0.799 0.782 
   0   (0.247) 0.964 0.020 0.146 0.128 0.201 0.218 

Locus 8 : TE037 
2 alleles
1.7% missing data
   1   (0.500) 0.614 0.119 0.914 0.505 0.552 0.479 
   0   (0.500) 0.386 0.881 0.086 0.495 0.448 0.521 

Locus 9 : TE038 
2 alleles
1.7% missing data
   1   (0.680) 0.034 0.664 0.988 0.856 0.749 0.714 
   0   (0.320) 0.966 0.336 0.012 0.144 0.251 0.286 

Locus 10 : TE039 
2 alleles
5.0% missing data
   1   (0.578) 0.971 0.924 0.408 0.727 0.573 0.599 
   0   (0.422) 0.029 0.076 0.592 0.273 0.427 0.401 

Locus 11 : TE078 
2 alleles
3.3% missing data
   0   (0.767) 0.989 0.982 0.991 0.891 0.794 0.769 
   1   (0.233) 0.011 0.018 0.009 0.109 0.206 0.231 

Locus 12 : TS079 
2 alleles
10.0% missing data
   0   (0.846) 0.993 0.503 0.994 0.938 0.890 0.869 
   1   (0.154) 0.007 0.497 0.006 0.062 0.110 0.131 

Locus 13 : TS080 
2 alleles
10.0% missing data
   0   (0.685) 0.986 0.776 0.110 0.393 0.574 0.637 
   1   (0.315) 0.014 0.224 0.890 0.607 0.426 0.363 

Locus 14 : TS088 
2 alleles
1.7% missing data
   0   (0.544) 0.978 0.963 0.952 0.590 0.580 0.521 
   1   (0.456) 0.022 0.037 0.048 0.410 0.420 0.479 

Values of parameters used in structure:
DATAFILE=phonology_structure,	OUTFILE=outfile_phonology_structure_K6_run22,	NUMINDS=60,	NUMLOCI=14,	MISSING=-9,	LABEL=1,	POPDATA=0,	POPFLAG=0,	PHENOTYPE=0,	EXTRACOLS=0,	MAXPOPS=6,	BURNIN=10000,	NUMREPS=100000,	USEPOPINFO=0,	INFERALPHA=1,	INFERLAMBDA=0,	POPSPECIFICLAMBDA=0,	POPALPHAS=0,	COMPUTEPROB=1,	NOADMIX=0,	ADMBURNIN=500,	UPDATEFREQ=100,	PRINTLIKES=0,	INTERMEDSAVE=0,	PRINTKLD=0,	PRINTNET=1,	PRINTLAMBDA=1,	ANCESTDIST=0,	NUMBOXES=1000,	ANCESTPINT=0.90000,	GENSBACK=2,	MIGRPRIOR=0.01000,	PRINTQHAT=0,	PRINTQSUM=1,	ALPHA=1.0000,	FREQSCORR=1,	FPRIORMEAN=0.0100,	FPRIORSD=0.0500,	ONEFST=0,	LAMBDA=1.0000,	UNIFPRIORALPHA=1,	ALPHAMAX=10.0000,	ALPHAPRIORA=1.0000,	ALPHAPRIORB=2.0000,	ALPHAPROPSD=0.0250,	STARTATPOPINFO=0,	RANDOMIZE=1,	LINKAGE=0,	METROFREQ=10,	REPORTHITRATE=0,	MARKOVPHASE=0,	PHASED=0,	PLOIDY=1,	PHASEINFO=0	LOCPRIOR=0, 	LOCPRIORINIT=1.000000, 	LOCDATA=0, 	LOCISPOP=0, 	LOCPRIORSTEP=0.100000, 	MAXLOCPRIOR=20.000000, 	SEED=1641259726,	
[STRAT parameters]:    NUMSIMSTATS=1000,	PHENOTYPECOL=-9,	POOLFREQ=10,	LOCUSxONLY=0,	EMERROR=0.00100,	MISSINGPHENO=-9,	