

----------------------------------------------------
STRUCTURE by Pritchard, Stephens and Donnelly (2000)
     and Falush, Stephens and Pritchard (2003)
       Code by Pritchard, Falush and Hubisz
             Version 2.3.4 (Jul 2012)
----------------------------------------------------



Command line arguments:   ./structure -m mainparams -K 6 -i phonology_structure -L 14 -o outfile_phonology_structure_K6_run45 
Input File:    phonology_structure

Run parameters:
   60 individuals
   14 loci
   6 populations assumed
   10000 Burn-in period
   100000 Reps


--------------------------------------------
Overall proportion of membership of the
sample in each of the 6 clusters

Inferred Clusters
  1      2      3      4      5      6    
0.174  0.167  0.173  0.200  0.168  0.118  

--------------------------------------------

Allele-freq. divergence among pops (Net nucleotide distance),
computed using point estimates of P.

      1       2       3       4       5       6      
 1      -    0.2457  0.0055  0.0026  0.1804  0.0560  
 2   0.2457     -    0.2052  0.2332  0.2731  0.1472  
 3   0.0055  0.2052     -    0.0028  0.1670  0.0305  
 4   0.0026  0.2332  0.0028     -    0.1874  0.0511  
 5   0.1804  0.2731  0.1670  0.1874     -    0.1426  
 6   0.0560  0.1472  0.0305  0.0511  0.1426     -    

Average distances (expected heterozygosity) between individuals in same cluster:
cluster  1  : 0.2637 
cluster  2  : 0.1119 
cluster  3  : 0.3257 
cluster  4  : 0.2762 
cluster  5  : 0.1982 
cluster  6  : 0.4108 

--------------------------------------------
Estimated Ln Prob of Data   = -308.6
Mean value of ln likelihood = -227.7
Variance of ln likelihood   = 162.0
Mean value of alpha         = 0.0392

Mean value of Fst_1         = 0.5067
Mean value of Fst_2         = 0.7101
Mean value of Fst_3         = 0.3680
Mean value of Fst_4         = 0.4991
Mean value of Fst_5         = 0.5685
Mean value of Fst_6         = 0.0465


Inferred ancestry of individuals:
        Label (%Miss) :  Inferred clusters
  1 torg1245   (21)   :  0.321 0.015 0.249 0.366 0.016 0.032 
  2 oldj1239   (14)   :  0.072 0.057 0.118 0.078 0.427 0.248 
  3 crim1257    (0)   :  0.238 0.006 0.322 0.415 0.007 0.012 
  4 bash1264    (7)   :  0.242 0.006 0.319 0.413 0.007 0.013 
  5 anat1259    (0)   :  0.235 0.021 0.308 0.407 0.006 0.022 
  6 okin1246    (0)   :  0.008 0.954 0.010 0.009 0.008 0.011 
  7 yaku1245    (0)   :  0.412 0.013 0.207 0.296 0.036 0.036 
  8 daur1238    (0)   :  0.394 0.007 0.234 0.226 0.011 0.129 
  9 east2337   (14)   :  0.139 0.010 0.242 0.154 0.023 0.432 
 10 ikem1235    (7)   :  0.009 0.939 0.012 0.011 0.008 0.021 
 11 sibe1251    (0)   :  0.019 0.005 0.015 0.016 0.933 0.012 
 12 nort2697    (0)   :  0.238 0.023 0.308 0.401 0.007 0.022 
 13 bona1250    (0)   :  0.115 0.036 0.214 0.142 0.037 0.456 
 14 ulch1241   (14)   :  0.178 0.011 0.115 0.136 0.486 0.075 
 15 nort2935   (14)   :  0.014 0.917 0.015 0.013 0.018 0.022 
 16 gaga1249    (0)   :  0.273 0.048 0.257 0.379 0.011 0.031 
 17 tara1319    (0)   :  0.008 0.950 0.011 0.010 0.006 0.015 
 18 moma1245   (21)   :  0.033 0.013 0.029 0.025 0.862 0.038 
 19 manc1252    (0)   :  0.144 0.021 0.172 0.151 0.256 0.256 
 20 shor1247    (0)   :  0.331 0.009 0.253 0.383 0.010 0.015 
 21 kaza1248    (0)   :  0.235 0.006 0.317 0.424 0.007 0.011 
 22 midd1351   (14)   :  0.213 0.023 0.291 0.317 0.030 0.128 
 23 chag1247   (71)   :  0.185 0.086 0.225 0.189 0.040 0.274 
 24 huih1238   (14)   :  0.051 0.022 0.052 0.042 0.769 0.064 
 25 ordo1245    (0)   :  0.395 0.006 0.237 0.227 0.011 0.125 
 26 turk1303    (0)   :  0.336 0.009 0.250 0.381 0.010 0.014 
 27 negi1245    (0)   :  0.011 0.020 0.011 0.010 0.934 0.015 
 28 nana1257    (0)   :  0.016 0.011 0.014 0.014 0.926 0.019 
 29 nort2690    (7)   :  0.174 0.065 0.249 0.230 0.013 0.271 
 30 shur1243    (0)   :  0.011 0.944 0.010 0.010 0.012 0.013 
 31 minh1238    (0)   :  0.114 0.062 0.202 0.158 0.007 0.456 
 32 udih1248    (0)   :  0.030 0.016 0.027 0.023 0.880 0.025 
 33 oira1262   (14)   :  0.350 0.011 0.234 0.284 0.014 0.108 
 34 hate1238    (7)   :  0.044 0.766 0.047 0.050 0.034 0.060 
 35 tata1255    (0)   :  0.245 0.006 0.315 0.415 0.007 0.011 
 36 turk1304    (0)   :  0.325 0.009 0.255 0.386 0.010 0.014 
 37 oroc1248    (0)   :  0.022 0.014 0.022 0.022 0.897 0.023 
 38 chuv1255    (0)   :  0.283 0.026 0.269 0.229 0.012 0.181 
 39 noga1249   (14)   :  0.212 0.025 0.282 0.330 0.029 0.122 
 40 dong1285    (7)   :  0.121 0.013 0.210 0.167 0.020 0.468 
 41 halh1238   (14)   :  0.215 0.016 0.233 0.180 0.022 0.335 
 42 ogam1239    (0)   :  0.036 0.751 0.059 0.039 0.010 0.105 
 43 cent2126    (7)   :  0.011 0.942 0.012 0.012 0.010 0.013 
 44 yona1241   (14)   :  0.114 0.025 0.201 0.164 0.030 0.467 
 45 kore1280    (0)   :  0.124 0.024 0.216 0.175 0.009 0.452 
 46 tuvi1240    (0)   :  0.434 0.010 0.216 0.244 0.018 0.078 
 47 huzh1238    (7)   :  0.123 0.031 0.222 0.162 0.011 0.451 
 48 khak1248    (0)   :  0.339 0.009 0.244 0.384 0.010 0.013 
 49 oldu1238    (7)   :  0.336 0.009 0.247 0.379 0.013 0.016 
 50 nucl1643    (0)   :  0.009 0.953 0.009 0.009 0.008 0.012 
 51 orok1265   (14)   :  0.010 0.014 0.010 0.010 0.945 0.011 
 52 midd1372   (14)   :  0.114 0.013 0.200 0.160 0.016 0.496 
 53 mogh1245   (28)   :  0.189 0.047 0.236 0.228 0.106 0.193 
 54 uigh1240    (7)   :  0.236 0.007 0.320 0.415 0.007 0.015 
 55 kara1467   (14)   :  0.239 0.007 0.319 0.409 0.008 0.017 
 56 russ1264   (14)   :  0.336 0.012 0.244 0.369 0.016 0.023 
 57 sout2954    (0)   :  0.010 0.945 0.011 0.009 0.012 0.013 
 58 berj1234    (0)   :  0.013 0.009 0.012 0.011 0.940 0.014 
 59 kham1281    (0)   :  0.428 0.013 0.202 0.291 0.032 0.034 
 60 dolg1241    (0)   :  0.337 0.009 0.247 0.383 0.010 0.015 


Estimated Allele Frequencies in each cluster
First column gives estimated ancestral frequencies


Locus 1 : TE003 
2 alleles
3.3% missing data
   1   (0.451) 0.817 0.023 0.716 0.792 0.067 0.426 
   0   (0.549) 0.183 0.977 0.284 0.208 0.933 0.574 

Locus 2 : TE004 
2 alleles
3.3% missing data
   0   (0.818) 0.944 0.992 0.919 0.936 0.334 0.825 
   1   (0.182) 0.056 0.008 0.081 0.064 0.666 0.175 

Locus 3 : TE005 
2 alleles
18.3% missing data
   0   (0.768) 0.913 0.989 0.885 0.919 0.121 0.774 
   1   (0.232) 0.087 0.011 0.115 0.081 0.879 0.226 

Locus 4 : TE006 
2 alleles
26.7% missing data
   0   (0.582) 0.863 0.098 0.763 0.833 0.965 0.541 
   1   (0.418) 0.137 0.902 0.237 0.167 0.035 0.459 

Locus 5 : TE007 
2 alleles
6.7% missing data
   0   (0.685) 0.904 0.709 0.834 0.871 0.971 0.654 
   1   (0.315) 0.096 0.291 0.166 0.129 0.029 0.346 

Locus 6 : TE008 
2 alleles
1.7% missing data
   1   (0.618) 0.710 0.931 0.718 0.772 0.968 0.590 
   0   (0.382) 0.290 0.069 0.282 0.228 0.032 0.410 

Locus 7 : TE031 
2 alleles
1.7% missing data
   1   (0.768) 0.875 0.037 0.829 0.846 0.981 0.784 
   0   (0.232) 0.125 0.963 0.171 0.154 0.019 0.216 

Locus 8 : TE037 
2 alleles
1.7% missing data
   1   (0.540) 0.610 0.614 0.653 0.725 0.126 0.540 
   0   (0.460) 0.390 0.386 0.347 0.275 0.874 0.460 

Locus 9 : TE038 
2 alleles
1.7% missing data
   1   (0.662) 0.905 0.032 0.830 0.878 0.663 0.663 
   0   (0.338) 0.095 0.968 0.170 0.122 0.337 0.337 

Locus 10 : TE039 
2 alleles
5.0% missing data
   1   (0.588) 0.663 0.971 0.538 0.550 0.923 0.560 
   0   (0.412) 0.337 0.029 0.462 0.450 0.077 0.440 

Locus 11 : TE078 
2 alleles
3.3% missing data
   0   (0.815) 0.940 0.991 0.893 0.920 0.985 0.778 
   1   (0.185) 0.060 0.009 0.107 0.080 0.015 0.222 

Locus 12 : TS079 
2 alleles
10.0% missing data
   0   (0.864) 0.958 0.994 0.931 0.961 0.504 0.881 
   1   (0.136) 0.042 0.006 0.069 0.039 0.496 0.119 

Locus 13 : TS080 
2 alleles
10.0% missing data
   0   (0.720) 0.278 0.987 0.422 0.319 0.775 0.760 
   1   (0.280) 0.722 0.013 0.578 0.681 0.225 0.240 

Locus 14 : TS088 
2 alleles
1.7% missing data
   0   (0.515) 0.724 0.976 0.683 0.734 0.959 0.457 
   1   (0.485) 0.276 0.024 0.317 0.266 0.041 0.543 

Values of parameters used in structure:
DATAFILE=phonology_structure,	OUTFILE=outfile_phonology_structure_K6_run45,	NUMINDS=60,	NUMLOCI=14,	MISSING=-9,	LABEL=1,	POPDATA=0,	POPFLAG=0,	PHENOTYPE=0,	EXTRACOLS=0,	MAXPOPS=6,	BURNIN=10000,	NUMREPS=100000,	USEPOPINFO=0,	INFERALPHA=1,	INFERLAMBDA=0,	POPSPECIFICLAMBDA=0,	POPALPHAS=0,	COMPUTEPROB=1,	NOADMIX=0,	ADMBURNIN=500,	UPDATEFREQ=100,	PRINTLIKES=0,	INTERMEDSAVE=0,	PRINTKLD=0,	PRINTNET=1,	PRINTLAMBDA=1,	ANCESTDIST=0,	NUMBOXES=1000,	ANCESTPINT=0.90000,	GENSBACK=2,	MIGRPRIOR=0.01000,	PRINTQHAT=0,	PRINTQSUM=1,	ALPHA=1.0000,	FREQSCORR=1,	FPRIORMEAN=0.0100,	FPRIORSD=0.0500,	ONEFST=0,	LAMBDA=1.0000,	UNIFPRIORALPHA=1,	ALPHAMAX=10.0000,	ALPHAPRIORA=1.0000,	ALPHAPRIORB=2.0000,	ALPHAPROPSD=0.0250,	STARTATPOPINFO=0,	RANDOMIZE=1,	LINKAGE=0,	METROFREQ=10,	REPORTHITRATE=0,	MARKOVPHASE=0,	PHASED=0,	PLOIDY=1,	PHASEINFO=0	LOCPRIOR=0, 	LOCPRIORINIT=1.000000, 	LOCDATA=0, 	LOCISPOP=0, 	LOCPRIORSTEP=0.100000, 	MAXLOCPRIOR=20.000000, 	SEED=1641290036,	
[STRAT parameters]:    NUMSIMSTATS=1000,	PHENOTYPECOL=-9,	POOLFREQ=10,	LOCUSxONLY=0,	EMERROR=0.00100,	MISSINGPHENO=-9,	