

----------------------------------------------------
STRUCTURE by Pritchard, Stephens and Donnelly (2000)
     and Falush, Stephens and Pritchard (2003)
       Code by Pritchard, Falush and Hubisz
             Version 2.3.4 (Jul 2012)
----------------------------------------------------



Command line arguments:   ./structure -m mainparams -K 7 -i phonology_structure -L 14 -o outfile_phonology_structure_K7_run43 
Input File:    phonology_structure

Run parameters:
   60 individuals
   14 loci
   7 populations assumed
   10000 Burn-in period
   100000 Reps


--------------------------------------------
Overall proportion of membership of the
sample in each of the 7 clusters

Inferred Clusters
  1      2      3      4      5      6      7    
0.143  0.154  0.165  0.132  0.115  0.129  0.162  

--------------------------------------------

Allele-freq. divergence among pops (Net nucleotide distance),
computed using point estimates of P.

      1       2       3       4       5       6       7      
 1      -    0.0024  0.2011  0.0006  0.0038  0.0036  0.1663  
 2   0.0024     -    0.2186  0.0036  0.0092  0.0103  0.1760  
 3   0.2011  0.2186     -    0.2025  0.1857  0.1839  0.2786  
 4   0.0006  0.0036  0.2025     -    0.0018  0.0022  0.1643  
 5   0.0038  0.0092  0.1857  0.0018     -    0.0005  0.1518  
 6   0.0036  0.0103  0.1839  0.0022  0.0005     -    0.1554  
 7   0.1663  0.1760  0.2786  0.1643  0.1518  0.1554     -    

Average distances (expected heterozygosity) between individuals in same cluster:
cluster  1  : 0.3315 
cluster  2  : 0.2926 
cluster  3  : 0.1102 
cluster  4  : 0.3410 
cluster  5  : 0.3674 
cluster  6  : 0.3713 
cluster  7  : 0.1928 

--------------------------------------------
Estimated Ln Prob of Data   = -347.5
Mean value of ln likelihood = -230.2
Variance of ln likelihood   = 234.6
Mean value of alpha         = 0.0393

Mean value of Fst_1         = 0.3568
Mean value of Fst_2         = 0.4580
Mean value of Fst_3         = 0.7186
Mean value of Fst_4         = 0.3272
Mean value of Fst_5         = 0.2411
Mean value of Fst_6         = 0.2461
Mean value of Fst_7         = 0.5823


Inferred ancestry of individuals:
        Label (%Miss) :  Inferred clusters
  1 torg1245   (21)   :  0.212 0.348 0.015 0.161 0.121 0.130 0.015 
  2 oldj1239   (14)   :  0.107 0.091 0.058 0.104 0.130 0.131 0.380 
  3 crim1257    (0)   :  0.261 0.230 0.006 0.212 0.100 0.184 0.007 
  4 bash1264    (7)   :  0.269 0.229 0.006 0.203 0.099 0.187 0.007 
  5 anat1259    (0)   :  0.256 0.206 0.022 0.213 0.116 0.182 0.006 
  6 okin1246    (0)   :  0.009 0.011 0.945 0.009 0.009 0.009 0.008 
  7 yaku1245    (0)   :  0.180 0.269 0.014 0.183 0.182 0.128 0.044 
  8 daur1238    (0)   :  0.157 0.162 0.007 0.239 0.231 0.192 0.012 
  9 east2337   (14)   :  0.194 0.144 0.010 0.173 0.226 0.232 0.021 
 10 ikem1235    (7)   :  0.014 0.012 0.928 0.012 0.013 0.014 0.007 
 11 sibe1251    (0)   :  0.015 0.015 0.005 0.015 0.015 0.012 0.923 
 12 nort2697    (0)   :  0.266 0.205 0.023 0.206 0.112 0.182 0.006 
 13 bona1250    (0)   :  0.173 0.132 0.039 0.172 0.221 0.228 0.035 
 14 ulch1241   (14)   :  0.100 0.119 0.010 0.114 0.112 0.094 0.451 
 15 nort2935   (14)   :  0.018 0.015 0.900 0.017 0.018 0.015 0.017 
 16 gaga1249    (0)   :  0.216 0.271 0.052 0.177 0.116 0.156 0.011 
 17 tara1319    (0)   :  0.011 0.010 0.943 0.009 0.010 0.011 0.006 
 18 moma1245   (21)   :  0.031 0.033 0.013 0.036 0.036 0.032 0.819 
 19 manc1252    (0)   :  0.162 0.122 0.020 0.149 0.145 0.169 0.231 
 20 shor1247    (0)   :  0.213 0.358 0.008 0.154 0.124 0.132 0.010 
 21 kaza1248    (0)   :  0.262 0.233 0.006 0.209 0.098 0.185 0.007 
 22 midd1351   (14)   :  0.237 0.200 0.022 0.201 0.134 0.183 0.024 
 23 chag1247   (71)   :  0.181 0.165 0.075 0.179 0.179 0.187 0.033 
 24 huih1238   (14)   :  0.047 0.043 0.020 0.043 0.046 0.047 0.753 
 25 ordo1245    (0)   :  0.151 0.162 0.007 0.237 0.246 0.185 0.012 
 26 turk1303    (0)   :  0.211 0.364 0.008 0.158 0.124 0.125 0.010 
 27 negi1245    (0)   :  0.016 0.011 0.021 0.011 0.013 0.011 0.917 
 28 nana1257    (0)   :  0.018 0.016 0.011 0.018 0.019 0.019 0.900 
 29 nort2690    (7)   :  0.202 0.175 0.053 0.194 0.168 0.196 0.011 
 30 shur1243    (0)   :  0.010 0.011 0.933 0.011 0.012 0.011 0.013 
 31 minh1238    (0)   :  0.176 0.138 0.061 0.174 0.215 0.230 0.007 
 32 udih1248    (0)   :  0.028 0.026 0.017 0.029 0.030 0.026 0.844 
 33 oira1262   (14)   :  0.179 0.246 0.011 0.200 0.192 0.157 0.015 
 34 hate1238    (7)   :  0.051 0.045 0.735 0.045 0.051 0.044 0.031 
 35 tata1255    (0)   :  0.263 0.228 0.006 0.210 0.102 0.184 0.007 
 36 turk1304    (0)   :  0.207 0.356 0.009 0.167 0.120 0.132 0.010 
 37 oroc1248    (0)   :  0.023 0.022 0.015 0.022 0.021 0.021 0.875 
 38 chuv1255    (0)   :  0.190 0.148 0.022 0.213 0.217 0.199 0.012 
 39 noga1249   (14)   :  0.235 0.196 0.022 0.199 0.136 0.188 0.024 
 40 dong1285    (7)   :  0.176 0.149 0.013 0.193 0.208 0.245 0.016 
 41 halh1238   (14)   :  0.173 0.153 0.014 0.200 0.216 0.225 0.019 
 42 ogam1239    (0)   :  0.048 0.041 0.746 0.047 0.055 0.054 0.009 
 43 cent2126    (7)   :  0.013 0.012 0.929 0.011 0.012 0.013 0.009 
 44 yona1241   (14)   :  0.168 0.141 0.027 0.175 0.200 0.264 0.026 
 45 kore1280    (0)   :  0.183 0.146 0.026 0.180 0.212 0.243 0.009 
 46 tuvi1240    (0)   :  0.157 0.204 0.010 0.217 0.225 0.168 0.019 
 47 huzh1238    (7)   :  0.187 0.135 0.033 0.170 0.218 0.246 0.010 
 48 khak1248    (0)   :  0.207 0.367 0.008 0.160 0.124 0.124 0.009 
 49 oldu1238    (7)   :  0.201 0.355 0.009 0.166 0.123 0.133 0.013 
 50 nucl1643    (0)   :  0.010 0.009 0.947 0.008 0.009 0.009 0.008 
 51 orok1265   (14)   :  0.009 0.010 0.013 0.010 0.011 0.010 0.937 
 52 midd1372   (14)   :  0.184 0.130 0.014 0.169 0.228 0.257 0.018 
 53 mogh1245   (28)   :  0.208 0.156 0.041 0.182 0.137 0.189 0.089 
 54 uigh1240    (7)   :  0.255 0.230 0.007 0.214 0.100 0.188 0.007 
 55 kara1467   (14)   :  0.258 0.230 0.007 0.209 0.104 0.183 0.009 
 56 russ1264   (14)   :  0.207 0.351 0.011 0.155 0.126 0.135 0.014 
 57 sout2954    (0)   :  0.011 0.011 0.932 0.011 0.012 0.011 0.012 
 58 berj1234    (0)   :  0.017 0.013 0.009 0.013 0.014 0.014 0.921 
 59 kham1281    (0)   :  0.171 0.276 0.014 0.178 0.185 0.135 0.040 
 60 dolg1241    (0)   :  0.216 0.359 0.008 0.154 0.129 0.124 0.010 


Estimated Allele Frequencies in each cluster
First column gives estimated ancestral frequencies


Locus 1 : TE003 
2 alleles
3.3% missing data
   1   (0.479) 0.685 0.757 0.023 0.687 0.622 0.610 0.065 
   0   (0.521) 0.315 0.243 0.977 0.313 0.378 0.390 0.935 

Locus 2 : TE004 
2 alleles
3.3% missing data
   0   (0.844) 0.913 0.935 0.993 0.912 0.895 0.895 0.316 
   1   (0.156) 0.087 0.065 0.007 0.088 0.105 0.105 0.684 

Locus 3 : TE005 
2 alleles
18.3% missing data
   0   (0.764) 0.868 0.894 0.989 0.857 0.832 0.831 0.116 
   1   (0.236) 0.132 0.106 0.011 0.143 0.168 0.169 0.884 

Locus 4 : TE006 
2 alleles
26.7% missing data
   0   (0.612) 0.759 0.802 0.093 0.745 0.705 0.692 0.968 
   1   (0.388) 0.241 0.198 0.907 0.255 0.295 0.308 0.032 

Locus 5 : TE007 
2 alleles
6.7% missing data
   0   (0.715) 0.829 0.857 0.710 0.825 0.789 0.772 0.974 
   1   (0.285) 0.171 0.143 0.290 0.175 0.211 0.228 0.026 

Locus 6 : TE008 
2 alleles
1.7% missing data
   1   (0.597) 0.730 0.764 0.935 0.678 0.628 0.641 0.967 
   0   (0.403) 0.270 0.236 0.065 0.322 0.372 0.359 0.033 

Locus 7 : TE031 
2 alleles
1.7% missing data
   1   (0.776) 0.826 0.864 0.035 0.828 0.818 0.818 0.982 
   0   (0.224) 0.174 0.136 0.965 0.172 0.182 0.182 0.018 

Locus 8 : TE037 
2 alleles
1.7% missing data
   1   (0.507) 0.666 0.698 0.611 0.611 0.559 0.592 0.112 
   0   (0.493) 0.334 0.302 0.389 0.389 0.441 0.408 0.888 

Locus 9 : TE038 
2 alleles
1.7% missing data
   1   (0.708) 0.830 0.863 0.034 0.832 0.796 0.791 0.665 
   0   (0.292) 0.170 0.137 0.966 0.168 0.204 0.209 0.335 

Locus 10 : TE039 
2 alleles
5.0% missing data
   1   (0.581) 0.519 0.622 0.972 0.545 0.597 0.535 0.932 
   0   (0.419) 0.481 0.378 0.028 0.455 0.403 0.465 0.068 

Locus 11 : TE078 
2 alleles
3.3% missing data
   0   (0.809) 0.884 0.903 0.991 0.877 0.852 0.840 0.985 
   1   (0.191) 0.116 0.097 0.009 0.123 0.148 0.160 0.015 

Locus 12 : TS079 
2 alleles
10.0% missing data
   0   (0.868) 0.927 0.945 0.994 0.930 0.914 0.913 0.495 
   1   (0.132) 0.073 0.055 0.006 0.070 0.086 0.087 0.505 

Locus 13 : TS080 
2 alleles
10.0% missing data
   0   (0.681) 0.450 0.369 0.986 0.449 0.516 0.547 0.769 
   1   (0.319) 0.550 0.631 0.014 0.551 0.484 0.453 0.231 

Locus 14 : TS088 
2 alleles
1.7% missing data
   0   (0.538) 0.688 0.736 0.979 0.646 0.593 0.596 0.962 
   1   (0.462) 0.312 0.264 0.021 0.354 0.407 0.404 0.038 

Values of parameters used in structure:
DATAFILE=phonology_structure,	OUTFILE=outfile_phonology_structure_K7_run43,	NUMINDS=60,	NUMLOCI=14,	MISSING=-9,	LABEL=1,	POPDATA=0,	POPFLAG=0,	PHENOTYPE=0,	EXTRACOLS=0,	MAXPOPS=7,	BURNIN=10000,	NUMREPS=100000,	USEPOPINFO=0,	INFERALPHA=1,	INFERLAMBDA=0,	POPSPECIFICLAMBDA=0,	POPALPHAS=0,	COMPUTEPROB=1,	NOADMIX=0,	ADMBURNIN=500,	UPDATEFREQ=100,	PRINTLIKES=0,	INTERMEDSAVE=0,	PRINTKLD=0,	PRINTNET=1,	PRINTLAMBDA=1,	ANCESTDIST=0,	NUMBOXES=1000,	ANCESTPINT=0.90000,	GENSBACK=2,	MIGRPRIOR=0.01000,	PRINTQHAT=0,	PRINTQSUM=1,	ALPHA=1.0000,	FREQSCORR=1,	FPRIORMEAN=0.0100,	FPRIORSD=0.0500,	ONEFST=0,	LAMBDA=1.0000,	UNIFPRIORALPHA=1,	ALPHAMAX=10.0000,	ALPHAPRIORA=1.0000,	ALPHAPRIORB=2.0000,	ALPHAPROPSD=0.0250,	STARTATPOPINFO=0,	RANDOMIZE=1,	LINKAGE=0,	METROFREQ=10,	REPORTHITRATE=0,	MARKOVPHASE=0,	PHASED=0,	PLOIDY=1,	PHASEINFO=0	LOCPRIOR=0, 	LOCPRIORINIT=1.000000, 	LOCDATA=0, 	LOCISPOP=0, 	LOCPRIORSTEP=0.100000, 	MAXLOCPRIOR=20.000000, 	SEED=1641288959,	
[STRAT parameters]:    NUMSIMSTATS=1000,	PHENOTYPECOL=-9,	POOLFREQ=10,	LOCUSxONLY=0,	EMERROR=0.00100,	MISSINGPHENO=-9,	