

----------------------------------------------------
STRUCTURE by Pritchard, Stephens and Donnelly (2000)
     and Falush, Stephens and Pritchard (2003)
       Code by Pritchard, Falush and Hubisz
             Version 2.3.4 (Jul 2012)
----------------------------------------------------



Command line arguments:   ./structure -m mainparams -K 7 -i phonology_structure -L 14 -o outfile_phonology_structure_K7_run15 
Input File:    phonology_structure

Run parameters:
   60 individuals
   14 loci
   7 populations assumed
   10000 Burn-in period
   100000 Reps


--------------------------------------------
Overall proportion of membership of the
sample in each of the 7 clusters

Inferred Clusters
  1      2      3      4      5      6      7    
0.164  0.158  0.147  0.161  0.161  0.115  0.094  

--------------------------------------------

Allele-freq. divergence among pops (Net nucleotide distance),
computed using point estimates of P.

      1       2       3       4       5       6       7      
 1      -    0.2434  0.2080  0.2256  0.2776  0.1725  0.1594  
 2   0.2434     -    0.0083  0.0031  0.1846  0.0260  0.0366  
 3   0.2080  0.0083     -    0.0024  0.1693  0.0082  0.0148  
 4   0.2256  0.0031  0.0024     -    0.1807  0.0180  0.0275  
 5   0.2776  0.1846  0.1693  0.1807     -    0.1546  0.1384  
 6   0.1725  0.0260  0.0082  0.0180  0.1546     -    0.0015  
 7   0.1594  0.0366  0.0148  0.0275  0.1384  0.0015     -    

Average distances (expected heterozygosity) between individuals in same cluster:
cluster  1  : 0.1097 
cluster  2  : 0.2605 
cluster  3  : 0.3278 
cluster  4  : 0.2883 
cluster  5  : 0.1937 
cluster  6  : 0.3789 
cluster  7  : 0.3928 

--------------------------------------------
Estimated Ln Prob of Data   = -346.3
Mean value of ln likelihood = -233.3
Variance of ln likelihood   = 225.9
Mean value of alpha         = 0.0383

Mean value of Fst_1         = 0.7201
Mean value of Fst_2         = 0.4934
Mean value of Fst_3         = 0.3384
Mean value of Fst_4         = 0.4252
Mean value of Fst_5         = 0.5825
Mean value of Fst_6         = 0.1899
Mean value of Fst_7         = 0.0176


Inferred ancestry of individuals:
        Label (%Miss) :  Inferred clusters
  1 torg1245   (21)   :  0.015 0.354 0.179 0.272 0.014 0.118 0.047 
  2 oldj1239   (14)   :  0.054 0.051 0.094 0.084 0.420 0.126 0.170 
  3 crim1257    (0)   :  0.006 0.212 0.294 0.354 0.007 0.110 0.017 
  4 bash1264    (7)   :  0.006 0.210 0.294 0.356 0.007 0.110 0.017 
  5 anat1259    (0)   :  0.023 0.192 0.292 0.335 0.007 0.121 0.032 
  6 okin1246    (0)   :  0.947 0.008 0.008 0.009 0.007 0.010 0.010 
  7 yaku1245    (0)   :  0.013 0.381 0.157 0.247 0.038 0.102 0.062 
  8 daur1238    (0)   :  0.006 0.308 0.192 0.182 0.011 0.144 0.157 
  9 east2337   (14)   :  0.009 0.098 0.169 0.139 0.020 0.259 0.306 
 10 ikem1235    (7)   :  0.925 0.011 0.013 0.011 0.007 0.016 0.017 
 11 sibe1251    (0)   :  0.005 0.018 0.014 0.016 0.924 0.011 0.012 
 12 nort2697    (0)   :  0.021 0.197 0.293 0.328 0.006 0.122 0.032 
 13 bona1250    (0)   :  0.041 0.087 0.175 0.130 0.039 0.271 0.257 
 14 ulch1241   (14)   :  0.010 0.143 0.099 0.106 0.472 0.074 0.096 
 15 nort2935   (14)   :  0.896 0.012 0.015 0.016 0.019 0.018 0.024 
 16 gaga1249    (0)   :  0.045 0.272 0.222 0.282 0.010 0.122 0.047 
 17 tara1319    (0)   :  0.938 0.010 0.009 0.010 0.006 0.014 0.012 
 18 moma1245   (21)   :  0.013 0.029 0.042 0.033 0.806 0.033 0.044 
 19 manc1252    (0)   :  0.017 0.099 0.181 0.129 0.171 0.155 0.247 
 20 shor1247    (0)   :  0.009 0.373 0.181 0.287 0.010 0.118 0.023 
 21 kaza1248    (0)   :  0.006 0.219 0.287 0.354 0.007 0.109 0.018 
 22 midd1351   (14)   :  0.022 0.153 0.266 0.254 0.024 0.146 0.134 
 23 chag1247   (71)   :  0.071 0.141 0.182 0.156 0.031 0.199 0.220 
 24 huih1238   (14)   :  0.020 0.053 0.048 0.046 0.711 0.055 0.067 
 25 ordo1245    (0)   :  0.006 0.310 0.191 0.182 0.011 0.143 0.157 
 26 turk1303    (0)   :  0.008 0.374 0.182 0.291 0.009 0.113 0.023 
 27 negi1245    (0)   :  0.019 0.010 0.012 0.011 0.922 0.013 0.014 
 28 nana1257    (0)   :  0.011 0.014 0.019 0.016 0.902 0.016 0.023 
 29 nort2690    (7)   :  0.052 0.126 0.218 0.184 0.011 0.184 0.225 
 30 shur1243    (0)   :  0.937 0.010 0.009 0.010 0.012 0.011 0.012 
 31 minh1238    (0)   :  0.059 0.096 0.174 0.112 0.007 0.278 0.275 
 32 udih1248    (0)   :  0.016 0.024 0.023 0.024 0.868 0.019 0.026 
 33 oira1262   (14)   :  0.010 0.310 0.175 0.228 0.013 0.140 0.125 
 34 hate1238    (7)   :  0.736 0.037 0.048 0.046 0.029 0.047 0.058 
 35 tata1255    (0)   :  0.006 0.213 0.296 0.354 0.007 0.108 0.015 
 36 turk1304    (0)   :  0.009 0.375 0.174 0.292 0.010 0.116 0.025 
 37 oroc1248    (0)   :  0.015 0.024 0.025 0.026 0.857 0.024 0.029 
 38 chuv1255    (0)   :  0.020 0.187 0.226 0.189 0.011 0.169 0.198 
 39 noga1249   (14)   :  0.021 0.157 0.261 0.259 0.023 0.139 0.141 
 40 dong1285    (7)   :  0.012 0.106 0.191 0.130 0.017 0.279 0.265 
 41 halh1238   (14)   :  0.012 0.153 0.185 0.145 0.017 0.239 0.249 
 42 ogam1239    (0)   :  0.741 0.036 0.040 0.037 0.009 0.067 0.069 
 43 cent2126    (7)   :  0.929 0.011 0.013 0.011 0.009 0.013 0.014 
 44 yona1241   (14)   :  0.027 0.105 0.186 0.119 0.027 0.259 0.276 
 45 kore1280    (0)   :  0.029 0.116 0.190 0.118 0.009 0.290 0.249 
 46 tuvi1240    (0)   :  0.010 0.357 0.182 0.198 0.019 0.117 0.117 
 47 huzh1238    (7)   :  0.035 0.105 0.170 0.134 0.010 0.303 0.243 
 48 khak1248    (0)   :  0.008 0.379 0.172 0.284 0.010 0.122 0.026 
 49 oldu1238    (7)   :  0.008 0.376 0.189 0.283 0.012 0.111 0.021 
 50 nucl1643    (0)   :  0.946 0.009 0.009 0.009 0.008 0.010 0.011 
 51 orok1265   (14)   :  0.013 0.008 0.008 0.009 0.941 0.009 0.010 
 52 midd1372   (14)   :  0.014 0.099 0.185 0.116 0.015 0.295 0.276 
 53 mogh1245   (28)   :  0.038 0.138 0.205 0.198 0.082 0.158 0.181 
 54 uigh1240    (7)   :  0.007 0.215 0.293 0.346 0.007 0.111 0.020 
 55 kara1467   (14)   :  0.007 0.228 0.286 0.340 0.008 0.106 0.024 
 56 russ1264   (14)   :  0.011 0.367 0.180 0.278 0.015 0.114 0.035 
 57 sout2954    (0)   :  0.938 0.009 0.009 0.009 0.012 0.011 0.012 
 58 berj1234    (0)   :  0.009 0.013 0.015 0.012 0.922 0.013 0.015 
 59 kham1281    (0)   :  0.014 0.379 0.163 0.239 0.040 0.100 0.066 
 60 dolg1241    (0)   :  0.008 0.374 0.179 0.294 0.010 0.115 0.020 


Estimated Allele Frequencies in each cluster
First column gives estimated ancestral frequencies


Locus 1 : TE003 
2 alleles
3.3% missing data
   1   (0.502) 0.024 0.811 0.701 0.768 0.069 0.567 0.512 
   0   (0.498) 0.976 0.189 0.299 0.232 0.931 0.433 0.488 

Locus 2 : TE004 
2 alleles
3.3% missing data
   0   (0.822) 0.992 0.931 0.895 0.932 0.329 0.868 0.826 
   1   (0.178) 0.008 0.069 0.105 0.068 0.671 0.132 0.174 

Locus 3 : TE005 
2 alleles
18.3% missing data
   0   (0.809) 0.991 0.937 0.890 0.903 0.114 0.854 0.814 
   1   (0.191) 0.009 0.063 0.110 0.097 0.886 0.146 0.186 

Locus 4 : TE006 
2 alleles
26.7% missing data
   0   (0.653) 0.095 0.858 0.792 0.819 0.971 0.670 0.655 
   1   (0.347) 0.905 0.142 0.208 0.181 0.029 0.330 0.345 

Locus 5 : TE007 
2 alleles
6.7% missing data
   0   (0.728) 0.711 0.894 0.827 0.874 0.975 0.749 0.733 
   1   (0.272) 0.289 0.106 0.173 0.126 0.025 0.251 0.267 

Locus 6 : TE008 
2 alleles
1.7% missing data
   1   (0.632) 0.937 0.738 0.720 0.767 0.970 0.628 0.630 
   0   (0.368) 0.063 0.262 0.280 0.233 0.030 0.372 0.370 

Locus 7 : TE031 
2 alleles
1.7% missing data
   1   (0.759) 0.035 0.880 0.810 0.846 0.981 0.791 0.762 
   0   (0.241) 0.965 0.120 0.190 0.154 0.019 0.209 0.238 

Locus 8 : TE037 
2 alleles
1.7% missing data
   1   (0.532) 0.613 0.649 0.654 0.695 0.112 0.580 0.531 
   0   (0.468) 0.387 0.351 0.346 0.305 0.888 0.420 0.469 

Locus 9 : TE038 
2 alleles
1.7% missing data
   1   (0.745) 0.035 0.916 0.860 0.874 0.657 0.778 0.752 
   0   (0.255) 0.965 0.084 0.140 0.126 0.343 0.222 0.248 

Locus 10 : TE039 
2 alleles
5.0% missing data
   1   (0.562) 0.972 0.697 0.489 0.535 0.929 0.545 0.565 
   0   (0.438) 0.028 0.303 0.511 0.465 0.071 0.455 0.435 

Locus 11 : TE078 
2 alleles
3.3% missing data
   0   (0.837) 0.993 0.930 0.885 0.929 0.986 0.834 0.838 
   1   (0.163) 0.007 0.070 0.115 0.071 0.014 0.166 0.162 

Locus 12 : TS079 
2 alleles
10.0% missing data
   0   (0.876) 0.995 0.955 0.933 0.942 0.493 0.915 0.882 
   1   (0.124) 0.005 0.045 0.067 0.058 0.507 0.085 0.118 

Locus 13 : TS080 
2 alleles
10.0% missing data
   0   (0.737) 0.989 0.290 0.478 0.367 0.768 0.640 0.729 
   1   (0.263) 0.011 0.710 0.522 0.633 0.232 0.360 0.271 

Locus 14 : TS088 
2 alleles
1.7% missing data
   0   (0.522) 0.978 0.723 0.672 0.730 0.961 0.532 0.524 
   1   (0.478) 0.022 0.277 0.328 0.270 0.039 0.468 0.476 

Values of parameters used in structure:
DATAFILE=phonology_structure,	OUTFILE=outfile_phonology_structure_K7_run15,	NUMINDS=60,	NUMLOCI=14,	MISSING=-9,	LABEL=1,	POPDATA=0,	POPFLAG=0,	PHENOTYPE=0,	EXTRACOLS=0,	MAXPOPS=7,	BURNIN=10000,	NUMREPS=100000,	USEPOPINFO=0,	INFERALPHA=1,	INFERLAMBDA=0,	POPSPECIFICLAMBDA=0,	POPALPHAS=0,	COMPUTEPROB=1,	NOADMIX=0,	ADMBURNIN=500,	UPDATEFREQ=100,	PRINTLIKES=0,	INTERMEDSAVE=0,	PRINTKLD=0,	PRINTNET=1,	PRINTLAMBDA=1,	ANCESTDIST=0,	NUMBOXES=1000,	ANCESTPINT=0.90000,	GENSBACK=2,	MIGRPRIOR=0.01000,	PRINTQHAT=0,	PRINTQSUM=1,	ALPHA=1.0000,	FREQSCORR=1,	FPRIORMEAN=0.0100,	FPRIORSD=0.0500,	ONEFST=0,	LAMBDA=1.0000,	UNIFPRIORALPHA=1,	ALPHAMAX=10.0000,	ALPHAPRIORA=1.0000,	ALPHAPRIORB=2.0000,	ALPHAPROPSD=0.0250,	STARTATPOPINFO=0,	RANDOMIZE=1,	LINKAGE=0,	METROFREQ=10,	REPORTHITRATE=0,	MARKOVPHASE=0,	PHASED=0,	PLOIDY=1,	PHASEINFO=0	LOCPRIOR=0, 	LOCPRIORINIT=1.000000, 	LOCDATA=0, 	LOCISPOP=0, 	LOCPRIORSTEP=0.100000, 	MAXLOCPRIOR=20.000000, 	SEED=1641239503,	
[STRAT parameters]:    NUMSIMSTATS=1000,	PHENOTYPECOL=-9,	POOLFREQ=10,	LOCUSxONLY=0,	EMERROR=0.00100,	MISSINGPHENO=-9,	