

----------------------------------------------------
STRUCTURE by Pritchard, Stephens and Donnelly (2000)
     and Falush, Stephens and Pritchard (2003)
       Code by Pritchard, Falush and Hubisz
             Version 2.3.4 (Jul 2012)
----------------------------------------------------



Command line arguments:   ./structure -m mainparams -K 6 -i phonology_structure -L 14 -o outfile_phonology_structure_K6_run31 
Input File:    phonology_structure

Run parameters:
   60 individuals
   14 loci
   6 populations assumed
   10000 Burn-in period
   100000 Reps


--------------------------------------------
Overall proportion of membership of the
sample in each of the 6 clusters

Inferred Clusters
  1      2      3      4      5      6    
0.166  0.142  0.227  0.162  0.135  0.167  

--------------------------------------------

Allele-freq. divergence among pops (Net nucleotide distance),
computed using point estimates of P.

      1       2       3       4       5       6      
 1      -    0.1459  0.2185  0.1612  0.1311  0.2733  
 2   0.1459     -    0.0424  0.0071  0.0035  0.1898  
 3   0.2185  0.0424     -    0.0249  0.0411  0.2791  
 4   0.1612  0.0071  0.0249     -    0.0036  0.1921  
 5   0.1311  0.0035  0.0411  0.0036     -    0.1645  
 6   0.2733  0.1898  0.2791  0.1921  0.1645     -    

Average distances (expected heterozygosity) between individuals in same cluster:
cluster  1  : 0.1979 
cluster  2  : 0.3676 
cluster  3  : 0.1970 
cluster  4  : 0.3525 
cluster  5  : 0.3832 
cluster  6  : 0.1112 

--------------------------------------------
Estimated Ln Prob of Data   = -315.7
Mean value of ln likelihood = -228.1
Variance of ln likelihood   = 175.1
Mean value of alpha         = 0.0402

Mean value of Fst_1         = 0.5600
Mean value of Fst_2         = 0.2838
Mean value of Fst_3         = 0.6236
Mean value of Fst_4         = 0.3513
Mean value of Fst_5         = 0.1860
Mean value of Fst_6         = 0.7122


Inferred ancestry of individuals:
        Label (%Miss) :  Inferred clusters
  1 torg1245   (21)   :  0.016 0.173 0.461 0.175 0.158 0.017 
  2 oldj1239   (14)   :  0.404 0.152 0.051 0.138 0.204 0.051 
  3 crim1257    (0)   :  0.008 0.026 0.546 0.302 0.113 0.006 
  4 bash1264    (7)   :  0.007 0.023 0.552 0.305 0.107 0.006 
  5 anat1259    (0)   :  0.006 0.028 0.523 0.309 0.113 0.022 
  6 okin1246    (0)   :  0.007 0.009 0.009 0.009 0.010 0.955 
  7 yaku1245    (0)   :  0.035 0.310 0.368 0.126 0.149 0.013 
  8 daur1238    (0)   :  0.012 0.395 0.260 0.160 0.168 0.007 
  9 east2337   (14)   :  0.026 0.332 0.073 0.261 0.298 0.011 
 10 ikem1235    (7)   :  0.007 0.014 0.009 0.017 0.018 0.934 
 11 sibe1251    (0)   :  0.931 0.017 0.019 0.014 0.013 0.005 
 12 nort2697    (0)   :  0.007 0.031 0.523 0.306 0.111 0.022 
 13 bona1250    (0)   :  0.040 0.311 0.065 0.263 0.281 0.039 
 14 ulch1241   (14)   :  0.488 0.152 0.140 0.093 0.117 0.010 
 15 nort2935   (14)   :  0.018 0.017 0.012 0.018 0.023 0.912 
 16 gaga1249    (0)   :  0.011 0.117 0.476 0.215 0.132 0.050 
 17 tara1319    (0)   :  0.007 0.011 0.008 0.013 0.012 0.949 
 18 moma1245   (21)   :  0.852 0.037 0.024 0.029 0.044 0.014 
 19 manc1252    (0)   :  0.229 0.153 0.128 0.195 0.274 0.022 
 20 shor1247    (0)   :  0.011 0.169 0.491 0.173 0.147 0.009 
 21 kaza1248    (0)   :  0.007 0.019 0.551 0.306 0.111 0.006 
 22 midd1351   (14)   :  0.027 0.087 0.407 0.287 0.168 0.024 
 23 chag1247   (71)   :  0.041 0.232 0.177 0.225 0.237 0.087 
 24 huih1238   (14)   :  0.757 0.055 0.042 0.048 0.077 0.022 
 25 ordo1245    (0)   :  0.011 0.394 0.261 0.169 0.159 0.007 
 26 turk1303    (0)   :  0.011 0.174 0.490 0.173 0.144 0.009 
 27 negi1245    (0)   :  0.918 0.016 0.009 0.013 0.025 0.020 
 28 nana1257    (0)   :  0.918 0.020 0.014 0.018 0.019 0.011 
 29 nort2690    (7)   :  0.013 0.177 0.238 0.271 0.231 0.071 
 30 shur1243    (0)   :  0.012 0.011 0.009 0.012 0.016 0.939 
 31 minh1238    (0)   :  0.008 0.327 0.061 0.288 0.256 0.060 
 32 udih1248    (0)   :  0.864 0.034 0.027 0.023 0.034 0.018 
 33 oira1262   (14)   :  0.014 0.301 0.352 0.154 0.169 0.010 
 34 hate1238    (7)   :  0.031 0.044 0.046 0.051 0.072 0.756 
 35 tata1255    (0)   :  0.008 0.020 0.557 0.300 0.110 0.006 
 36 turk1304    (0)   :  0.011 0.171 0.492 0.172 0.145 0.009 
 37 oroc1248    (0)   :  0.886 0.024 0.023 0.024 0.028 0.015 
 38 chuv1255    (0)   :  0.012 0.241 0.271 0.222 0.231 0.023 
 39 noga1249   (14)   :  0.030 0.086 0.384 0.299 0.179 0.023 
 40 dong1285    (7)   :  0.018 0.313 0.075 0.273 0.309 0.013 
 41 halh1238   (14)   :  0.020 0.331 0.145 0.220 0.267 0.017 
 42 ogam1239    (0)   :  0.010 0.079 0.020 0.068 0.080 0.743 
 43 cent2126    (7)   :  0.010 0.012 0.012 0.012 0.014 0.940 
 44 yona1241   (14)   :  0.031 0.310 0.069 0.247 0.318 0.025 
 45 kore1280    (0)   :  0.010 0.343 0.075 0.280 0.268 0.025 
 46 tuvi1240    (0)   :  0.019 0.373 0.298 0.144 0.157 0.009 
 47 huzh1238    (7)   :  0.011 0.335 0.060 0.294 0.264 0.035 
 48 khak1248    (0)   :  0.011 0.171 0.490 0.174 0.144 0.009 
 49 oldu1238    (7)   :  0.015 0.170 0.486 0.172 0.148 0.009 
 50 nucl1643    (0)   :  0.008 0.010 0.009 0.009 0.012 0.954 
 51 orok1265   (14)   :  0.939 0.013 0.008 0.010 0.015 0.014 
 52 midd1372   (14)   :  0.016 0.321 0.064 0.287 0.298 0.013 
 53 mogh1245   (28)   :  0.102 0.130 0.267 0.250 0.207 0.044 
 54 uigh1240    (7)   :  0.008 0.023 0.548 0.307 0.107 0.007 
 55 kara1467   (14)   :  0.009 0.025 0.536 0.310 0.113 0.007 
 56 russ1264   (14)   :  0.016 0.169 0.469 0.178 0.156 0.012 
 57 sout2954    (0)   :  0.012 0.010 0.008 0.010 0.014 0.946 
 58 berj1234    (0)   :  0.935 0.015 0.010 0.014 0.015 0.010 
 59 kham1281    (0)   :  0.036 0.307 0.369 0.129 0.146 0.013 
 60 dolg1241    (0)   :  0.011 0.170 0.484 0.172 0.154 0.009 


Estimated Allele Frequencies in each cluster
First column gives estimated ancestral frequencies


Locus 1 : TE003 
2 alleles
3.3% missing data
   1   (0.441) 0.069 0.625 0.899 0.648 0.560 0.022 
   0   (0.559) 0.931 0.375 0.101 0.352 0.440 0.978 

Locus 2 : TE004 
2 alleles
3.3% missing data
   0   (0.791) 0.331 0.881 0.970 0.896 0.836 0.990 
   1   (0.209) 0.669 0.119 0.030 0.104 0.164 0.010 

Locus 3 : TE005 
2 alleles
18.3% missing data
   0   (0.754) 0.123 0.836 0.952 0.857 0.811 0.988 
   1   (0.246) 0.877 0.164 0.048 0.143 0.189 0.012 

Locus 4 : TE006 
2 alleles
26.7% missing data
   0   (0.648) 0.969 0.722 0.922 0.733 0.726 0.102 
   1   (0.352) 0.031 0.278 0.078 0.267 0.274 0.898 

Locus 5 : TE007 
2 alleles
6.7% missing data
   0   (0.711) 0.972 0.771 0.942 0.797 0.775 0.712 
   1   (0.289) 0.028 0.229 0.058 0.203 0.225 0.288 

Locus 6 : TE008 
2 alleles
1.7% missing data
   1   (0.613) 0.967 0.571 0.829 0.682 0.662 0.935 
   0   (0.387) 0.033 0.429 0.171 0.318 0.338 0.065 

Locus 7 : TE031 
2 alleles
1.7% missing data
   1   (0.739) 0.978 0.839 0.862 0.810 0.782 0.035 
   0   (0.261) 0.022 0.161 0.138 0.190 0.218 0.965 

Locus 8 : TE037 
2 alleles
1.7% missing data
   1   (0.506) 0.122 0.494 0.771 0.651 0.567 0.613 
   0   (0.494) 0.878 0.506 0.229 0.349 0.433 0.387 

Locus 9 : TE038 
2 alleles
1.7% missing data
   1   (0.649) 0.665 0.780 0.945 0.806 0.727 0.032 
   0   (0.351) 0.335 0.220 0.055 0.194 0.273 0.968 

Locus 10 : TE039 
2 alleles
5.0% missing data
   1   (0.585) 0.925 0.693 0.531 0.483 0.600 0.972 
   0   (0.415) 0.075 0.307 0.469 0.517 0.400 0.028 

Locus 11 : TE078 
2 alleles
3.3% missing data
   0   (0.798) 0.982 0.841 0.961 0.859 0.839 0.991 
   1   (0.202) 0.018 0.159 0.039 0.141 0.161 0.009 

Locus 12 : TS079 
2 alleles
10.0% missing data
   0   (0.869) 0.503 0.920 0.977 0.935 0.908 0.994 
   1   (0.131) 0.497 0.080 0.023 0.065 0.092 0.006 

Locus 13 : TS080 
2 alleles
10.0% missing data
   0   (0.731) 0.773 0.530 0.186 0.510 0.592 0.988 
   1   (0.269) 0.227 0.470 0.814 0.490 0.408 0.012 

Locus 14 : TS088 
2 alleles
1.7% missing data
   0   (0.556) 0.961 0.527 0.836 0.642 0.627 0.978 
   1   (0.444) 0.039 0.473 0.164 0.358 0.373 0.022 

Values of parameters used in structure:
DATAFILE=phonology_structure,	OUTFILE=outfile_phonology_structure_K6_run31,	NUMINDS=60,	NUMLOCI=14,	MISSING=-9,	LABEL=1,	POPDATA=0,	POPFLAG=0,	PHENOTYPE=0,	EXTRACOLS=0,	MAXPOPS=6,	BURNIN=10000,	NUMREPS=100000,	USEPOPINFO=0,	INFERALPHA=1,	INFERLAMBDA=0,	POPSPECIFICLAMBDA=0,	POPALPHAS=0,	COMPUTEPROB=1,	NOADMIX=0,	ADMBURNIN=500,	UPDATEFREQ=100,	PRINTLIKES=0,	INTERMEDSAVE=0,	PRINTKLD=0,	PRINTNET=1,	PRINTLAMBDA=1,	ANCESTDIST=0,	NUMBOXES=1000,	ANCESTPINT=0.90000,	GENSBACK=2,	MIGRPRIOR=0.01000,	PRINTQHAT=0,	PRINTQSUM=1,	ALPHA=1.0000,	FREQSCORR=1,	FPRIORMEAN=0.0100,	FPRIORSD=0.0500,	ONEFST=0,	LAMBDA=1.0000,	UNIFPRIORALPHA=1,	ALPHAMAX=10.0000,	ALPHAPRIORA=1.0000,	ALPHAPRIORB=2.0000,	ALPHAPROPSD=0.0250,	STARTATPOPINFO=0,	RANDOMIZE=1,	LINKAGE=0,	METROFREQ=10,	REPORTHITRATE=0,	MARKOVPHASE=0,	PHASED=0,	PLOIDY=1,	PHASEINFO=0	LOCPRIOR=0, 	LOCPRIORINIT=1.000000, 	LOCDATA=0, 	LOCISPOP=0, 	LOCPRIORSTEP=0.100000, 	MAXLOCPRIOR=20.000000, 	SEED=1641280643,	
[STRAT parameters]:    NUMSIMSTATS=1000,	PHENOTYPECOL=-9,	POOLFREQ=10,	LOCUSxONLY=0,	EMERROR=0.00100,	MISSINGPHENO=-9,	