

----------------------------------------------------
STRUCTURE by Pritchard, Stephens and Donnelly (2000)
     and Falush, Stephens and Pritchard (2003)
       Code by Pritchard, Falush and Hubisz
             Version 2.3.4 (Jul 2012)
----------------------------------------------------



Command line arguments:   ./structure -m mainparams -K 6 -i phonology_structure -L 14 -o outfile_phonology_structure_K6_run38 
Input File:    phonology_structure

Run parameters:
   60 individuals
   14 loci
   6 populations assumed
   10000 Burn-in period
   100000 Reps


--------------------------------------------
Overall proportion of membership of the
sample in each of the 6 clusters

Inferred Clusters
  1      2      3      4      5      6    
0.122  0.168  0.233  0.168  0.150  0.158  

--------------------------------------------

Allele-freq. divergence among pops (Net nucleotide distance),
computed using point estimates of P.

      1       2       3       4       5       6      
 1      -    0.1358  0.0577  0.1673  0.0022  0.0124  
 2   0.1358     -    0.2193  0.2726  0.1458  0.1581  
 3   0.0577  0.2193     -    0.2739  0.0379  0.0182  
 4   0.1673  0.2726  0.2739     -    0.1793  0.2083  
 5   0.0022  0.1458  0.0379  0.1793     -    0.0047  
 6   0.0124  0.1581  0.0182  0.2083  0.0047     -    

Average distances (expected heterozygosity) between individuals in same cluster:
cluster  1  : 0.3897 
cluster  2  : 0.1990 
cluster  3  : 0.2013 
cluster  4  : 0.1116 
cluster  5  : 0.3694 
cluster  6  : 0.3219 

--------------------------------------------
Estimated Ln Prob of Data   = -369.3
Mean value of ln likelihood = -233.7
Variance of ln likelihood   = 271.2
Mean value of alpha         = 0.0396

Mean value of Fst_1         = 0.0972
Mean value of Fst_2         = 0.5640
Mean value of Fst_3         = 0.5942
Mean value of Fst_4         = 0.7158
Mean value of Fst_5         = 0.2279
Mean value of Fst_6         = 0.3500


Inferred ancestry of individuals:
        Label (%Miss) :  Inferred clusters
  1 torg1245   (21)   :  0.087 0.016 0.444 0.016 0.184 0.253 
  2 oldj1239   (14)   :  0.182 0.452 0.054 0.057 0.147 0.106 
  3 crim1257    (0)   :  0.022 0.007 0.636 0.006 0.145 0.183 
  4 bash1264    (7)   :  0.022 0.007 0.645 0.006 0.142 0.178 
  5 anat1259    (0)   :  0.024 0.006 0.612 0.022 0.148 0.188 
  6 okin1246    (0)   :  0.009 0.008 0.009 0.953 0.011 0.010 
  7 yaku1245    (0)   :  0.146 0.048 0.319 0.014 0.185 0.288 
  8 daur1238    (0)   :  0.290 0.012 0.162 0.007 0.234 0.296 
  9 east2337   (14)   :  0.376 0.023 0.092 0.009 0.301 0.200 
 10 ikem1235    (7)   :  0.017 0.008 0.012 0.937 0.014 0.011 
 11 sibe1251    (0)   :  0.013 0.937 0.016 0.006 0.014 0.015 
 12 nort2697    (0)   :  0.028 0.006 0.602 0.022 0.149 0.193 
 13 bona1250    (0)   :  0.342 0.038 0.078 0.037 0.307 0.197 
 14 ulch1241   (14)   :  0.122 0.500 0.111 0.010 0.115 0.142 
 15 nort2935   (14)   :  0.021 0.017 0.012 0.919 0.016 0.015 
 16 gaga1249    (0)   :  0.065 0.010 0.497 0.048 0.159 0.221 
 17 tara1319    (0)   :  0.012 0.006 0.008 0.952 0.012 0.010 
 18 moma1245   (21)   :  0.042 0.853 0.021 0.012 0.037 0.035 
 19 manc1252    (0)   :  0.220 0.245 0.142 0.020 0.211 0.162 
 20 shor1247    (0)   :  0.060 0.011 0.493 0.009 0.175 0.252 
 21 kaza1248    (0)   :  0.021 0.007 0.641 0.006 0.145 0.180 
 22 midd1351   (14)   :  0.124 0.029 0.412 0.024 0.191 0.220 
 23 chag1247   (71)   :  0.250 0.039 0.167 0.084 0.243 0.216 
 24 huih1238   (14)   :  0.061 0.761 0.041 0.022 0.058 0.056 
 25 ordo1245    (0)   :  0.268 0.014 0.156 0.007 0.245 0.311 
 26 turk1303    (0)   :  0.067 0.010 0.489 0.009 0.171 0.255 
 27 negi1245    (0)   :  0.017 0.928 0.008 0.018 0.016 0.013 
 28 nana1257    (0)   :  0.019 0.923 0.013 0.011 0.017 0.016 
 29 nort2690    (7)   :  0.246 0.013 0.242 0.059 0.227 0.213 
 30 shur1243    (0)   :  0.010 0.012 0.008 0.949 0.012 0.010 
 31 minh1238    (0)   :  0.341 0.007 0.087 0.066 0.300 0.200 
 32 udih1248    (0)   :  0.031 0.878 0.025 0.016 0.025 0.025 
 33 oira1262   (14)   :  0.200 0.014 0.263 0.011 0.216 0.295 
 34 hate1238    (7)   :  0.055 0.033 0.051 0.763 0.049 0.049 
 35 tata1255    (0)   :  0.019 0.008 0.644 0.006 0.148 0.176 
 36 turk1304    (0)   :  0.067 0.011 0.481 0.009 0.173 0.259 
 37 oroc1248    (0)   :  0.027 0.883 0.023 0.014 0.027 0.026 
 38 chuv1255    (0)   :  0.257 0.013 0.247 0.023 0.228 0.232 
 39 noga1249   (14)   :  0.128 0.029 0.422 0.024 0.179 0.218 
 40 dong1285    (7)   :  0.325 0.020 0.101 0.013 0.326 0.214 
 41 halh1238   (14)   :  0.342 0.019 0.122 0.015 0.289 0.213 
 42 ogam1239    (0)   :  0.075 0.010 0.022 0.774 0.071 0.048 
 43 cent2126    (7)   :  0.013 0.010 0.012 0.941 0.013 0.012 
 44 yona1241   (14)   :  0.324 0.030 0.091 0.027 0.321 0.207 
 45 kore1280    (0)   :  0.328 0.009 0.094 0.027 0.312 0.229 
 46 tuvi1240    (0)   :  0.240 0.023 0.205 0.010 0.218 0.305 
 47 huzh1238    (7)   :  0.346 0.010 0.088 0.031 0.323 0.201 
 48 khak1248    (0)   :  0.065 0.011 0.479 0.009 0.179 0.257 
 49 oldu1238    (7)   :  0.067 0.015 0.475 0.009 0.177 0.257 
 50 nucl1643    (0)   :  0.012 0.008 0.010 0.950 0.010 0.010 
 51 orok1265   (14)   :  0.012 0.945 0.008 0.014 0.012 0.010 
 52 midd1372   (14)   :  0.317 0.017 0.091 0.014 0.346 0.214 
 53 mogh1245   (28)   :  0.184 0.107 0.290 0.044 0.182 0.194 
 54 uigh1240    (7)   :  0.025 0.007 0.633 0.007 0.144 0.184 
 55 kara1467   (14)   :  0.025 0.009 0.626 0.007 0.147 0.185 
 56 russ1264   (14)   :  0.080 0.017 0.449 0.012 0.184 0.258 
 57 sout2954    (0)   :  0.011 0.013 0.007 0.948 0.010 0.010 
 58 berj1234    (0)   :  0.016 0.935 0.010 0.009 0.016 0.013 
 59 kham1281    (0)   :  0.144 0.043 0.318 0.014 0.183 0.297 
 60 dolg1241    (0)   :  0.067 0.011 0.485 0.009 0.179 0.249 


Estimated Allele Frequencies in each cluster
First column gives estimated ancestral frequencies


Locus 1 : TE003 
2 alleles
3.3% missing data
   1   (0.478) 0.532 0.074 0.877 0.023 0.597 0.712 
   0   (0.522) 0.468 0.926 0.123 0.977 0.403 0.288 

Locus 2 : TE004 
2 alleles
3.3% missing data
   0   (0.832) 0.860 0.341 0.966 0.992 0.881 0.915 
   1   (0.168) 0.140 0.659 0.034 0.008 0.119 0.085 

Locus 3 : TE005 
2 alleles
18.3% missing data
   0   (0.774) 0.805 0.124 0.948 0.989 0.839 0.879 
   1   (0.226) 0.195 0.876 0.052 0.011 0.161 0.121 

Locus 4 : TE006 
2 alleles
26.7% missing data
   0   (0.628) 0.653 0.968 0.900 0.100 0.690 0.785 
   1   (0.372) 0.347 0.032 0.100 0.900 0.310 0.215 

Locus 5 : TE007 
2 alleles
6.7% missing data
   0   (0.708) 0.729 0.973 0.930 0.710 0.757 0.835 
   1   (0.292) 0.271 0.027 0.070 0.290 0.243 0.165 

Locus 6 : TE008 
2 alleles
1.7% missing data
   1   (0.606) 0.585 0.966 0.854 0.931 0.640 0.694 
   0   (0.394) 0.415 0.034 0.146 0.069 0.360 0.306 

Locus 7 : TE031 
2 alleles
1.7% missing data
   1   (0.787) 0.818 0.982 0.848 0.036 0.837 0.859 
   0   (0.213) 0.182 0.018 0.152 0.964 0.163 0.141 

Locus 8 : TE037 
2 alleles
1.7% missing data
   1   (0.531) 0.523 0.122 0.822 0.607 0.591 0.623 
   0   (0.469) 0.477 0.878 0.178 0.393 0.409 0.377 

Locus 9 : TE038 
2 alleles
1.7% missing data
   1   (0.708) 0.747 0.665 0.936 0.034 0.787 0.847 
   0   (0.292) 0.253 0.335 0.064 0.966 0.213 0.153 

Locus 10 : TE039 
2 alleles
5.0% missing data
   1   (0.601) 0.629 0.923 0.459 0.973 0.595 0.628 
   0   (0.399) 0.371 0.077 0.541 0.027 0.405 0.372 

Locus 11 : TE078 
2 alleles
3.3% missing data
   0   (0.827) 0.837 0.986 0.954 0.992 0.851 0.894 
   1   (0.173) 0.163 0.014 0.046 0.008 0.149 0.106 

Locus 12 : TS079 
2 alleles
10.0% missing data
   0   (0.867) 0.887 0.508 0.975 0.994 0.919 0.935 
   1   (0.133) 0.113 0.492 0.025 0.006 0.081 0.065 

Locus 13 : TS080 
2 alleles
10.0% missing data
   0   (0.696) 0.648 0.765 0.208 0.987 0.567 0.432 
   1   (0.304) 0.352 0.235 0.792 0.013 0.433 0.568 

Locus 14 : TS088 
2 alleles
1.7% missing data
   0   (0.537) 0.519 0.960 0.855 0.978 0.580 0.655 
   1   (0.463) 0.481 0.040 0.145 0.022 0.420 0.345 

Values of parameters used in structure:
DATAFILE=phonology_structure,	OUTFILE=outfile_phonology_structure_K6_run38,	NUMINDS=60,	NUMLOCI=14,	MISSING=-9,	LABEL=1,	POPDATA=0,	POPFLAG=0,	PHENOTYPE=0,	EXTRACOLS=0,	MAXPOPS=6,	BURNIN=10000,	NUMREPS=100000,	USEPOPINFO=0,	INFERALPHA=1,	INFERLAMBDA=0,	POPSPECIFICLAMBDA=0,	POPALPHAS=0,	COMPUTEPROB=1,	NOADMIX=0,	ADMBURNIN=500,	UPDATEFREQ=100,	PRINTLIKES=0,	INTERMEDSAVE=0,	PRINTKLD=0,	PRINTNET=1,	PRINTLAMBDA=1,	ANCESTDIST=0,	NUMBOXES=1000,	ANCESTPINT=0.90000,	GENSBACK=2,	MIGRPRIOR=0.01000,	PRINTQHAT=0,	PRINTQSUM=1,	ALPHA=1.0000,	FREQSCORR=1,	FPRIORMEAN=0.0100,	FPRIORSD=0.0500,	ONEFST=0,	LAMBDA=1.0000,	UNIFPRIORALPHA=1,	ALPHAMAX=10.0000,	ALPHAPRIORA=1.0000,	ALPHAPRIORB=2.0000,	ALPHAPROPSD=0.0250,	STARTATPOPINFO=0,	RANDOMIZE=1,	LINKAGE=0,	METROFREQ=10,	REPORTHITRATE=0,	MARKOVPHASE=0,	PHASED=0,	PLOIDY=1,	PHASEINFO=0	LOCPRIOR=0, 	LOCPRIORINIT=1.000000, 	LOCDATA=0, 	LOCISPOP=0, 	LOCPRIORSTEP=0.100000, 	MAXLOCPRIOR=20.000000, 	SEED=1641286086,	
[STRAT parameters]:    NUMSIMSTATS=1000,	PHENOTYPECOL=-9,	POOLFREQ=10,	LOCUSxONLY=0,	EMERROR=0.00100,	MISSINGPHENO=-9,	