

----------------------------------------------------
STRUCTURE by Pritchard, Stephens and Donnelly (2000)
     and Falush, Stephens and Pritchard (2003)
       Code by Pritchard, Falush and Hubisz
             Version 2.3.4 (Jul 2012)
----------------------------------------------------



Command line arguments:   ./structure -m mainparams -K 3 -i phonology_structure -L 14 -o outfile_phonology_structure_K3_run35 
Input File:    phonology_structure

Run parameters:
   60 individuals
   14 loci
   3 populations assumed
   10000 Burn-in period
   100000 Reps


--------------------------------------------
Overall proportion of membership of the
sample in each of the 3 clusters

Inferred Clusters
  1      2      3    
0.298  0.250  0.452  

--------------------------------------------

Allele-freq. divergence among pops (Net nucleotide distance),
computed using point estimates of P.

      1       2       3      
 1      -    0.1387  0.2180  
 2   0.1387     -    0.1898  
 3   0.2180  0.1898     -    

Average distances (expected heterozygosity) between individuals in same cluster:
cluster  1  : 0.3108 
cluster  2  : 0.2913 
cluster  3  : 0.1321 

--------------------------------------------
Estimated Ln Prob of Data   = -302.6
Mean value of ln likelihood = -273.6
Variance of ln likelihood   = 57.9
Mean value of alpha         = 0.0529

Mean value of Fst_1         = 0.3088
Mean value of Fst_2         = 0.3633
Mean value of Fst_3         = 0.6199


Inferred ancestry of individuals:
        Label (%Miss) :  Inferred clusters
  1 torg1245   (21)   :  0.026 0.025 0.949 
  2 oldj1239   (14)   :  0.266 0.706 0.028 
  3 crim1257    (0)   :  0.009 0.011 0.980 
  4 bash1264    (7)   :  0.010 0.011 0.979 
  5 anat1259    (0)   :  0.023 0.011 0.966 
  6 okin1246    (0)   :  0.965 0.018 0.017 
  7 yaku1245    (0)   :  0.017 0.045 0.938 
  8 daur1238    (0)   :  0.075 0.121 0.804 
  9 east2337   (14)   :  0.607 0.327 0.066 
 10 ikem1235    (7)   :  0.968 0.017 0.015 
 11 sibe1251    (0)   :  0.009 0.959 0.031 
 12 nort2697    (0)   :  0.022 0.011 0.967 
 13 bona1250    (0)   :  0.664 0.319 0.017 
 14 ulch1241   (14)   :  0.028 0.670 0.302 
 15 nort2935   (14)   :  0.923 0.057 0.020 
 16 gaga1249    (0)   :  0.028 0.014 0.958 
 17 tara1319    (0)   :  0.975 0.014 0.012 
 18 moma1245   (21)   :  0.026 0.942 0.032 
 19 manc1252    (0)   :  0.158 0.665 0.177 
 20 shor1247    (0)   :  0.011 0.015 0.974 
 21 kaza1248    (0)   :  0.010 0.011 0.979 
 22 midd1351   (14)   :  0.096 0.093 0.811 
 23 chag1247   (71)   :  0.411 0.183 0.406 
 24 huih1238   (14)   :  0.037 0.908 0.055 
 25 ordo1245    (0)   :  0.077 0.116 0.808 
 26 turk1303    (0)   :  0.011 0.014 0.975 
 27 negi1245    (0)   :  0.027 0.961 0.011 
 28 nana1257    (0)   :  0.017 0.965 0.018 
 29 nort2690    (7)   :  0.455 0.102 0.442 
 30 shur1243    (0)   :  0.959 0.028 0.013 
 31 minh1238    (0)   :  0.762 0.222 0.016 
 32 udih1248    (0)   :  0.023 0.943 0.035 
 33 oira1262   (14)   :  0.036 0.054 0.910 
 34 hate1238    (7)   :  0.867 0.070 0.063 
 35 tata1255    (0)   :  0.010 0.012 0.978 
 36 turk1304    (0)   :  0.012 0.014 0.974 
 37 oroc1248    (0)   :  0.020 0.955 0.026 
 38 chuv1255    (0)   :  0.063 0.043 0.893 
 39 noga1249   (14)   :  0.088 0.086 0.826 
 40 dong1285    (7)   :  0.658 0.306 0.036 
 41 halh1238   (14)   :  0.409 0.258 0.333 
 42 ogam1239    (0)   :  0.959 0.031 0.010 
 43 cent2126    (7)   :  0.945 0.031 0.024 
 44 yona1241   (14)   :  0.677 0.306 0.017 
 45 kore1280    (0)   :  0.711 0.264 0.026 
 46 tuvi1240    (0)   :  0.035 0.065 0.900 
 47 huzh1238    (7)   :  0.725 0.255 0.020 
 48 khak1248    (0)   :  0.011 0.015 0.974 
 49 oldu1238    (7)   :  0.012 0.019 0.969 
 50 nucl1643    (0)   :  0.966 0.017 0.017 
 51 orok1265   (14)   :  0.022 0.967 0.012 
 52 midd1372   (14)   :  0.692 0.298 0.010 
 53 mogh1245   (28)   :  0.226 0.350 0.423 
 54 uigh1240    (7)   :  0.012 0.012 0.976 
 55 kara1467   (14)   :  0.013 0.015 0.973 
 56 russ1264   (14)   :  0.017 0.024 0.958 
 57 sout2954    (0)   :  0.958 0.028 0.014 
 58 berj1234    (0)   :  0.015 0.970 0.015 
 59 kham1281    (0)   :  0.017 0.041 0.942 
 60 dolg1241    (0)   :  0.011 0.015 0.974 


Estimated Allele Frequencies in each cluster
First column gives estimated ancestral frequencies


Locus 1 : TE003 
2 alleles
3.3% missing data
   1   (0.330) 0.147 0.132 0.977 
   0   (0.670) 0.853 0.868 0.023 

Locus 2 : TE004 
2 alleles
3.3% missing data
   0   (0.764) 0.931 0.468 0.994 
   1   (0.236) 0.069 0.532 0.006 

Locus 3 : TE005 
2 alleles
18.3% missing data
   0   (0.688) 0.906 0.260 0.987 
   1   (0.312) 0.094 0.740 0.013 

Locus 4 : TE006 
2 alleles
26.7% missing data
   0   (0.586) 0.221 0.889 0.980 
   1   (0.414) 0.779 0.111 0.020 

Locus 5 : TE007 
2 alleles
6.7% missing data
   0   (0.736) 0.637 0.908 0.993 
   1   (0.264) 0.363 0.092 0.007 

Locus 6 : TE008 
2 alleles
1.7% missing data
   1   (0.678) 0.723 0.884 0.863 
   0   (0.322) 0.277 0.116 0.137 

Locus 7 : TE031 
2 alleles
1.7% missing data
   1   (0.659) 0.353 0.936 0.858 
   0   (0.341) 0.647 0.064 0.142 

Locus 8 : TE037 
2 alleles
1.7% missing data
   1   (0.478) 0.567 0.234 0.798 
   0   (0.522) 0.433 0.766 0.202 

Locus 9 : TE038 
2 alleles
1.7% missing data
   1   (0.573) 0.284 0.666 0.990 
   0   (0.427) 0.716 0.334 0.010 

Locus 10 : TE039 
2 alleles
5.0% missing data
   1   (0.643) 0.758 0.813 0.555 
   0   (0.357) 0.242 0.187 0.445 

Locus 11 : TE078 
2 alleles
3.3% missing data
   0   (0.818) 0.857 0.935 0.995 
   1   (0.182) 0.143 0.065 0.005 

Locus 12 : TS079 
2 alleles
10.0% missing data
   0   (0.803) 0.944 0.616 0.994 
   1   (0.197) 0.056 0.384 0.006 

Locus 13 : TS080 
2 alleles
10.0% missing data
   0   (0.765) 0.952 0.797 0.105 
   1   (0.235) 0.048 0.203 0.895 

Locus 14 : TS088 
2 alleles
1.7% missing data
   0   (0.638) 0.687 0.852 0.896 
   1   (0.362) 0.313 0.148 0.104 

Values of parameters used in structure:
DATAFILE=phonology_structure,	OUTFILE=outfile_phonology_structure_K3_run35,	NUMINDS=60,	NUMLOCI=14,	MISSING=-9,	LABEL=1,	POPDATA=0,	POPFLAG=0,	PHENOTYPE=0,	EXTRACOLS=0,	MAXPOPS=3,	BURNIN=10000,	NUMREPS=100000,	USEPOPINFO=0,	INFERALPHA=1,	INFERLAMBDA=0,	POPSPECIFICLAMBDA=0,	POPALPHAS=0,	COMPUTEPROB=1,	NOADMIX=0,	ADMBURNIN=500,	UPDATEFREQ=100,	PRINTLIKES=0,	INTERMEDSAVE=0,	PRINTKLD=0,	PRINTNET=1,	PRINTLAMBDA=1,	ANCESTDIST=0,	NUMBOXES=1000,	ANCESTPINT=0.90000,	GENSBACK=2,	MIGRPRIOR=0.01000,	PRINTQHAT=0,	PRINTQSUM=1,	ALPHA=1.0000,	FREQSCORR=1,	FPRIORMEAN=0.0100,	FPRIORSD=0.0500,	ONEFST=0,	LAMBDA=1.0000,	UNIFPRIORALPHA=1,	ALPHAMAX=10.0000,	ALPHAPRIORA=1.0000,	ALPHAPRIORB=2.0000,	ALPHAPROPSD=0.0250,	STARTATPOPINFO=0,	RANDOMIZE=1,	LINKAGE=0,	METROFREQ=10,	REPORTHITRATE=0,	MARKOVPHASE=0,	PHASED=0,	PLOIDY=1,	PHASEINFO=0	LOCPRIOR=0, 	LOCPRIORINIT=1.000000, 	LOCDATA=0, 	LOCISPOP=0, 	LOCPRIORSTEP=0.100000, 	MAXLOCPRIOR=20.000000, 	SEED=1641284255,	
[STRAT parameters]:    NUMSIMSTATS=1000,	PHENOTYPECOL=-9,	POOLFREQ=10,	LOCUSxONLY=0,	EMERROR=0.00100,	MISSINGPHENO=-9,	