

----------------------------------------------------
STRUCTURE by Pritchard, Stephens and Donnelly (2000)
     and Falush, Stephens and Pritchard (2003)
       Code by Pritchard, Falush and Hubisz
             Version 2.3.4 (Jul 2012)
----------------------------------------------------



Command line arguments:   ./structure -m mainparams -K 4 -i phonology_structure -L 14 -o outfile_phonology_structure_K4_run47 
Input File:    phonology_structure

Run parameters:
   60 individuals
   14 loci
   4 populations assumed
   10000 Burn-in period
   100000 Reps


--------------------------------------------
Overall proportion of membership of the
sample in each of the 4 clusters

Inferred Clusters
  1      2      3      4    
0.228  0.192  0.177  0.403  

--------------------------------------------

Allele-freq. divergence among pops (Net nucleotide distance),
computed using point estimates of P.

      1       2       3       4      
 1      -    0.1412  0.1651  0.1465  
 2   0.1412     -    0.2578  0.2370  
 3   0.1651  0.2578     -    0.3183  
 4   0.1465  0.2370  0.3183     -    

Average distances (expected heterozygosity) between individuals in same cluster:
cluster  1  : 0.4084 
cluster  2  : 0.2176 
cluster  3  : 0.1191 
cluster  4  : 0.1029 

--------------------------------------------
Estimated Ln Prob of Data   = -274.2
Mean value of ln likelihood = -238.1
Variance of ln likelihood   = 72.2
Mean value of alpha         = 0.0450

Mean value of Fst_1         = 0.0621
Mean value of Fst_2         = 0.5239
Mean value of Fst_3         = 0.6940
Mean value of Fst_4         = 0.6833


Inferred ancestry of individuals:
        Label (%Miss) :  Inferred clusters
  1 torg1245   (21)   :  0.029 0.018 0.016 0.937 
  2 oldj1239   (14)   :  0.256 0.642 0.069 0.033 
  3 crim1257    (0)   :  0.013 0.009 0.007 0.972 
  4 bash1264    (7)   :  0.011 0.009 0.007 0.973 
  5 anat1259    (0)   :  0.017 0.008 0.025 0.950 
  6 okin1246    (0)   :  0.010 0.009 0.970 0.011 
  7 yaku1245    (0)   :  0.054 0.067 0.017 0.862 
  8 daur1238    (0)   :  0.668 0.024 0.009 0.299 
  9 east2337   (14)   :  0.943 0.027 0.011 0.019 
 10 ikem1235    (7)   :  0.017 0.009 0.965 0.009 
 11 sibe1251    (0)   :  0.012 0.961 0.006 0.021 
 12 nort2697    (0)   :  0.019 0.008 0.025 0.949 
 13 bona1250    (0)   :  0.880 0.058 0.048 0.014 
 14 ulch1241   (14)   :  0.100 0.667 0.012 0.220 
 15 nort2935   (14)   :  0.020 0.020 0.948 0.011 
 16 gaga1249    (0)   :  0.020 0.010 0.037 0.933 
 17 tara1319    (0)   :  0.014 0.008 0.971 0.008 
 18 moma1245   (21)   :  0.035 0.931 0.014 0.021 
 19 manc1252    (0)   :  0.320 0.452 0.030 0.198 
 20 shor1247    (0)   :  0.014 0.012 0.010 0.964 
 21 kaza1248    (0)   :  0.011 0.008 0.007 0.974 
 22 midd1351   (14)   :  0.159 0.053 0.033 0.756 
 23 chag1247   (71)   :  0.544 0.073 0.122 0.260 
 24 huih1238   (14)   :  0.055 0.870 0.026 0.049 
 25 ordo1245    (0)   :  0.658 0.025 0.008 0.309 
 26 turk1303    (0)   :  0.012 0.011 0.010 0.967 
 27 negi1245    (0)   :  0.016 0.953 0.023 0.008 
 28 nana1257    (0)   :  0.017 0.958 0.013 0.012 
 29 nort2690    (7)   :  0.462 0.020 0.106 0.413 
 30 shur1243    (0)   :  0.013 0.014 0.965 0.008 
 31 minh1238    (0)   :  0.913 0.010 0.068 0.010 
 32 udih1248    (0)   :  0.026 0.931 0.018 0.025 
 33 oira1262   (14)   :  0.274 0.024 0.013 0.689 
 34 hate1238    (7)   :  0.047 0.047 0.844 0.062 
 35 tata1255    (0)   :  0.010 0.009 0.007 0.974 
 36 turk1304    (0)   :  0.014 0.013 0.010 0.963 
 37 oroc1248    (0)   :  0.025 0.931 0.017 0.027 
 38 chuv1255    (0)   :  0.346 0.018 0.034 0.602 
 39 noga1249   (14)   :  0.151 0.050 0.035 0.764 
 40 dong1285    (7)   :  0.937 0.028 0.016 0.019 
 41 halh1238   (14)   :  0.870 0.029 0.016 0.085 
 42 ogam1239    (0)   :  0.144 0.011 0.837 0.008 
 43 cent2126    (7)   :  0.013 0.012 0.963 0.013 
 44 yona1241   (14)   :  0.904 0.049 0.034 0.012 
 45 kore1280    (0)   :  0.950 0.011 0.029 0.011 
 46 tuvi1240    (0)   :  0.328 0.047 0.016 0.608 
 47 huzh1238    (7)   :  0.940 0.013 0.036 0.011 
 48 khak1248    (0)   :  0.012 0.013 0.009 0.965 
 49 oldu1238    (7)   :  0.013 0.016 0.009 0.961 
 50 nucl1643    (0)   :  0.013 0.009 0.968 0.010 
 51 orok1265   (14)   :  0.014 0.962 0.015 0.009 
 52 midd1372   (14)   :  0.956 0.021 0.016 0.007 
 53 mogh1245   (28)   :  0.241 0.224 0.062 0.473 
 54 uigh1240    (7)   :  0.014 0.009 0.008 0.969 
 55 kara1467   (14)   :  0.020 0.011 0.008 0.961 
 56 russ1264   (14)   :  0.022 0.017 0.013 0.948 
 57 sout2954    (0)   :  0.012 0.014 0.966 0.008 
 58 berj1234    (0)   :  0.018 0.961 0.010 0.011 
 59 kham1281    (0)   :  0.052 0.065 0.017 0.866 
 60 dolg1241    (0)   :  0.013 0.012 0.009 0.965 


Estimated Allele Frequencies in each cluster
First column gives estimated ancestral frequencies


Locus 1 : TE003 
2 alleles
3.3% missing data
   1   (0.432) 0.442 0.090 0.026 0.982 
   0   (0.568) 0.558 0.910 0.974 0.018 

Locus 2 : TE004 
2 alleles
3.3% missing data
   0   (0.802) 0.836 0.385 0.991 0.995 
   1   (0.198) 0.164 0.615 0.009 0.005 

Locus 3 : TE005 
2 alleles
18.3% missing data
   0   (0.742) 0.772 0.153 0.987 0.992 
   1   (0.258) 0.228 0.847 0.013 0.008 

Locus 4 : TE006 
2 alleles
26.7% missing data
   0   (0.587) 0.537 0.961 0.114 0.984 
   1   (0.413) 0.463 0.039 0.886 0.016 

Locus 5 : TE007 
2 alleles
6.7% missing data
   0   (0.676) 0.638 0.968 0.707 0.993 
   1   (0.324) 0.362 0.032 0.293 0.007 

Locus 6 : TE008 
2 alleles
1.7% missing data
   1   (0.562) 0.478 0.957 0.911 0.936 
   0   (0.438) 0.522 0.043 0.089 0.064 

Locus 7 : TE031 
2 alleles
1.7% missing data
   1   (0.752) 0.805 0.978 0.039 0.868 
   0   (0.248) 0.195 0.022 0.961 0.132 

Locus 8 : TE037 
2 alleles
1.7% missing data
   1   (0.485) 0.487 0.146 0.604 0.874 
   0   (0.515) 0.513 0.854 0.396 0.126 

Locus 9 : TE038 
2 alleles
1.7% missing data
   1   (0.663) 0.698 0.676 0.036 0.993 
   0   (0.337) 0.302 0.324 0.964 0.007 

Locus 10 : TE039 
2 alleles
5.0% missing data
   1   (0.602) 0.578 0.878 0.969 0.516 
   0   (0.398) 0.422 0.122 0.031 0.484 

Locus 11 : TE078 
2 alleles
3.3% missing data
   0   (0.786) 0.749 0.981 0.990 0.995 
   1   (0.214) 0.251 0.019 0.010 0.005 

Locus 12 : TS079 
2 alleles
10.0% missing data
   0   (0.836) 0.871 0.549 0.993 0.996 
   1   (0.164) 0.129 0.451 0.007 0.004 

Locus 13 : TS080 
2 alleles
10.0% missing data
   0   (0.718) 0.766 0.766 0.987 0.081 
   1   (0.282) 0.234 0.234 0.013 0.919 

Locus 14 : TS088 
2 alleles
1.7% missing data
   0   (0.478) 0.354 0.950 0.973 0.953 
   1   (0.522) 0.646 0.050 0.027 0.047 

Values of parameters used in structure:
DATAFILE=phonology_structure,	OUTFILE=outfile_phonology_structure_K4_run47,	NUMINDS=60,	NUMLOCI=14,	MISSING=-9,	LABEL=1,	POPDATA=0,	POPFLAG=0,	PHENOTYPE=0,	EXTRACOLS=0,	MAXPOPS=4,	BURNIN=10000,	NUMREPS=100000,	USEPOPINFO=0,	INFERALPHA=1,	INFERLAMBDA=0,	POPSPECIFICLAMBDA=0,	POPALPHAS=0,	COMPUTEPROB=1,	NOADMIX=0,	ADMBURNIN=500,	UPDATEFREQ=100,	PRINTLIKES=0,	INTERMEDSAVE=0,	PRINTKLD=0,	PRINTNET=1,	PRINTLAMBDA=1,	ANCESTDIST=0,	NUMBOXES=1000,	ANCESTPINT=0.90000,	GENSBACK=2,	MIGRPRIOR=0.01000,	PRINTQHAT=0,	PRINTQSUM=1,	ALPHA=1.0000,	FREQSCORR=1,	FPRIORMEAN=0.0100,	FPRIORSD=0.0500,	ONEFST=0,	LAMBDA=1.0000,	UNIFPRIORALPHA=1,	ALPHAMAX=10.0000,	ALPHAPRIORA=1.0000,	ALPHAPRIORB=2.0000,	ALPHAPROPSD=0.0250,	STARTATPOPINFO=0,	RANDOMIZE=1,	LINKAGE=0,	METROFREQ=10,	REPORTHITRATE=0,	MARKOVPHASE=0,	PHASED=0,	PLOIDY=1,	PHASEINFO=0	LOCPRIOR=0, 	LOCPRIORINIT=1.000000, 	LOCDATA=0, 	LOCISPOP=0, 	LOCPRIORSTEP=0.100000, 	MAXLOCPRIOR=20.000000, 	SEED=1641291026,	
[STRAT parameters]:    NUMSIMSTATS=1000,	PHENOTYPECOL=-9,	POOLFREQ=10,	LOCUSxONLY=0,	EMERROR=0.00100,	MISSINGPHENO=-9,	