

----------------------------------------------------
STRUCTURE by Pritchard, Stephens and Donnelly (2000)
     and Falush, Stephens and Pritchard (2003)
       Code by Pritchard, Falush and Hubisz
             Version 2.3.4 (Jul 2012)
----------------------------------------------------



Command line arguments:   ./structure -m mainparams -K 5 -i phonology_structure -L 14 -o outfile_phonology_structure_K5_run34 
Input File:    phonology_structure

Run parameters:
   60 individuals
   14 loci
   5 populations assumed
   10000 Burn-in period
   100000 Reps


--------------------------------------------
Overall proportion of membership of the
sample in each of the 5 clusters

Inferred Clusters
  1      2      3      4      5    
0.164  0.192  0.173  0.292  0.179  

--------------------------------------------

Allele-freq. divergence among pops (Net nucleotide distance),
computed using point estimates of P.

      1       2       3       4       5      
 1      -    0.0046  0.1891  0.0576  0.1450  
 2   0.0046     -    0.2017  0.0297  0.1530  
 3   0.1891  0.2017     -    0.2693  0.2651  
 4   0.0576  0.0297  0.2693     -    0.2158  
 5   0.1450  0.1530  0.2651  0.2158     -    

Average distances (expected heterozygosity) between individuals in same cluster:
cluster  1  : 0.3732 
cluster  2  : 0.3465 
cluster  3  : 0.1150 
cluster  4  : 0.1977 
cluster  5  : 0.2066 

--------------------------------------------
Estimated Ln Prob of Data   = -330.5
Mean value of ln likelihood = -226.5
Variance of ln likelihood   = 208.0
Mean value of alpha         = 0.0413

Mean value of Fst_1         = 0.2588
Mean value of Fst_2         = 0.3460
Mean value of Fst_3         = 0.6988
Mean value of Fst_4         = 0.6234
Mean value of Fst_5         = 0.5405


Inferred ancestry of individuals:
        Label (%Miss) :  Inferred clusters
  1 torg1245   (21)   :  0.121 0.221 0.016 0.625 0.017 
  2 oldj1239   (14)   :  0.171 0.146 0.066 0.079 0.538 
  3 crim1257    (0)   :  0.021 0.211 0.006 0.754 0.008 
  4 bash1264    (7)   :  0.024 0.215 0.006 0.748 0.008 
  5 anat1259    (0)   :  0.037 0.212 0.023 0.721 0.007 
  6 okin1246    (0)   :  0.009 0.009 0.965 0.010 0.008 
  7 yaku1245    (0)   :  0.308 0.292 0.014 0.336 0.050 
  8 daur1238    (0)   :  0.490 0.410 0.007 0.082 0.012 
  9 east2337   (14)   :  0.452 0.352 0.011 0.155 0.030 
 10 ikem1235    (7)   :  0.014 0.011 0.957 0.010 0.008 
 11 sibe1251    (0)   :  0.015 0.015 0.006 0.016 0.948 
 12 nort2697    (0)   :  0.035 0.211 0.023 0.724 0.007 
 13 bona1250    (0)   :  0.423 0.332 0.042 0.155 0.048 
 14 ulch1241   (14)   :  0.171 0.156 0.011 0.123 0.539 
 15 nort2935   (14)   :  0.017 0.015 0.937 0.011 0.020 
 16 gaga1249    (0)   :  0.089 0.210 0.041 0.648 0.011 
 17 tara1319    (0)   :  0.013 0.009 0.963 0.008 0.006 
 18 moma1245   (21)   :  0.034 0.033 0.014 0.020 0.899 
 19 manc1252    (0)   :  0.193 0.198 0.027 0.204 0.379 
 20 shor1247    (0)   :  0.120 0.226 0.009 0.632 0.012 
 21 kaza1248    (0)   :  0.023 0.208 0.006 0.755 0.008 
 22 midd1351   (14)   :  0.108 0.259 0.028 0.570 0.034 
 23 chag1247   (71)   :  0.319 0.308 0.102 0.223 0.049 
 24 huih1238   (14)   :  0.058 0.055 0.023 0.041 0.824 
 25 ordo1245    (0)   :  0.483 0.418 0.007 0.080 0.012 
 26 turk1303    (0)   :  0.123 0.218 0.009 0.638 0.011 
 27 negi1245    (0)   :  0.014 0.013 0.020 0.009 0.946 
 28 nana1257    (0)   :  0.016 0.016 0.012 0.012 0.945 
 29 nort2690    (7)   :  0.247 0.289 0.086 0.363 0.015 
 30 shur1243    (0)   :  0.012 0.010 0.957 0.008 0.013 
 31 minh1238    (0)   :  0.433 0.330 0.070 0.159 0.008 
 32 udih1248    (0)   :  0.025 0.026 0.017 0.022 0.910 
 33 oira1262   (14)   :  0.342 0.323 0.011 0.307 0.017 
 34 hate1238    (7)   :  0.045 0.050 0.816 0.053 0.036 
 35 tata1255    (0)   :  0.024 0.206 0.006 0.757 0.008 
 36 turk1304    (0)   :  0.115 0.217 0.009 0.647 0.011 
 37 oroc1248    (0)   :  0.021 0.021 0.016 0.023 0.919 
 38 chuv1255    (0)   :  0.343 0.358 0.029 0.257 0.013 
 39 noga1249   (14)   :  0.112 0.264 0.028 0.561 0.035 
 40 dong1285    (7)   :  0.454 0.342 0.015 0.166 0.023 
 41 halh1238   (14)   :  0.448 0.370 0.017 0.141 0.024 
 42 ogam1239    (0)   :  0.092 0.069 0.797 0.031 0.010 
 43 cent2126    (7)   :  0.011 0.012 0.956 0.011 0.011 
 44 yona1241   (14)   :  0.435 0.339 0.027 0.164 0.035 
 45 kore1280    (0)   :  0.457 0.345 0.026 0.162 0.010 
 46 tuvi1240    (0)   :  0.436 0.381 0.010 0.151 0.022 
 47 huzh1238    (7)   :  0.446 0.352 0.030 0.162 0.011 
 48 khak1248    (0)   :  0.120 0.218 0.009 0.642 0.012 
 49 oldu1238    (7)   :  0.118 0.217 0.009 0.640 0.016 
 50 nucl1643    (0)   :  0.009 0.009 0.963 0.010 0.008 
 51 orok1265   (14)   :  0.010 0.010 0.015 0.008 0.958 
 52 midd1372   (14)   :  0.450 0.352 0.012 0.164 0.021 
 53 mogh1245   (28)   :  0.159 0.230 0.054 0.391 0.167 
 54 uigh1240    (7)   :  0.023 0.212 0.008 0.749 0.008 
 55 kara1467   (14)   :  0.024 0.210 0.008 0.749 0.009 
 56 russ1264   (14)   :  0.116 0.232 0.013 0.619 0.020 
 57 sout2954    (0)   :  0.011 0.010 0.957 0.008 0.013 
 58 berj1234    (0)   :  0.014 0.014 0.010 0.010 0.952 
 59 kham1281    (0)   :  0.303 0.287 0.015 0.347 0.048 
 60 dolg1241    (0)   :  0.116 0.218 0.010 0.644 0.012 


Estimated Allele Frequencies in each cluster
First column gives estimated ancestral frequencies


Locus 1 : TE003 
2 alleles
3.3% missing data
   1   (0.446) 0.608 0.688 0.024 0.872 0.074 
   0   (0.554) 0.392 0.312 0.976 0.128 0.926 

Locus 2 : TE004 
2 alleles
3.3% missing data
   0   (0.811) 0.895 0.916 0.991 0.968 0.353 
   1   (0.189) 0.105 0.084 0.009 0.032 0.647 

Locus 3 : TE005 
2 alleles
18.3% missing data
   0   (0.746) 0.835 0.865 0.987 0.951 0.138 
   1   (0.254) 0.165 0.135 0.013 0.049 0.862 

Locus 4 : TE006 
2 alleles
26.7% missing data
   0   (0.609) 0.673 0.741 0.108 0.886 0.965 
   1   (0.391) 0.327 0.259 0.892 0.114 0.035 

Locus 5 : TE007 
2 alleles
6.7% missing data
   0   (0.706) 0.754 0.807 0.707 0.921 0.971 
   1   (0.294) 0.246 0.193 0.293 0.079 0.029 

Locus 6 : TE008 
2 alleles
1.7% missing data
   1   (0.616) 0.523 0.623 0.926 0.889 0.966 
   0   (0.384) 0.477 0.377 0.074 0.111 0.034 

Locus 7 : TE031 
2 alleles
1.7% missing data
   1   (0.738) 0.843 0.843 0.037 0.850 0.977 
   0   (0.262) 0.157 0.157 0.963 0.150 0.023 

Locus 8 : TE037 
2 alleles
1.7% missing data
   1   (0.504) 0.460 0.566 0.610 0.869 0.139 
   0   (0.496) 0.540 0.434 0.390 0.131 0.861 

Locus 9 : TE038 
2 alleles
1.7% missing data
   1   (0.665) 0.788 0.831 0.035 0.934 0.667 
   0   (0.335) 0.212 0.169 0.965 0.066 0.333 

Locus 10 : TE039 
2 alleles
5.0% missing data
   1   (0.608) 0.673 0.597 0.970 0.452 0.901 
   0   (0.392) 0.327 0.403 0.030 0.548 0.099 

Locus 11 : TE078 
2 alleles
3.3% missing data
   0   (0.803) 0.826 0.862 0.991 0.944 0.982 
   1   (0.197) 0.174 0.138 0.009 0.056 0.018 

Locus 12 : TS079 
2 alleles
10.0% missing data
   0   (0.837) 0.913 0.931 0.993 0.975 0.525 
   1   (0.163) 0.087 0.069 0.007 0.025 0.475 

Locus 13 : TS080 
2 alleles
10.0% missing data
   0   (0.700) 0.560 0.473 0.986 0.228 0.770 
   1   (0.300) 0.440 0.527 0.014 0.772 0.230 

Locus 14 : TS088 
2 alleles
1.7% missing data
   0   (0.559) 0.481 0.588 0.977 0.862 0.960 
   1   (0.441) 0.519 0.412 0.023 0.138 0.040 

Values of parameters used in structure:
DATAFILE=phonology_structure,	OUTFILE=outfile_phonology_structure_K5_run34,	NUMINDS=60,	NUMLOCI=14,	MISSING=-9,	LABEL=1,	POPDATA=0,	POPFLAG=0,	PHENOTYPE=0,	EXTRACOLS=0,	MAXPOPS=5,	BURNIN=10000,	NUMREPS=100000,	USEPOPINFO=0,	INFERALPHA=1,	INFERLAMBDA=0,	POPSPECIFICLAMBDA=0,	POPALPHAS=0,	COMPUTEPROB=1,	NOADMIX=0,	ADMBURNIN=500,	UPDATEFREQ=100,	PRINTLIKES=0,	INTERMEDSAVE=0,	PRINTKLD=0,	PRINTNET=1,	PRINTLAMBDA=1,	ANCESTDIST=0,	NUMBOXES=1000,	ANCESTPINT=0.90000,	GENSBACK=2,	MIGRPRIOR=0.01000,	PRINTQHAT=0,	PRINTQSUM=1,	ALPHA=1.0000,	FREQSCORR=1,	FPRIORMEAN=0.0100,	FPRIORSD=0.0500,	ONEFST=0,	LAMBDA=1.0000,	UNIFPRIORALPHA=1,	ALPHAMAX=10.0000,	ALPHAPRIORA=1.0000,	ALPHAPRIORB=2.0000,	ALPHAPROPSD=0.0250,	STARTATPOPINFO=0,	RANDOMIZE=1,	LINKAGE=0,	METROFREQ=10,	REPORTHITRATE=0,	MARKOVPHASE=0,	PHASED=0,	PLOIDY=1,	PHASEINFO=0	LOCPRIOR=0, 	LOCPRIORINIT=1.000000, 	LOCDATA=0, 	LOCISPOP=0, 	LOCPRIORSTEP=0.100000, 	MAXLOCPRIOR=20.000000, 	SEED=1641283802,	
[STRAT parameters]:    NUMSIMSTATS=1000,	PHENOTYPECOL=-9,	POOLFREQ=10,	LOCUSxONLY=0,	EMERROR=0.00100,	MISSINGPHENO=-9,	