

----------------------------------------------------
STRUCTURE by Pritchard, Stephens and Donnelly (2000)
     and Falush, Stephens and Pritchard (2003)
       Code by Pritchard, Falush and Hubisz
             Version 2.3.4 (Jul 2012)
----------------------------------------------------



Command line arguments:   ./structure -m mainparams -K 4 -i phonology_structure -L 14 -o outfile_phonology_structure_K4_run16 
Input File:    phonology_structure

Run parameters:
   60 individuals
   14 loci
   4 populations assumed
   10000 Burn-in period
   100000 Reps


--------------------------------------------
Overall proportion of membership of the
sample in each of the 4 clusters

Inferred Clusters
  1      2      3      4    
0.404  0.177  0.191  0.228  

--------------------------------------------

Allele-freq. divergence among pops (Net nucleotide distance),
computed using point estimates of P.

      1       2       3       4      
 1      -    0.3173  0.2371  0.1474  
 2   0.3173     -    0.2582  0.1641  
 3   0.2371  0.2582     -    0.1435  
 4   0.1474  0.1641  0.1435     -    

Average distances (expected heterozygosity) between individuals in same cluster:
cluster  1  : 0.1043 
cluster  2  : 0.1203 
cluster  3  : 0.2166 
cluster  4  : 0.4067 

--------------------------------------------
Estimated Ln Prob of Data   = -272.8
Mean value of ln likelihood = -238.0
Variance of ln likelihood   = 69.6
Mean value of alpha         = 0.0439

Mean value of Fst_1         = 0.6781
Mean value of Fst_2         = 0.6880
Mean value of Fst_3         = 0.5263
Mean value of Fst_4         = 0.0636


Inferred ancestry of individuals:
        Label (%Miss) :  Inferred clusters
  1 torg1245   (21)   :  0.940 0.016 0.018 0.026 
  2 oldj1239   (14)   :  0.031 0.069 0.642 0.258 
  3 crim1257    (0)   :  0.972 0.007 0.009 0.012 
  4 bash1264    (7)   :  0.971 0.007 0.009 0.012 
  5 anat1259    (0)   :  0.954 0.022 0.008 0.016 
  6 okin1246    (0)   :  0.010 0.971 0.009 0.010 
  7 yaku1245    (0)   :  0.860 0.018 0.067 0.055 
  8 daur1238    (0)   :  0.307 0.009 0.025 0.659 
  9 east2337   (14)   :  0.019 0.011 0.025 0.945 
 10 ikem1235    (7)   :  0.009 0.967 0.008 0.015 
 11 sibe1251    (0)   :  0.020 0.006 0.960 0.013 
 12 nort2697    (0)   :  0.951 0.022 0.008 0.019 
 13 bona1250    (0)   :  0.013 0.047 0.057 0.884 
 14 ulch1241   (14)   :  0.217 0.012 0.675 0.096 
 15 nort2935   (14)   :  0.011 0.949 0.019 0.021 
 16 gaga1249    (0)   :  0.938 0.035 0.009 0.018 
 17 tara1319    (0)   :  0.008 0.970 0.007 0.015 
 18 moma1245   (21)   :  0.021 0.014 0.928 0.038 
 19 manc1252    (0)   :  0.202 0.031 0.445 0.323 
 20 shor1247    (0)   :  0.966 0.009 0.012 0.013 
 21 kaza1248    (0)   :  0.974 0.007 0.008 0.011 
 22 midd1351   (14)   :  0.750 0.035 0.052 0.164 
 23 chag1247   (71)   :  0.263 0.123 0.067 0.547 
 24 huih1238   (14)   :  0.048 0.026 0.867 0.059 
 25 ordo1245    (0)   :  0.314 0.009 0.021 0.656 
 26 turk1303    (0)   :  0.966 0.010 0.011 0.013 
 27 negi1245    (0)   :  0.008 0.021 0.955 0.016 
 28 nana1257    (0)   :  0.013 0.012 0.958 0.018 
 29 nort2690    (7)   :  0.409 0.105 0.019 0.466 
 30 shur1243    (0)   :  0.008 0.966 0.014 0.012 
 31 minh1238    (0)   :  0.010 0.068 0.008 0.914 
 32 udih1248    (0)   :  0.026 0.018 0.933 0.023 
 33 oira1262   (14)   :  0.709 0.012 0.022 0.257 
 34 hate1238    (7)   :  0.064 0.836 0.044 0.056 
 35 tata1255    (0)   :  0.973 0.007 0.009 0.011 
 36 turk1304    (0)   :  0.965 0.009 0.012 0.014 
 37 oroc1248    (0)   :  0.026 0.017 0.931 0.026 
 38 chuv1255    (0)   :  0.614 0.031 0.018 0.337 
 39 noga1249   (14)   :  0.754 0.033 0.051 0.162 
 40 dong1285    (7)   :  0.018 0.016 0.026 0.940 
 41 halh1238   (14)   :  0.089 0.017 0.027 0.867 
 42 ogam1239    (0)   :  0.008 0.850 0.011 0.131 
 43 cent2126    (7)   :  0.013 0.962 0.012 0.013 
 44 yona1241   (14)   :  0.012 0.034 0.046 0.907 
 45 kore1280    (0)   :  0.011 0.026 0.011 0.953 
 46 tuvi1240    (0)   :  0.621 0.017 0.047 0.315 
 47 huzh1238    (7)   :  0.011 0.038 0.013 0.938 
 48 khak1248    (0)   :  0.968 0.009 0.011 0.011 
 49 oldu1238    (7)   :  0.960 0.010 0.016 0.015 
 50 nucl1643    (0)   :  0.010 0.971 0.009 0.010 
 51 orok1265   (14)   :  0.008 0.015 0.964 0.013 
 52 midd1372   (14)   :  0.007 0.016 0.020 0.957 
 53 mogh1245   (28)   :  0.474 0.058 0.229 0.239 
 54 uigh1240    (7)   :  0.970 0.008 0.009 0.013 
 55 kara1467   (14)   :  0.966 0.008 0.010 0.015 
 56 russ1264   (14)   :  0.947 0.012 0.018 0.023 
 57 sout2954    (0)   :  0.008 0.966 0.012 0.014 
 58 berj1234    (0)   :  0.012 0.010 0.963 0.015 
 59 kham1281    (0)   :  0.869 0.018 0.062 0.052 
 60 dolg1241    (0)   :  0.965 0.009 0.012 0.014 


Estimated Allele Frequencies in each cluster
First column gives estimated ancestral frequencies


Locus 1 : TE003 
2 alleles
3.3% missing data
   1   (0.432) 0.982 0.026 0.090 0.442 
   0   (0.568) 0.018 0.974 0.910 0.558 

Locus 2 : TE004 
2 alleles
3.3% missing data
   0   (0.811) 0.996 0.991 0.385 0.845 
   1   (0.189) 0.004 0.009 0.615 0.155 

Locus 3 : TE005 
2 alleles
18.3% missing data
   0   (0.745) 0.992 0.987 0.151 0.776 
   1   (0.255) 0.008 0.013 0.849 0.224 

Locus 4 : TE006 
2 alleles
26.7% missing data
   0   (0.586) 0.983 0.113 0.962 0.537 
   1   (0.414) 0.017 0.887 0.038 0.463 

Locus 5 : TE007 
2 alleles
6.7% missing data
   0   (0.681) 0.993 0.705 0.969 0.642 
   1   (0.319) 0.007 0.295 0.031 0.358 

Locus 6 : TE008 
2 alleles
1.7% missing data
   1   (0.554) 0.934 0.908 0.958 0.469 
   0   (0.446) 0.066 0.092 0.042 0.531 

Locus 7 : TE031 
2 alleles
1.7% missing data
   1   (0.747) 0.865 0.041 0.979 0.805 
   0   (0.253) 0.135 0.959 0.021 0.195 

Locus 8 : TE037 
2 alleles
1.7% missing data
   1   (0.482) 0.872 0.602 0.145 0.485 
   0   (0.518) 0.128 0.398 0.855 0.515 

Locus 9 : TE038 
2 alleles
1.7% missing data
   1   (0.656) 0.993 0.037 0.675 0.692 
   0   (0.344) 0.007 0.963 0.325 0.308 

Locus 10 : TE039 
2 alleles
5.0% missing data
   1   (0.603) 0.519 0.967 0.879 0.578 
   0   (0.397) 0.481 0.033 0.121 0.422 

Locus 11 : TE078 
2 alleles
3.3% missing data
   0   (0.786) 0.995 0.990 0.981 0.746 
   1   (0.214) 0.005 0.010 0.019 0.254 

Locus 12 : TS079 
2 alleles
10.0% missing data
   0   (0.836) 0.996 0.992 0.547 0.872 
   1   (0.164) 0.004 0.008 0.453 0.128 

Locus 13 : TS080 
2 alleles
10.0% missing data
   0   (0.725) 0.082 0.987 0.766 0.774 
   1   (0.275) 0.918 0.013 0.234 0.226 

Locus 14 : TS088 
2 alleles
1.7% missing data
   0   (0.483) 0.952 0.972 0.952 0.352 
   1   (0.517) 0.048 0.028 0.048 0.648 

Values of parameters used in structure:
DATAFILE=phonology_structure,	OUTFILE=outfile_phonology_structure_K4_run16,	NUMINDS=60,	NUMLOCI=14,	MISSING=-9,	LABEL=1,	POPDATA=0,	POPFLAG=0,	PHENOTYPE=0,	EXTRACOLS=0,	MAXPOPS=4,	BURNIN=10000,	NUMREPS=100000,	USEPOPINFO=0,	INFERALPHA=1,	INFERLAMBDA=0,	POPSPECIFICLAMBDA=0,	POPALPHAS=0,	COMPUTEPROB=1,	NOADMIX=0,	ADMBURNIN=500,	UPDATEFREQ=100,	PRINTLIKES=0,	INTERMEDSAVE=0,	PRINTKLD=0,	PRINTNET=1,	PRINTLAMBDA=1,	ANCESTDIST=0,	NUMBOXES=1000,	ANCESTPINT=0.90000,	GENSBACK=2,	MIGRPRIOR=0.01000,	PRINTQHAT=0,	PRINTQSUM=1,	ALPHA=1.0000,	FREQSCORR=1,	FPRIORMEAN=0.0100,	FPRIORSD=0.0500,	ONEFST=0,	LAMBDA=1.0000,	UNIFPRIORALPHA=1,	ALPHAMAX=10.0000,	ALPHAPRIORA=1.0000,	ALPHAPRIORB=2.0000,	ALPHAPROPSD=0.0250,	STARTATPOPINFO=0,	RANDOMIZE=1,	LINKAGE=0,	METROFREQ=10,	REPORTHITRATE=0,	MARKOVPHASE=0,	PHASED=0,	PLOIDY=1,	PHASEINFO=0	LOCPRIOR=0, 	LOCPRIORINIT=1.000000, 	LOCDATA=0, 	LOCISPOP=0, 	LOCPRIORSTEP=0.100000, 	MAXLOCPRIOR=20.000000, 	SEED=1641242721,	
[STRAT parameters]:    NUMSIMSTATS=1000,	PHENOTYPECOL=-9,	POOLFREQ=10,	LOCUSxONLY=0,	EMERROR=0.00100,	MISSINGPHENO=-9,	