

----------------------------------------------------
STRUCTURE by Pritchard, Stephens and Donnelly (2000)
     and Falush, Stephens and Pritchard (2003)
       Code by Pritchard, Falush and Hubisz
             Version 2.3.4 (Jul 2012)
----------------------------------------------------



Command line arguments:   ./structure -m mainparams -K 7 -i phonology_structure -L 14 -o outfile_phonology_structure_K7_run26 
Input File:    phonology_structure

Run parameters:
   60 individuals
   14 loci
   7 populations assumed
   10000 Burn-in period
   100000 Reps


--------------------------------------------
Overall proportion of membership of the
sample in each of the 7 clusters

Inferred Clusters
  1      2      3      4      5      6      7    
0.114  0.159  0.171  0.165  0.176  0.095  0.119  

--------------------------------------------

Allele-freq. divergence among pops (Net nucleotide distance),
computed using point estimates of P.

      1       2       3       4       5       6       7      
 1      -    0.1473  0.0278  0.1748  0.0278  0.0030  0.0029  
 2   0.1473     -    0.1902  0.2785  0.2039  0.1393  0.1475  
 3   0.0278  0.1902     -    0.2420  0.0046  0.0447  0.0188  
 4   0.1748  0.2785  0.2420     -    0.2450  0.1671  0.1923  
 5   0.0278  0.2039  0.0046  0.2450     -    0.0482  0.0243  
 6   0.0030  0.1393  0.0447  0.1671  0.0482     -    0.0063  
 7   0.0029  0.1475  0.0188  0.1923  0.0243  0.0063     -    

Average distances (expected heterozygosity) between individuals in same cluster:
cluster  1  : 0.3776 
cluster  2  : 0.1916 
cluster  3  : 0.2482 
cluster  4  : 0.1112 
cluster  5  : 0.2518 
cluster  6  : 0.3941 
cluster  7  : 0.3569 

--------------------------------------------
Estimated Ln Prob of Data   = -367.1
Mean value of ln likelihood = -232.4
Variance of ln likelihood   = 269.5
Mean value of alpha         = 0.0395

Mean value of Fst_1         = 0.1917
Mean value of Fst_2         = 0.5814
Mean value of Fst_3         = 0.5200
Mean value of Fst_4         = 0.7144
Mean value of Fst_5         = 0.5207
Mean value of Fst_6         = 0.0921
Mean value of Fst_7         = 0.2448


Inferred ancestry of individuals:
        Label (%Miss) :  Inferred clusters
  1 torg1245   (21)   :  0.086 0.014 0.417 0.015 0.292 0.037 0.139 
  2 oldj1239   (14)   :  0.138 0.377 0.067 0.053 0.077 0.164 0.123 
  3 crim1257    (0)   :  0.141 0.007 0.265 0.006 0.473 0.014 0.093 
  4 bash1264    (7)   :  0.143 0.007 0.265 0.006 0.474 0.016 0.089 
  5 anat1259    (0)   :  0.138 0.006 0.261 0.024 0.451 0.028 0.091 
  6 okin1246    (0)   :  0.010 0.008 0.009 0.943 0.010 0.010 0.011 
  7 yaku1245    (0)   :  0.097 0.041 0.349 0.014 0.201 0.081 0.216 
  8 daur1238    (0)   :  0.170 0.011 0.191 0.006 0.104 0.216 0.301 
  9 east2337   (14)   :  0.243 0.022 0.107 0.010 0.103 0.291 0.225 
 10 ikem1235    (7)   :  0.016 0.007 0.011 0.926 0.011 0.017 0.012 
 11 sibe1251    (0)   :  0.013 0.917 0.020 0.005 0.015 0.015 0.016 
 12 nort2697    (0)   :  0.142 0.006 0.249 0.024 0.454 0.030 0.094 
 13 bona1250    (0)   :  0.246 0.038 0.100 0.043 0.093 0.277 0.203 
 14 ulch1241   (14)   :  0.102 0.422 0.134 0.010 0.102 0.100 0.129 
 15 nort2935   (14)   :  0.020 0.018 0.013 0.897 0.013 0.023 0.017 
 16 gaga1249    (0)   :  0.107 0.010 0.339 0.050 0.329 0.040 0.125 
 17 tara1319    (0)   :  0.013 0.006 0.009 0.940 0.009 0.014 0.009 
 18 moma1245   (21)   :  0.039 0.798 0.033 0.014 0.027 0.047 0.042 
 19 manc1252    (0)   :  0.182 0.207 0.105 0.019 0.156 0.182 0.149 
 20 shor1247    (0)   :  0.066 0.010 0.466 0.008 0.313 0.016 0.120 
 21 kaza1248    (0)   :  0.138 0.007 0.267 0.006 0.476 0.014 0.092 
 22 midd1351   (14)   :  0.188 0.023 0.189 0.022 0.343 0.111 0.125 
 23 chag1247   (71)   :  0.206 0.033 0.140 0.072 0.153 0.219 0.178 
 24 huih1238   (14)   :  0.055 0.712 0.051 0.020 0.043 0.063 0.056 
 25 ordo1245    (0)   :  0.180 0.011 0.190 0.006 0.108 0.207 0.297 
 26 turk1303    (0)   :  0.065 0.011 0.466 0.008 0.309 0.015 0.126 
 27 negi1245    (0)   :  0.014 0.919 0.010 0.019 0.010 0.014 0.013 
 28 nana1257    (0)   :  0.022 0.888 0.018 0.011 0.014 0.021 0.025 
 29 nort2690    (7)   :  0.212 0.012 0.135 0.061 0.227 0.194 0.161 
 30 shur1243    (0)   :  0.012 0.013 0.009 0.933 0.009 0.013 0.011 
 31 minh1238    (0)   :  0.246 0.007 0.096 0.066 0.098 0.280 0.208 
 32 udih1248    (0)   :  0.031 0.835 0.026 0.017 0.026 0.032 0.032 
 33 oira1262   (14)   :  0.144 0.014 0.304 0.010 0.196 0.128 0.204 
 34 hate1238    (7)   :  0.050 0.030 0.045 0.738 0.047 0.046 0.044 
 35 tata1255    (0)   :  0.141 0.007 0.264 0.006 0.474 0.015 0.093 
 36 turk1304    (0)   :  0.063 0.010 0.465 0.009 0.317 0.016 0.120 
 37 oroc1248    (0)   :  0.027 0.859 0.024 0.015 0.024 0.025 0.025 
 38 chuv1255    (0)   :  0.186 0.011 0.180 0.021 0.202 0.194 0.205 
 39 noga1249   (14)   :  0.187 0.026 0.190 0.021 0.338 0.109 0.129 
 40 dong1285    (7)   :  0.250 0.017 0.105 0.012 0.107 0.285 0.225 
 41 halh1238   (14)   :  0.233 0.017 0.123 0.015 0.116 0.257 0.239 
 42 ogam1239    (0)   :  0.062 0.009 0.030 0.752 0.027 0.071 0.050 
 43 cent2126    (7)   :  0.013 0.009 0.012 0.928 0.012 0.014 0.011 
 44 yona1241   (14)   :  0.243 0.028 0.097 0.026 0.108 0.284 0.213 
 45 kore1280    (0)   :  0.257 0.009 0.107 0.028 0.106 0.279 0.214 
 46 tuvi1240    (0)   :  0.143 0.019 0.240 0.010 0.132 0.174 0.282 
 47 huzh1238    (7)   :  0.245 0.010 0.098 0.040 0.098 0.295 0.214 
 48 khak1248    (0)   :  0.070 0.010 0.461 0.009 0.300 0.018 0.132 
 49 oldu1238    (7)   :  0.068 0.013 0.459 0.008 0.301 0.020 0.130 
 50 nucl1643    (0)   :  0.011 0.008 0.009 0.943 0.009 0.010 0.011 
 51 orok1265   (14)   :  0.014 0.927 0.009 0.014 0.010 0.014 0.012 
 52 midd1372   (14)   :  0.240 0.019 0.109 0.014 0.096 0.299 0.224 
 53 mogh1245   (28)   :  0.186 0.078 0.156 0.040 0.251 0.148 0.142 
 54 uigh1240    (7)   :  0.139 0.008 0.268 0.007 0.472 0.016 0.089 
 55 kara1467   (14)   :  0.142 0.009 0.253 0.007 0.472 0.021 0.095 
 56 russ1264   (14)   :  0.078 0.016 0.437 0.012 0.296 0.028 0.132 
 57 sout2954    (0)   :  0.012 0.013 0.010 0.935 0.009 0.012 0.010 
 58 berj1234    (0)   :  0.015 0.919 0.013 0.010 0.011 0.016 0.016 
 59 kham1281    (0)   :  0.091 0.040 0.339 0.014 0.213 0.078 0.225 
 60 dolg1241    (0)   :  0.069 0.010 0.473 0.009 0.304 0.018 0.118 


Estimated Allele Frequencies in each cluster
First column gives estimated ancestral frequencies


Locus 1 : TE003 
2 alleles
3.3% missing data
   1   (0.463) 0.558 0.063 0.809 0.023 0.804 0.494 0.627 
   0   (0.537) 0.442 0.937 0.191 0.977 0.196 0.506 0.373 

Locus 2 : TE004 
2 alleles
3.3% missing data
   0   (0.839) 0.880 0.315 0.950 0.993 0.942 0.858 0.897 
   1   (0.161) 0.120 0.685 0.050 0.007 0.058 0.142 0.103 

Locus 3 : TE005 
2 alleles
18.3% missing data
   0   (0.776) 0.825 0.114 0.918 0.989 0.919 0.795 0.845 
   1   (0.224) 0.175 0.886 0.082 0.011 0.081 0.205 0.155 

Locus 4 : TE006 
2 alleles
26.7% missing data
   0   (0.652) 0.693 0.971 0.867 0.097 0.853 0.657 0.755 
   1   (0.348) 0.307 0.029 0.133 0.903 0.147 0.343 0.245 

Locus 5 : TE007 
2 alleles
6.7% missing data
   0   (0.727) 0.770 0.974 0.898 0.707 0.896 0.730 0.807 
   1   (0.273) 0.230 0.026 0.102 0.293 0.104 0.270 0.193 

Locus 6 : TE008 
2 alleles
1.7% missing data
   1   (0.602) 0.629 0.966 0.795 0.934 0.829 0.549 0.606 
   0   (0.398) 0.371 0.034 0.205 0.066 0.171 0.451 0.394 

Locus 7 : TE031 
2 alleles
1.7% missing data
   1   (0.785) 0.817 0.982 0.881 0.037 0.838 0.809 0.841 
   0   (0.215) 0.183 0.018 0.119 0.963 0.162 0.191 0.159 

Locus 8 : TE037 
2 alleles
1.7% missing data
   1   (0.504) 0.567 0.112 0.724 0.613 0.780 0.474 0.510 
   0   (0.496) 0.433 0.888 0.276 0.387 0.220 0.526 0.490 

Locus 9 : TE038 
2 alleles
1.7% missing data
   1   (0.711) 0.773 0.661 0.900 0.035 0.899 0.735 0.807 
   0   (0.289) 0.227 0.339 0.100 0.965 0.101 0.265 0.193 

Locus 10 : TE039 
2 alleles
5.0% missing data
   1   (0.592) 0.533 0.933 0.672 0.973 0.437 0.605 0.654 
   0   (0.408) 0.467 0.067 0.328 0.027 0.563 0.395 0.346 

Locus 11 : TE078 
2 alleles
3.3% missing data
   0   (0.815) 0.838 0.984 0.931 0.991 0.932 0.817 0.859 
   1   (0.185) 0.162 0.016 0.069 0.009 0.068 0.183 0.141 

Locus 12 : TS079 
2 alleles
10.0% missing data
   0   (0.862) 0.898 0.493 0.957 0.994 0.957 0.881 0.909 
   1   (0.138) 0.102 0.507 0.043 0.006 0.043 0.119 0.091 

Locus 13 : TS080 
2 alleles
10.0% missing data
   0   (0.713) 0.626 0.773 0.276 0.987 0.309 0.692 0.526 
   1   (0.287) 0.374 0.227 0.724 0.013 0.691 0.308 0.474 

Locus 14 : TS088 
2 alleles
1.7% missing data
   0   (0.552) 0.584 0.962 0.782 0.978 0.813 0.502 0.586 
   1   (0.448) 0.416 0.038 0.218 0.022 0.187 0.498 0.414 

Values of parameters used in structure:
DATAFILE=phonology_structure,	OUTFILE=outfile_phonology_structure_K7_run26,	NUMINDS=60,	NUMLOCI=14,	MISSING=-9,	LABEL=1,	POPDATA=0,	POPFLAG=0,	PHENOTYPE=0,	EXTRACOLS=0,	MAXPOPS=7,	BURNIN=10000,	NUMREPS=100000,	USEPOPINFO=0,	INFERALPHA=1,	INFERLAMBDA=0,	POPSPECIFICLAMBDA=0,	POPALPHAS=0,	COMPUTEPROB=1,	NOADMIX=0,	ADMBURNIN=500,	UPDATEFREQ=100,	PRINTLIKES=0,	INTERMEDSAVE=0,	PRINTKLD=0,	PRINTNET=1,	PRINTLAMBDA=1,	ANCESTDIST=0,	NUMBOXES=1000,	ANCESTPINT=0.90000,	GENSBACK=2,	MIGRPRIOR=0.01000,	PRINTQHAT=0,	PRINTQSUM=1,	ALPHA=1.0000,	FREQSCORR=1,	FPRIORMEAN=0.0100,	FPRIORSD=0.0500,	ONEFST=0,	LAMBDA=1.0000,	UNIFPRIORALPHA=1,	ALPHAMAX=10.0000,	ALPHAPRIORA=1.0000,	ALPHAPRIORB=2.0000,	ALPHAPROPSD=0.0250,	STARTATPOPINFO=0,	RANDOMIZE=1,	LINKAGE=0,	METROFREQ=10,	REPORTHITRATE=0,	MARKOVPHASE=0,	PHASED=0,	PLOIDY=1,	PHASEINFO=0	LOCPRIOR=0, 	LOCPRIORINIT=1.000000, 	LOCDATA=0, 	LOCISPOP=0, 	LOCPRIORSTEP=0.100000, 	MAXLOCPRIOR=20.000000, 	SEED=1641266581,	
[STRAT parameters]:    NUMSIMSTATS=1000,	PHENOTYPECOL=-9,	POOLFREQ=10,	LOCUSxONLY=0,	EMERROR=0.00100,	MISSINGPHENO=-9,	