

----------------------------------------------------
STRUCTURE by Pritchard, Stephens and Donnelly (2000)
     and Falush, Stephens and Pritchard (2003)
       Code by Pritchard, Falush and Hubisz
             Version 2.3.4 (Jul 2012)
----------------------------------------------------



Command line arguments:   ./structure -m mainparams -K 6 -i phonology_structure -L 14 -o outfile_phonology_structure_K6_run39 
Input File:    phonology_structure

Run parameters:
   60 individuals
   14 loci
   6 populations assumed
   10000 Burn-in period
   100000 Reps


--------------------------------------------
Overall proportion of membership of the
sample in each of the 6 clusters

Inferred Clusters
  1      2      3      4      5      6    
0.167  0.125  0.166  0.221  0.182  0.140  

--------------------------------------------

Allele-freq. divergence among pops (Net nucleotide distance),
computed using point estimates of P.

      1       2       3       4       5       6      
 1      -    0.1601  0.2731  0.2619  0.2156  0.1756  
 2   0.1601     -    0.1422  0.0613  0.0273  0.0048  
 3   0.2731  0.1422     -    0.2095  0.1689  0.1421  
 4   0.2619  0.0613  0.2095     -    0.0072  0.0335  
 5   0.2156  0.0273  0.1689  0.0072     -    0.0101  
 6   0.1756  0.0048  0.1421  0.0335  0.0101     -    

Average distances (expected heterozygosity) between individuals in same cluster:
cluster  1  : 0.1126 
cluster  2  : 0.4003 
cluster  3  : 0.1968 
cluster  4  : 0.2184 
cluster  5  : 0.3079 
cluster  6  : 0.3742 

--------------------------------------------
Estimated Ln Prob of Data   = -333.5
Mean value of ln likelihood = -229.5
Variance of ln likelihood   = 208.0
Mean value of alpha         = 0.0393

Mean value of Fst_1         = 0.7035
Mean value of Fst_2         = 0.1451
Mean value of Fst_3         = 0.5675
Mean value of Fst_4         = 0.5774
Mean value of Fst_5         = 0.4168
Mean value of Fst_6         = 0.2199


Inferred ancestry of individuals:
        Label (%Miss) :  Inferred clusters
  1 torg1245   (21)   :  0.015 0.073 0.015 0.468 0.281 0.147 
  2 oldj1239   (14)   :  0.054 0.194 0.396 0.058 0.118 0.180 
  3 crim1257    (0)   :  0.006 0.020 0.007 0.527 0.348 0.093 
  4 bash1264    (7)   :  0.006 0.025 0.007 0.523 0.347 0.093 
  5 anat1259    (0)   :  0.022 0.035 0.007 0.499 0.335 0.102 
  6 okin1246    (0)   :  0.951 0.012 0.008 0.009 0.009 0.011 
  7 yaku1245    (0)   :  0.014 0.136 0.043 0.304 0.281 0.222 
  8 daur1238    (0)   :  0.006 0.216 0.011 0.219 0.261 0.287 
  9 east2337   (14)   :  0.010 0.382 0.024 0.094 0.174 0.317 
 10 ikem1235    (7)   :  0.935 0.018 0.007 0.010 0.011 0.019 
 11 sibe1251    (0)   :  0.005 0.011 0.937 0.017 0.016 0.013 
 12 nort2697    (0)   :  0.023 0.036 0.006 0.503 0.336 0.096 
 13 bona1250    (0)   :  0.034 0.393 0.036 0.085 0.171 0.281 
 14 ulch1241   (14)   :  0.010 0.109 0.469 0.135 0.139 0.137 
 15 nort2935   (14)   :  0.913 0.019 0.019 0.012 0.016 0.021 
 16 gaga1249    (0)   :  0.045 0.052 0.010 0.486 0.286 0.122 
 17 tara1319    (0)   :  0.950 0.015 0.006 0.008 0.010 0.011 
 18 moma1245   (21)   :  0.012 0.035 0.857 0.025 0.035 0.036 
 19 manc1252    (0)   :  0.020 0.207 0.234 0.128 0.196 0.215 
 20 shor1247    (0)   :  0.009 0.053 0.011 0.498 0.292 0.136 
 21 kaza1248    (0)   :  0.006 0.022 0.007 0.522 0.350 0.092 
 22 midd1351   (14)   :  0.024 0.129 0.029 0.367 0.286 0.166 
 23 chag1247   (71)   :  0.082 0.254 0.037 0.176 0.204 0.247 
 24 huih1238   (14)   :  0.022 0.053 0.770 0.043 0.054 0.059 
 25 ordo1245    (0)   :  0.006 0.210 0.012 0.216 0.263 0.293 
 26 turk1303    (0)   :  0.009 0.060 0.010 0.491 0.282 0.148 
 27 negi1245    (0)   :  0.019 0.016 0.926 0.010 0.014 0.015 
 28 nana1257    (0)   :  0.012 0.018 0.923 0.012 0.016 0.019 
 29 nort2690    (7)   :  0.060 0.230 0.012 0.214 0.259 0.225 
 30 shur1243    (0)   :  0.946 0.011 0.013 0.008 0.009 0.012 
 31 minh1238    (0)   :  0.056 0.406 0.007 0.089 0.172 0.271 
 32 udih1248    (0)   :  0.017 0.026 0.876 0.024 0.026 0.031 
 33 oira1262   (14)   :  0.011 0.166 0.015 0.296 0.268 0.245 
 34 hate1238    (7)   :  0.761 0.049 0.032 0.048 0.055 0.056 
 35 tata1255    (0)   :  0.006 0.023 0.007 0.531 0.343 0.090 
 36 turk1304    (0)   :  0.009 0.056 0.010 0.493 0.291 0.141 
 37 oroc1248    (0)   :  0.014 0.023 0.892 0.023 0.024 0.024 
 38 chuv1255    (0)   :  0.025 0.180 0.012 0.248 0.295 0.239 
 39 noga1249   (14)   :  0.024 0.122 0.028 0.374 0.299 0.154 
 40 dong1285    (7)   :  0.013 0.416 0.017 0.098 0.170 0.286 
 41 halh1238   (14)   :  0.016 0.323 0.020 0.149 0.198 0.295 
 42 ogam1239    (0)   :  0.756 0.097 0.009 0.023 0.043 0.072 
 43 cent2126    (7)   :  0.937 0.015 0.009 0.012 0.014 0.014 
 44 yona1241   (14)   :  0.027 0.419 0.027 0.085 0.162 0.280 
 45 kore1280    (0)   :  0.026 0.424 0.010 0.097 0.157 0.286 
 46 tuvi1240    (0)   :  0.009 0.193 0.018 0.234 0.275 0.271 
 47 huzh1238    (7)   :  0.029 0.424 0.011 0.080 0.162 0.295 
 48 khak1248    (0)   :  0.009 0.057 0.010 0.497 0.283 0.143 
 49 oldu1238    (7)   :  0.009 0.057 0.013 0.486 0.288 0.146 
 50 nucl1643    (0)   :  0.953 0.011 0.007 0.009 0.009 0.010 
 51 orok1265   (14)   :  0.014 0.012 0.945 0.009 0.009 0.011 
 52 midd1372   (14)   :  0.012 0.435 0.017 0.080 0.165 0.292 
 53 mogh1245   (28)   :  0.041 0.173 0.100 0.250 0.247 0.190 
 54 uigh1240    (7)   :  0.007 0.021 0.007 0.525 0.346 0.094 
 55 kara1467   (14)   :  0.007 0.029 0.009 0.515 0.346 0.094 
 56 russ1264   (14)   :  0.012 0.065 0.017 0.476 0.292 0.138 
 57 sout2954    (0)   :  0.943 0.013 0.012 0.009 0.010 0.013 
 58 berj1234    (0)   :  0.009 0.015 0.937 0.011 0.014 0.014 
 59 kham1281    (0)   :  0.014 0.128 0.042 0.319 0.279 0.218 
 60 dolg1241    (0)   :  0.009 0.058 0.010 0.487 0.284 0.151 


Estimated Allele Frequencies in each cluster
First column gives estimated ancestral frequencies


Locus 1 : TE003 
2 alleles
3.3% missing data
   1   (0.425) 0.022 0.481 0.065 0.861 0.725 0.590 
   0   (0.575) 0.978 0.519 0.935 0.139 0.275 0.410 

Locus 2 : TE004 
2 alleles
3.3% missing data
   0   (0.829) 0.992 0.859 0.332 0.966 0.920 0.892 
   1   (0.171) 0.008 0.141 0.668 0.034 0.080 0.108 

Locus 3 : TE005 
2 alleles
18.3% missing data
   0   (0.739) 0.987 0.777 0.120 0.936 0.886 0.809 
   1   (0.261) 0.013 0.223 0.880 0.064 0.114 0.191 

Locus 4 : TE006 
2 alleles
26.7% missing data
   0   (0.589) 0.100 0.591 0.965 0.886 0.800 0.684 
   1   (0.411) 0.900 0.409 0.035 0.114 0.200 0.316 

Locus 5 : TE007 
2 alleles
6.7% missing data
   0   (0.703) 0.711 0.702 0.972 0.929 0.858 0.773 
   1   (0.297) 0.289 0.298 0.028 0.071 0.142 0.227 

Locus 6 : TE008 
2 alleles
1.7% missing data
   1   (0.620) 0.932 0.564 0.968 0.815 0.730 0.614 
   0   (0.380) 0.068 0.436 0.032 0.185 0.270 0.386 

Locus 7 : TE031 
2 alleles
1.7% missing data
   1   (0.770) 0.038 0.813 0.981 0.861 0.835 0.829 
   0   (0.230) 0.962 0.187 0.019 0.139 0.165 0.171 

Locus 8 : TE037 
2 alleles
1.7% missing data
   1   (0.546) 0.611 0.526 0.125 0.789 0.655 0.549 
   0   (0.454) 0.389 0.474 0.875 0.211 0.345 0.451 

Locus 9 : TE038 
2 alleles
1.7% missing data
   1   (0.680) 0.035 0.718 0.667 0.926 0.866 0.766 
   0   (0.320) 0.965 0.282 0.333 0.074 0.134 0.234 

Locus 10 : TE039 
2 alleles
5.0% missing data
   1   (0.569) 0.970 0.583 0.925 0.539 0.541 0.620 
   0   (0.431) 0.030 0.417 0.075 0.461 0.459 0.380 

Locus 11 : TE078 
2 alleles
3.3% missing data
   0   (0.811) 0.991 0.795 0.985 0.951 0.910 0.851 
   1   (0.189) 0.009 0.205 0.015 0.049 0.090 0.149 

Locus 12 : TS079 
2 alleles
10.0% missing data
   0   (0.867) 0.994 0.898 0.502 0.974 0.942 0.914 
   1   (0.133) 0.006 0.102 0.498 0.026 0.058 0.086 

Locus 13 : TS080 
2 alleles
10.0% missing data
   0   (0.734) 0.988 0.700 0.770 0.235 0.380 0.561 
   1   (0.266) 0.012 0.300 0.230 0.765 0.620 0.439 

Locus 14 : TS088 
2 alleles
1.7% missing data
   0   (0.559) 0.978 0.489 0.963 0.826 0.719 0.584 
   1   (0.441) 0.022 0.511 0.037 0.174 0.281 0.416 

Values of parameters used in structure:
DATAFILE=phonology_structure,	OUTFILE=outfile_phonology_structure_K6_run39,	NUMINDS=60,	NUMLOCI=14,	MISSING=-9,	LABEL=1,	POPDATA=0,	POPFLAG=0,	PHENOTYPE=0,	EXTRACOLS=0,	MAXPOPS=6,	BURNIN=10000,	NUMREPS=100000,	USEPOPINFO=0,	INFERALPHA=1,	INFERLAMBDA=0,	POPSPECIFICLAMBDA=0,	POPALPHAS=0,	COMPUTEPROB=1,	NOADMIX=0,	ADMBURNIN=500,	UPDATEFREQ=100,	PRINTLIKES=0,	INTERMEDSAVE=0,	PRINTKLD=0,	PRINTNET=1,	PRINTLAMBDA=1,	ANCESTDIST=0,	NUMBOXES=1000,	ANCESTPINT=0.90000,	GENSBACK=2,	MIGRPRIOR=0.01000,	PRINTQHAT=0,	PRINTQSUM=1,	ALPHA=1.0000,	FREQSCORR=1,	FPRIORMEAN=0.0100,	FPRIORSD=0.0500,	ONEFST=0,	LAMBDA=1.0000,	UNIFPRIORALPHA=1,	ALPHAMAX=10.0000,	ALPHAPRIORA=1.0000,	ALPHAPRIORB=2.0000,	ALPHAPROPSD=0.0250,	STARTATPOPINFO=0,	RANDOMIZE=1,	LINKAGE=0,	METROFREQ=10,	REPORTHITRATE=0,	MARKOVPHASE=0,	PHASED=0,	PLOIDY=1,	PHASEINFO=0	LOCPRIOR=0, 	LOCPRIORINIT=1.000000, 	LOCDATA=0, 	LOCISPOP=0, 	LOCPRIORSTEP=0.100000, 	MAXLOCPRIOR=20.000000, 	SEED=1641286652,	
[STRAT parameters]:    NUMSIMSTATS=1000,	PHENOTYPECOL=-9,	POOLFREQ=10,	LOCUSxONLY=0,	EMERROR=0.00100,	MISSINGPHENO=-9,	