

----------------------------------------------------
STRUCTURE by Pritchard, Stephens and Donnelly (2000)
     and Falush, Stephens and Pritchard (2003)
       Code by Pritchard, Falush and Hubisz
             Version 2.3.4 (Jul 2012)
----------------------------------------------------



Command line arguments:   ./structure -m mainparams -K 4 -i phonology_structure -L 14 -o outfile_phonology_structure_K4_run4 
Input File:    phonology_structure

Run parameters:
   60 individuals
   14 loci
   4 populations assumed
   10000 Burn-in period
   100000 Reps


--------------------------------------------
Overall proportion of membership of the
sample in each of the 4 clusters

Inferred Clusters
  1      2      3      4    
0.222  0.410  0.176  0.192  

--------------------------------------------

Allele-freq. divergence among pops (Net nucleotide distance),
computed using point estimates of P.

      1       2       3       4      
 1      -    0.1507  0.1632  0.1445  
 2   0.1507     -    0.3166  0.2344  
 3   0.1632  0.3166     -    0.2572  
 4   0.1445  0.2344  0.2572     -    

Average distances (expected heterozygosity) between individuals in same cluster:
cluster  1  : 0.4069 
cluster  2  : 0.1080 
cluster  3  : 0.1185 
cluster  4  : 0.2183 

--------------------------------------------
Estimated Ln Prob of Data   = -271.0
Mean value of ln likelihood = -237.3
Variance of ln likelihood   = 67.3
Mean value of alpha         = 0.0435

Mean value of Fst_1         = 0.0731
Mean value of Fst_2         = 0.6701
Mean value of Fst_3         = 0.6941
Mean value of Fst_4         = 0.5200


Inferred ancestry of individuals:
        Label (%Miss) :  Inferred clusters
  1 torg1245   (21)   :  0.030 0.933 0.016 0.021 
  2 oldj1239   (14)   :  0.257 0.030 0.062 0.651 
  3 crim1257    (0)   :  0.012 0.973 0.007 0.009 
  4 bash1264    (7)   :  0.011 0.974 0.007 0.009 
  5 anat1259    (0)   :  0.017 0.955 0.021 0.007 
  6 okin1246    (0)   :  0.010 0.010 0.972 0.008 
  7 yaku1245    (0)   :  0.047 0.877 0.015 0.061 
  8 daur1238    (0)   :  0.606 0.359 0.009 0.025 
  9 east2337   (14)   :  0.943 0.020 0.011 0.026 
 10 ikem1235    (7)   :  0.016 0.009 0.967 0.008 
 11 sibe1251    (0)   :  0.010 0.020 0.006 0.964 
 12 nort2697    (0)   :  0.017 0.953 0.022 0.008 
 13 bona1250    (0)   :  0.883 0.014 0.044 0.059 
 14 ulch1241   (14)   :  0.081 0.218 0.012 0.689 
 15 nort2935   (14)   :  0.019 0.011 0.949 0.021 
 16 gaga1249    (0)   :  0.018 0.939 0.033 0.009 
 17 tara1319    (0)   :  0.014 0.008 0.971 0.007 
 18 moma1245   (21)   :  0.030 0.020 0.014 0.936 
 19 manc1252    (0)   :  0.312 0.199 0.031 0.458 
 20 shor1247    (0)   :  0.012 0.968 0.010 0.011 
 21 kaza1248    (0)   :  0.012 0.973 0.007 0.009 
 22 midd1351   (14)   :  0.149 0.764 0.033 0.054 
 23 chag1247   (71)   :  0.531 0.273 0.123 0.072 
 24 huih1238   (14)   :  0.056 0.048 0.026 0.870 
 25 ordo1245    (0)   :  0.604 0.364 0.009 0.024 
 26 turk1303    (0)   :  0.012 0.967 0.009 0.012 
 27 negi1245    (0)   :  0.018 0.008 0.020 0.954 
 28 nana1257    (0)   :  0.017 0.013 0.012 0.959 
 29 nort2690    (7)   :  0.450 0.424 0.106 0.021 
 30 shur1243    (0)   :  0.013 0.008 0.965 0.013 
 31 minh1238    (0)   :  0.920 0.010 0.062 0.008 
 32 udih1248    (0)   :  0.023 0.025 0.017 0.935 
 33 oira1262   (14)   :  0.231 0.738 0.011 0.020 
 34 hate1238    (7)   :  0.046 0.062 0.847 0.045 
 35 tata1255    (0)   :  0.011 0.974 0.007 0.008 
 36 turk1304    (0)   :  0.012 0.967 0.009 0.011 
 37 oroc1248    (0)   :  0.022 0.026 0.017 0.936 
 38 chuv1255    (0)   :  0.275 0.677 0.031 0.017 
 39 noga1249   (14)   :  0.151 0.766 0.032 0.051 
 40 dong1285    (7)   :  0.937 0.020 0.016 0.028 
 41 halh1238   (14)   :  0.863 0.093 0.016 0.027 
 42 ogam1239    (0)   :  0.147 0.008 0.834 0.011 
 43 cent2126    (7)   :  0.012 0.013 0.964 0.011 
 44 yona1241   (14)   :  0.911 0.012 0.032 0.044 
 45 kore1280    (0)   :  0.953 0.011 0.026 0.010 
 46 tuvi1240    (0)   :  0.276 0.663 0.016 0.045 
 47 huzh1238    (7)   :  0.943 0.011 0.034 0.012 
 48 khak1248    (0)   :  0.012 0.967 0.009 0.012 
 49 oldu1238    (7)   :  0.014 0.961 0.010 0.015 
 50 nucl1643    (0)   :  0.011 0.010 0.970 0.009 
 51 orok1265   (14)   :  0.012 0.008 0.015 0.964 
 52 midd1372   (14)   :  0.957 0.006 0.015 0.022 
 53 mogh1245   (28)   :  0.241 0.462 0.056 0.240 
 54 uigh1240    (7)   :  0.013 0.971 0.008 0.008 
 55 kara1467   (14)   :  0.014 0.967 0.008 0.011 
 56 russ1264   (14)   :  0.018 0.951 0.012 0.019 
 57 sout2954    (0)   :  0.012 0.008 0.966 0.013 
 58 berj1234    (0)   :  0.014 0.011 0.010 0.965 
 59 kham1281    (0)   :  0.043 0.883 0.016 0.058 
 60 dolg1241    (0)   :  0.012 0.966 0.009 0.013 


Estimated Allele Frequencies in each cluster
First column gives estimated ancestral frequencies


Locus 1 : TE003 
2 alleles
3.3% missing data
   1   (0.417) 0.424 0.981 0.025 0.090 
   0   (0.583) 0.576 0.019 0.975 0.910 

Locus 2 : TE004 
2 alleles
3.3% missing data
   0   (0.804) 0.842 0.995 0.991 0.388 
   1   (0.196) 0.158 0.005 0.009 0.612 

Locus 3 : TE005 
2 alleles
18.3% missing data
   0   (0.747) 0.781 0.992 0.987 0.154 
   1   (0.253) 0.219 0.008 0.013 0.846 

Locus 4 : TE006 
2 alleles
26.7% missing data
   0   (0.580) 0.520 0.983 0.114 0.961 
   1   (0.420) 0.480 0.017 0.886 0.039 

Locus 5 : TE007 
2 alleles
6.7% missing data
   0   (0.672) 0.624 0.993 0.707 0.967 
   1   (0.328) 0.376 0.007 0.293 0.033 

Locus 6 : TE008 
2 alleles
1.7% missing data
   1   (0.563) 0.470 0.925 0.912 0.958 
   0   (0.437) 0.530 0.075 0.088 0.042 

Locus 7 : TE031 
2 alleles
1.7% missing data
   1   (0.746) 0.808 0.863 0.039 0.978 
   0   (0.254) 0.192 0.137 0.961 0.022 

Locus 8 : TE037 
2 alleles
1.7% missing data
   1   (0.483) 0.487 0.861 0.605 0.149 
   0   (0.517) 0.513 0.139 0.395 0.851 

Locus 9 : TE038 
2 alleles
1.7% missing data
   1   (0.644) 0.682 0.992 0.035 0.674 
   0   (0.356) 0.318 0.008 0.965 0.326 

Locus 10 : TE039 
2 alleles
5.0% missing data
   1   (0.605) 0.575 0.521 0.969 0.876 
   0   (0.395) 0.425 0.479 0.031 0.124 

Locus 11 : TE078 
2 alleles
3.3% missing data
   0   (0.788) 0.741 0.995 0.990 0.981 
   1   (0.212) 0.259 0.005 0.010 0.019 

Locus 12 : TS079 
2 alleles
10.0% missing data
   0   (0.830) 0.871 0.996 0.992 0.550 
   1   (0.170) 0.129 0.004 0.008 0.450 

Locus 13 : TS080 
2 alleles
10.0% missing data
   0   (0.724) 0.783 0.084 0.987 0.767 
   1   (0.276) 0.217 0.916 0.013 0.233 

Locus 14 : TS088 
2 alleles
1.7% missing data
   0   (0.490) 0.345 0.946 0.974 0.951 
   1   (0.510) 0.655 0.054 0.026 0.049 

Values of parameters used in structure:
DATAFILE=phonology_structure,	OUTFILE=outfile_phonology_structure_K4_run4,	NUMINDS=60,	NUMLOCI=14,	MISSING=-9,	LABEL=1,	POPDATA=0,	POPFLAG=0,	PHENOTYPE=0,	EXTRACOLS=0,	MAXPOPS=4,	BURNIN=10000,	NUMREPS=100000,	USEPOPINFO=0,	INFERALPHA=1,	INFERLAMBDA=0,	POPSPECIFICLAMBDA=0,	POPALPHAS=0,	COMPUTEPROB=1,	NOADMIX=0,	ADMBURNIN=500,	UPDATEFREQ=100,	PRINTLIKES=0,	INTERMEDSAVE=0,	PRINTKLD=0,	PRINTNET=1,	PRINTLAMBDA=1,	ANCESTDIST=0,	NUMBOXES=1000,	ANCESTPINT=0.90000,	GENSBACK=2,	MIGRPRIOR=0.01000,	PRINTQHAT=0,	PRINTQSUM=1,	ALPHA=1.0000,	FREQSCORR=1,	FPRIORMEAN=0.0100,	FPRIORSD=0.0500,	ONEFST=0,	LAMBDA=1.0000,	UNIFPRIORALPHA=1,	ALPHAMAX=10.0000,	ALPHAPRIORA=1.0000,	ALPHAPRIORB=2.0000,	ALPHAPROPSD=0.0250,	STARTATPOPINFO=0,	RANDOMIZE=1,	LINKAGE=0,	METROFREQ=10,	REPORTHITRATE=0,	MARKOVPHASE=0,	PHASED=0,	PLOIDY=1,	PHASEINFO=0	LOCPRIOR=0, 	LOCPRIORINIT=1.000000, 	LOCDATA=0, 	LOCISPOP=0, 	LOCPRIORSTEP=0.100000, 	MAXLOCPRIOR=20.000000, 	SEED=1641218491,	
[STRAT parameters]:    NUMSIMSTATS=1000,	PHENOTYPECOL=-9,	POOLFREQ=10,	LOCUSxONLY=0,	EMERROR=0.00100,	MISSINGPHENO=-9,	