

----------------------------------------------------
STRUCTURE by Pritchard, Stephens and Donnelly (2000)
     and Falush, Stephens and Pritchard (2003)
       Code by Pritchard, Falush and Hubisz
             Version 2.3.4 (Jul 2012)
----------------------------------------------------



Command line arguments:   ./structure -m mainparams -K 5 -i phonology_structure -L 14 -o outfile_phonology_structure_K5_run22 
Input File:    phonology_structure

Run parameters:
   60 individuals
   14 loci
   5 populations assumed
   10000 Burn-in period
   100000 Reps


--------------------------------------------
Overall proportion of membership of the
sample in each of the 5 clusters

Inferred Clusters
  1      2      3      4      5    
0.171  0.261  0.218  0.173  0.178  

--------------------------------------------

Allele-freq. divergence among pops (Net nucleotide distance),
computed using point estimates of P.

      1       2       3       4       5      
 1      -    0.0358  0.0307  0.1783  0.1362  
 2   0.0358     -    0.0037  0.2353  0.1885  
 3   0.0307  0.0037     -    0.2501  0.1842  
 4   0.1783  0.2353  0.2501     -    0.2667  
 5   0.1362  0.1885  0.1842  0.2667     -    

Average distances (expected heterozygosity) between individuals in same cluster:
cluster  1  : 0.3917 
cluster  2  : 0.2682 
cluster  3  : 0.2613 
cluster  4  : 0.1146 
cluster  5  : 0.2052 

--------------------------------------------
Estimated Ln Prob of Data   = -318.8
Mean value of ln likelihood = -226.6
Variance of ln likelihood   = 184.5
Mean value of alpha         = 0.0406

Mean value of Fst_1         = 0.1870
Mean value of Fst_2         = 0.5367
Mean value of Fst_3         = 0.5206
Mean value of Fst_4         = 0.7049
Mean value of Fst_5         = 0.5478


Inferred ancestry of individuals:
        Label (%Miss) :  Inferred clusters
  1 torg1245   (21)   :  0.120 0.477 0.370 0.018 0.016 
  2 oldj1239   (14)   :  0.218 0.109 0.068 0.061 0.544 
  3 crim1257    (0)   :  0.019 0.578 0.389 0.006 0.008 
  4 bash1264    (7)   :  0.019 0.579 0.389 0.006 0.008 
  5 anat1259    (0)   :  0.032 0.556 0.383 0.023 0.006 
  6 okin1246    (0)   :  0.009 0.010 0.008 0.965 0.008 
  7 yaku1245    (0)   :  0.248 0.303 0.388 0.015 0.046 
  8 daur1238    (0)   :  0.400 0.147 0.435 0.007 0.011 
  9 east2337   (14)   :  0.551 0.246 0.164 0.011 0.027 
 10 ikem1235    (7)   :  0.013 0.012 0.010 0.958 0.008 
 11 sibe1251    (0)   :  0.014 0.016 0.017 0.005 0.947 
 12 nort2697    (0)   :  0.033 0.557 0.380 0.024 0.006 
 13 bona1250    (0)   :  0.529 0.257 0.127 0.042 0.044 
 14 ulch1241   (14)   :  0.171 0.126 0.170 0.011 0.523 
 15 nort2935   (14)   :  0.018 0.015 0.011 0.938 0.017 
 16 gaga1249    (0)   :  0.081 0.500 0.364 0.046 0.010 
 17 tara1319    (0)   :  0.012 0.011 0.009 0.962 0.007 
 18 moma1245   (21)   :  0.040 0.024 0.028 0.013 0.895 
 19 manc1252    (0)   :  0.224 0.215 0.166 0.026 0.369 
 20 shor1247    (0)   :  0.104 0.502 0.374 0.009 0.011 
 21 kaza1248    (0)   :  0.015 0.575 0.397 0.006 0.007 
 22 midd1351   (14)   :  0.119 0.456 0.366 0.027 0.032 
 23 chag1247   (71)   :  0.330 0.249 0.269 0.103 0.050 
 24 huih1238   (14)   :  0.063 0.044 0.048 0.023 0.822 
 25 ordo1245    (0)   :  0.393 0.152 0.437 0.007 0.011 
 26 turk1303    (0)   :  0.096 0.498 0.385 0.010 0.011 
 27 negi1245    (0)   :  0.015 0.010 0.010 0.018 0.948 
 28 nana1257    (0)   :  0.022 0.014 0.016 0.011 0.937 
 29 nort2690    (7)   :  0.277 0.349 0.272 0.087 0.015 
 30 shur1243    (0)   :  0.011 0.010 0.009 0.956 0.014 
 31 minh1238    (0)   :  0.517 0.261 0.145 0.070 0.008 
 32 udih1248    (0)   :  0.031 0.023 0.027 0.017 0.902 
 33 oira1262   (14)   :  0.280 0.288 0.404 0.012 0.015 
 34 hate1238    (7)   :  0.044 0.050 0.045 0.824 0.036 
 35 tata1255    (0)   :  0.020 0.573 0.392 0.007 0.007 
 36 turk1304    (0)   :  0.095 0.496 0.388 0.009 0.011 
 37 oroc1248    (0)   :  0.027 0.024 0.022 0.016 0.911 
 38 chuv1255    (0)   :  0.327 0.264 0.364 0.031 0.014 
 39 noga1249   (14)   :  0.110 0.459 0.369 0.027 0.034 
 40 dong1285    (7)   :  0.546 0.271 0.147 0.014 0.022 
 41 halh1238   (14)   :  0.459 0.199 0.300 0.019 0.024 
 42 ogam1239    (0)   :  0.100 0.058 0.035 0.797 0.010 
 43 cent2126    (7)   :  0.011 0.013 0.011 0.955 0.010 
 44 yona1241   (14)   :  0.548 0.263 0.128 0.026 0.035 
 45 kore1280    (0)   :  0.561 0.256 0.146 0.028 0.010 
 46 tuvi1240    (0)   :  0.354 0.186 0.429 0.009 0.021 
 47 huzh1238    (7)   :  0.536 0.259 0.157 0.037 0.011 
 48 khak1248    (0)   :  0.098 0.497 0.385 0.009 0.011 
 49 oldu1238    (7)   :  0.096 0.492 0.387 0.009 0.016 
 50 nucl1643    (0)   :  0.010 0.009 0.009 0.964 0.008 
 51 orok1265   (14)   :  0.010 0.008 0.008 0.013 0.960 
 52 midd1372   (14)   :  0.587 0.268 0.114 0.013 0.018 
 53 mogh1245   (28)   :  0.171 0.347 0.267 0.054 0.161 
 54 uigh1240    (7)   :  0.019 0.572 0.395 0.007 0.008 
 55 kara1467   (14)   :  0.021 0.570 0.392 0.007 0.010 
 56 russ1264   (14)   :  0.108 0.491 0.372 0.012 0.017 
 57 sout2954    (0)   :  0.011 0.009 0.009 0.958 0.013 
 58 berj1234    (0)   :  0.015 0.011 0.013 0.009 0.951 
 59 kham1281    (0)   :  0.248 0.315 0.378 0.014 0.044 
 60 dolg1241    (0)   :  0.092 0.501 0.386 0.009 0.011 


Estimated Allele Frequencies in each cluster
First column gives estimated ancestral frequencies


Locus 1 : TE003 
2 alleles
3.3% missing data
   1   (0.440) 0.569 0.793 0.840 0.024 0.070 
   0   (0.560) 0.431 0.207 0.160 0.976 0.930 

Locus 2 : TE004 
2 alleles
3.3% missing data
   0   (0.809) 0.870 0.946 0.954 0.991 0.349 
   1   (0.191) 0.130 0.054 0.046 0.009 0.651 

Locus 3 : TE005 
2 alleles
18.3% missing data
   0   (0.729) 0.797 0.917 0.920 0.986 0.134 
   1   (0.271) 0.203 0.083 0.080 0.014 0.866 

Locus 4 : TE006 
2 alleles
26.7% missing data
   0   (0.592) 0.651 0.819 0.862 0.105 0.964 
   1   (0.408) 0.349 0.181 0.138 0.895 0.036 

Locus 5 : TE007 
2 alleles
6.7% missing data
   0   (0.699) 0.742 0.870 0.909 0.708 0.971 
   1   (0.301) 0.258 0.130 0.091 0.292 0.029 

Locus 6 : TE008 
2 alleles
1.7% missing data
   1   (0.585) 0.522 0.810 0.707 0.924 0.964 
   0   (0.415) 0.478 0.190 0.293 0.076 0.036 

Locus 7 : TE031 
2 alleles
1.7% missing data
   1   (0.767) 0.839 0.846 0.872 0.037 0.980 
   0   (0.233) 0.161 0.154 0.128 0.963 0.020 

Locus 8 : TE037 
2 alleles
1.7% missing data
   1   (0.497) 0.466 0.780 0.649 0.611 0.134 
   0   (0.503) 0.534 0.220 0.351 0.389 0.866 

Locus 9 : TE038 
2 alleles
1.7% missing data
   1   (0.652) 0.742 0.892 0.911 0.033 0.663 
   0   (0.348) 0.258 0.108 0.089 0.967 0.337 

Locus 10 : TE039 
2 alleles
5.0% missing data
   1   (0.591) 0.650 0.486 0.598 0.970 0.900 
   0   (0.409) 0.350 0.514 0.402 0.030 0.100 

Locus 11 : TE078 
2 alleles
3.3% missing data
   0   (0.775) 0.795 0.908 0.932 0.990 0.981 
   1   (0.225) 0.205 0.092 0.068 0.010 0.019 

Locus 12 : TS079 
2 alleles
10.0% missing data
   0   (0.836) 0.891 0.957 0.962 0.993 0.524 
   1   (0.164) 0.109 0.043 0.038 0.007 0.476 

Locus 13 : TS080 
2 alleles
10.0% missing data
   0   (0.712) 0.595 0.325 0.286 0.987 0.774 
   1   (0.288) 0.405 0.675 0.714 0.013 0.226 

Locus 14 : TS088 
2 alleles
1.7% missing data
   0   (0.550) 0.512 0.766 0.719 0.977 0.960 
   1   (0.450) 0.488 0.234 0.281 0.023 0.040 

Values of parameters used in structure:
DATAFILE=phonology_structure,	OUTFILE=outfile_phonology_structure_K5_run22,	NUMINDS=60,	NUMLOCI=14,	MISSING=-9,	LABEL=1,	POPDATA=0,	POPFLAG=0,	PHENOTYPE=0,	EXTRACOLS=0,	MAXPOPS=5,	BURNIN=10000,	NUMREPS=100000,	USEPOPINFO=0,	INFERALPHA=1,	INFERLAMBDA=0,	POPSPECIFICLAMBDA=0,	POPALPHAS=0,	COMPUTEPROB=1,	NOADMIX=0,	ADMBURNIN=500,	UPDATEFREQ=100,	PRINTLIKES=0,	INTERMEDSAVE=0,	PRINTKLD=0,	PRINTNET=1,	PRINTLAMBDA=1,	ANCESTDIST=0,	NUMBOXES=1000,	ANCESTPINT=0.90000,	GENSBACK=2,	MIGRPRIOR=0.01000,	PRINTQHAT=0,	PRINTQSUM=1,	ALPHA=1.0000,	FREQSCORR=1,	FPRIORMEAN=0.0100,	FPRIORSD=0.0500,	ONEFST=0,	LAMBDA=1.0000,	UNIFPRIORALPHA=1,	ALPHAMAX=10.0000,	ALPHAPRIORA=1.0000,	ALPHAPRIORB=2.0000,	ALPHAPROPSD=0.0250,	STARTATPOPINFO=0,	RANDOMIZE=1,	LINKAGE=0,	METROFREQ=10,	REPORTHITRATE=0,	MARKOVPHASE=0,	PHASED=0,	PLOIDY=1,	PHASEINFO=0	LOCPRIOR=0, 	LOCPRIORINIT=1.000000, 	LOCDATA=0, 	LOCISPOP=0, 	LOCPRIORSTEP=0.100000, 	MAXLOCPRIOR=20.000000, 	SEED=1641259668,	
[STRAT parameters]:    NUMSIMSTATS=1000,	PHENOTYPECOL=-9,	POOLFREQ=10,	LOCUSxONLY=0,	EMERROR=0.00100,	MISSINGPHENO=-9,	