

----------------------------------------------------
STRUCTURE by Pritchard, Stephens and Donnelly (2000)
     and Falush, Stephens and Pritchard (2003)
       Code by Pritchard, Falush and Hubisz
             Version 2.3.4 (Jul 2012)
----------------------------------------------------



Command line arguments:   ./structure -m mainparams -K 4 -i phonology_structure -L 14 -o outfile_phonology_structure_K4_run27 
Input File:    phonology_structure

Run parameters:
   60 individuals
   14 loci
   4 populations assumed
   10000 Burn-in period
   100000 Reps


--------------------------------------------
Overall proportion of membership of the
sample in each of the 4 clusters

Inferred Clusters
  1      2      3      4    
0.188  0.413  0.224  0.175  

--------------------------------------------

Allele-freq. divergence among pops (Net nucleotide distance),
computed using point estimates of P.

      1       2       3       4      
 1      -    0.2373  0.1381  0.2613  
 2   0.2373     -    0.1424  0.3168  
 3   0.1381  0.1424     -    0.1487  
 4   0.2613  0.3168  0.1487     -    

Average distances (expected heterozygosity) between individuals in same cluster:
cluster  1  : 0.2134 
cluster  2  : 0.1137 
cluster  3  : 0.4042 
cluster  4  : 0.1192 

--------------------------------------------
Estimated Ln Prob of Data   = -271.7
Mean value of ln likelihood = -238.1
Variance of ln likelihood   = 67.2
Mean value of alpha         = 0.0419

Mean value of Fst_1         = 0.5491
Mean value of Fst_2         = 0.6706
Mean value of Fst_3         = 0.0000
Mean value of Fst_4         = 0.6929


Inferred ancestry of individuals:
        Label (%Miss) :  Inferred clusters
  1 torg1245   (21)   :  0.019 0.932 0.033 0.016 
  2 oldj1239   (14)   :  0.600 0.027 0.312 0.061 
  3 crim1257    (0)   :  0.008 0.974 0.011 0.007 
  4 bash1264    (7)   :  0.009 0.973 0.012 0.007 
  5 anat1259    (0)   :  0.007 0.957 0.016 0.020 
  6 okin1246    (0)   :  0.009 0.009 0.011 0.971 
  7 yaku1245    (0)   :  0.056 0.881 0.048 0.015 
  8 daur1238    (0)   :  0.025 0.490 0.477 0.009 
  9 east2337   (14)   :  0.020 0.019 0.952 0.010 
 10 ikem1235    (7)   :  0.008 0.009 0.020 0.964 
 11 sibe1251    (0)   :  0.960 0.023 0.011 0.006 
 12 nort2697    (0)   :  0.007 0.956 0.017 0.021 
 13 bona1250    (0)   :  0.042 0.012 0.910 0.036 
 14 ulch1241   (14)   :  0.658 0.238 0.093 0.011 
 15 nort2935   (14)   :  0.020 0.011 0.020 0.948 
 16 gaga1249    (0)   :  0.009 0.941 0.018 0.032 
 17 tara1319    (0)   :  0.007 0.008 0.013 0.972 
 18 moma1245   (21)   :  0.932 0.021 0.034 0.013 
 19 manc1252    (0)   :  0.405 0.167 0.402 0.027 
 20 shor1247    (0)   :  0.011 0.968 0.011 0.009 
 21 kaza1248    (0)   :  0.009 0.974 0.011 0.007 
 22 midd1351   (14)   :  0.046 0.722 0.201 0.031 
 23 chag1247   (71)   :  0.067 0.263 0.548 0.122 
 24 huih1238   (14)   :  0.867 0.048 0.059 0.026 
 25 ordo1245    (0)   :  0.022 0.480 0.488 0.009 
 26 turk1303    (0)   :  0.011 0.966 0.013 0.009 
 27 negi1245    (0)   :  0.955 0.008 0.018 0.020 
 28 nana1257    (0)   :  0.955 0.013 0.020 0.011 
 29 nort2690    (7)   :  0.017 0.339 0.558 0.087 
 30 shur1243    (0)   :  0.013 0.008 0.014 0.965 
 31 minh1238    (0)   :  0.008 0.010 0.923 0.059 
 32 udih1248    (0)   :  0.927 0.029 0.028 0.016 
 33 oira1262   (14)   :  0.019 0.788 0.182 0.012 
 34 hate1238    (7)   :  0.046 0.062 0.068 0.825 
 35 tata1255    (0)   :  0.008 0.975 0.010 0.007 
 36 turk1304    (0)   :  0.011 0.966 0.013 0.009 
 37 oroc1248    (0)   :  0.932 0.024 0.029 0.015 
 38 chuv1255    (0)   :  0.015 0.742 0.213 0.030 
 39 noga1249   (14)   :  0.050 0.721 0.198 0.031 
 40 dong1285    (7)   :  0.023 0.017 0.946 0.014 
 41 halh1238   (14)   :  0.026 0.102 0.856 0.016 
 42 ogam1239    (0)   :  0.010 0.009 0.123 0.858 
 43 cent2126    (7)   :  0.010 0.012 0.014 0.963 
 44 yona1241   (14)   :  0.037 0.012 0.923 0.028 
 45 kore1280    (0)   :  0.010 0.011 0.954 0.025 
 46 tuvi1240    (0)   :  0.043 0.752 0.191 0.014 
 47 huzh1238    (7)   :  0.011 0.011 0.947 0.032 
 48 khak1248    (0)   :  0.012 0.965 0.013 0.009 
 49 oldu1238    (7)   :  0.016 0.961 0.014 0.009 
 50 nucl1643    (0)   :  0.008 0.010 0.014 0.967 
 51 orok1265   (14)   :  0.967 0.008 0.012 0.014 
 52 midd1372   (14)   :  0.016 0.007 0.965 0.012 
 53 mogh1245   (28)   :  0.206 0.404 0.336 0.054 
 54 uigh1240    (7)   :  0.008 0.969 0.015 0.008 
 55 kara1467   (14)   :  0.010 0.967 0.015 0.008 
 56 russ1264   (14)   :  0.017 0.950 0.022 0.012 
 57 sout2954    (0)   :  0.013 0.008 0.013 0.967 
 58 berj1234    (0)   :  0.967 0.011 0.013 0.009 
 59 kham1281    (0)   :  0.051 0.885 0.050 0.014 
 60 dolg1241    (0)   :  0.012 0.967 0.012 0.009 


Estimated Allele Frequencies in each cluster
First column gives estimated ancestral frequencies


Locus 1 : TE003 
2 alleles
3.3% missing data
   1   (0.388) 0.082 0.982 0.388 0.024 
   0   (0.612) 0.918 0.018 0.612 0.976 

Locus 2 : TE004 
2 alleles
3.3% missing data
   0   (0.854) 0.380 0.997 0.854 0.993 
   1   (0.146) 0.620 0.003 0.146 0.007 

Locus 3 : TE005 
2 alleles
18.3% missing data
   0   (0.769) 0.147 0.992 0.769 0.989 
   1   (0.231) 0.853 0.008 0.231 0.011 

Locus 4 : TE006 
2 alleles
26.7% missing data
   0   (0.512) 0.960 0.982 0.512 0.104 
   1   (0.488) 0.040 0.018 0.488 0.896 

Locus 5 : TE007 
2 alleles
6.7% missing data
   0   (0.651) 0.968 0.993 0.651 0.703 
   1   (0.349) 0.032 0.007 0.349 0.297 

Locus 6 : TE008 
2 alleles
1.7% missing data
   1   (0.549) 0.960 0.904 0.549 0.904 
   0   (0.451) 0.040 0.096 0.451 0.096 

Locus 7 : TE031 
2 alleles
1.7% missing data
   1   (0.812) 0.985 0.862 0.812 0.043 
   0   (0.188) 0.015 0.138 0.188 0.957 

Locus 8 : TE037 
2 alleles
1.7% missing data
   1   (0.546) 0.144 0.841 0.546 0.603 
   0   (0.454) 0.856 0.159 0.454 0.397 

Locus 9 : TE038 
2 alleles
1.7% missing data
   1   (0.653) 0.676 0.993 0.654 0.035 
   0   (0.347) 0.324 0.007 0.346 0.965 

Locus 10 : TE039 
2 alleles
5.0% missing data
   1   (0.557) 0.884 0.535 0.557 0.967 
   0   (0.443) 0.116 0.465 0.443 0.033 

Locus 11 : TE078 
2 alleles
3.3% missing data
   0   (0.772) 0.981 0.995 0.772 0.989 
   1   (0.228) 0.019 0.005 0.228 0.011 

Locus 12 : TS079 
2 alleles
10.0% missing data
   0   (0.855) 0.544 0.997 0.855 0.993 
   1   (0.145) 0.456 0.003 0.145 0.007 

Locus 13 : TS080 
2 alleles
10.0% missing data
   0   (0.809) 0.776 0.079 0.810 0.991 
   1   (0.191) 0.224 0.921 0.190 0.009 

Locus 14 : TS088 
2 alleles
1.7% missing data
   0   (0.384) 0.947 0.930 0.384 0.968 
   1   (0.616) 0.053 0.070 0.616 0.032 

Values of parameters used in structure:
DATAFILE=phonology_structure,	OUTFILE=outfile_phonology_structure_K4_run27,	NUMINDS=60,	NUMLOCI=14,	MISSING=-9,	LABEL=1,	POPDATA=0,	POPFLAG=0,	PHENOTYPE=0,	EXTRACOLS=0,	MAXPOPS=4,	BURNIN=10000,	NUMREPS=100000,	USEPOPINFO=0,	INFERALPHA=1,	INFERLAMBDA=0,	POPSPECIFICLAMBDA=0,	POPALPHAS=0,	COMPUTEPROB=1,	NOADMIX=0,	ADMBURNIN=500,	UPDATEFREQ=100,	PRINTLIKES=0,	INTERMEDSAVE=0,	PRINTKLD=0,	PRINTNET=1,	PRINTLAMBDA=1,	ANCESTDIST=0,	NUMBOXES=1000,	ANCESTPINT=0.90000,	GENSBACK=2,	MIGRPRIOR=0.01000,	PRINTQHAT=0,	PRINTQSUM=1,	ALPHA=1.0000,	FREQSCORR=1,	FPRIORMEAN=0.0100,	FPRIORSD=0.0500,	ONEFST=0,	LAMBDA=1.0000,	UNIFPRIORALPHA=1,	ALPHAMAX=10.0000,	ALPHAPRIORA=1.0000,	ALPHAPRIORB=2.0000,	ALPHAPROPSD=0.0250,	STARTATPOPINFO=0,	RANDOMIZE=1,	LINKAGE=0,	METROFREQ=10,	REPORTHITRATE=0,	MARKOVPHASE=0,	PHASED=0,	PLOIDY=1,	PHASEINFO=0	LOCPRIOR=0, 	LOCPRIORINIT=1.000000, 	LOCDATA=0, 	LOCISPOP=0, 	LOCPRIORSTEP=0.100000, 	MAXLOCPRIOR=20.000000, 	SEED=1641274272,	
[STRAT parameters]:    NUMSIMSTATS=1000,	PHENOTYPECOL=-9,	POOLFREQ=10,	LOCUSxONLY=0,	EMERROR=0.00100,	MISSINGPHENO=-9,	