

----------------------------------------------------
STRUCTURE by Pritchard, Stephens and Donnelly (2000)
     and Falush, Stephens and Pritchard (2003)
       Code by Pritchard, Falush and Hubisz
             Version 2.3.4 (Jul 2012)
----------------------------------------------------



Command line arguments:   ./structure -m mainparams -K 5 -i phonology_structure -L 14 -o outfile_phonology_structure_K5_run45 
Input File:    phonology_structure

Run parameters:
   60 individuals
   14 loci
   5 populations assumed
   10000 Burn-in period
   100000 Reps


--------------------------------------------
Overall proportion of membership of the
sample in each of the 5 clusters

Inferred Clusters
  1      2      3      4      5    
0.179  0.164  0.170  0.314  0.172  

--------------------------------------------

Allele-freq. divergence among pops (Net nucleotide distance),
computed using point estimates of P.

      1       2       3       4       5      
 1      -    0.1415  0.1470  0.2604  0.2658  
 2   0.1415     -    0.0071  0.1206  0.1675  
 3   0.1470  0.0071     -    0.0803  0.1946  
 4   0.2604  0.1206  0.0803     -    0.3241  
 5   0.2658  0.1675  0.1946  0.3241     -    

Average distances (expected heterozygosity) between individuals in same cluster:
cluster  1  : 0.2059 
cluster  2  : 0.3990 
cluster  3  : 0.3580 
cluster  4  : 0.0918 
cluster  5  : 0.1154 

--------------------------------------------
Estimated Ln Prob of Data   = -342.2
Mean value of ln likelihood = -229.4
Variance of ln likelihood   = 225.7
Mean value of alpha         = 0.0420

Mean value of Fst_1         = 0.5462
Mean value of Fst_2         = 0.1500
Mean value of Fst_3         = 0.2843
Mean value of Fst_4         = 0.7268
Mean value of Fst_5         = 0.6979


Inferred ancestry of individuals:
        Label (%Miss) :  Inferred clusters
  1 torg1245   (21)   :  0.017 0.074 0.183 0.709 0.017 
  2 oldj1239   (14)   :  0.561 0.211 0.134 0.032 0.062 
  3 crim1257    (0)   :  0.008 0.016 0.050 0.919 0.007 
  4 bash1264    (7)   :  0.007 0.017 0.050 0.919 0.007 
  5 anat1259    (0)   :  0.007 0.026 0.063 0.880 0.024 
  6 okin1246    (0)   :  0.008 0.010 0.010 0.010 0.963 
  7 yaku1245    (0)   :  0.055 0.171 0.351 0.408 0.015 
  8 daur1238    (0)   :  0.015 0.382 0.522 0.074 0.007 
  9 east2337   (14)   :  0.027 0.563 0.383 0.017 0.011 
 10 ikem1235    (7)   :  0.008 0.015 0.013 0.008 0.956 
 11 sibe1251    (0)   :  0.950 0.012 0.015 0.017 0.006 
 12 nort2697    (0)   :  0.007 0.026 0.061 0.882 0.024 
 13 bona1250    (0)   :  0.048 0.558 0.341 0.012 0.041 
 14 ulch1241   (14)   :  0.562 0.121 0.183 0.123 0.011 
 15 nort2935   (14)   :  0.020 0.019 0.017 0.011 0.933 
 16 gaga1249    (0)   :  0.011 0.056 0.138 0.751 0.045 
 17 tara1319    (0)   :  0.007 0.012 0.012 0.007 0.962 
 18 moma1245   (21)   :  0.900 0.035 0.033 0.019 0.013 
 19 manc1252    (0)   :  0.353 0.237 0.179 0.206 0.025 
 20 shor1247    (0)   :  0.012 0.066 0.186 0.726 0.010 
 21 kaza1248    (0)   :  0.008 0.018 0.046 0.921 0.007 
 22 midd1351   (14)   :  0.037 0.117 0.128 0.692 0.027 
 23 chag1247   (71)   :  0.051 0.335 0.297 0.219 0.098 
 24 huih1238   (14)   :  0.825 0.057 0.054 0.038 0.025 
 25 ordo1245    (0)   :  0.014 0.368 0.538 0.073 0.007 
 26 turk1303    (0)   :  0.011 0.066 0.184 0.728 0.010 
 27 negi1245    (0)   :  0.945 0.014 0.014 0.008 0.020 
 28 nana1257    (0)   :  0.939 0.019 0.018 0.012 0.011 
 29 nort2690    (7)   :  0.015 0.295 0.234 0.379 0.078 
 30 shur1243    (0)   :  0.013 0.012 0.012 0.007 0.955 
 31 minh1238    (0)   :  0.008 0.565 0.352 0.009 0.066 
 32 udih1248    (0)   :  0.912 0.024 0.026 0.021 0.017 
 33 oira1262   (14)   :  0.016 0.241 0.381 0.349 0.012 
 34 hate1238    (7)   :  0.037 0.047 0.047 0.059 0.810 
 35 tata1255    (0)   :  0.008 0.016 0.049 0.921 0.006 
 36 turk1304    (0)   :  0.011 0.072 0.182 0.725 0.010 
 37 oroc1248    (0)   :  0.914 0.024 0.020 0.026 0.016 
 38 chuv1255    (0)   :  0.015 0.303 0.347 0.306 0.029 
 39 noga1249   (14)   :  0.036 0.114 0.124 0.699 0.027 
 40 dong1285    (7)   :  0.022 0.596 0.351 0.017 0.014 
 41 halh1238   (14)   :  0.025 0.484 0.424 0.049 0.019 
 42 ogam1239    (0)   :  0.010 0.109 0.084 0.006 0.791 
 43 cent2126    (7)   :  0.010 0.012 0.011 0.012 0.954 
 44 yona1241   (14)   :  0.036 0.575 0.349 0.011 0.028 
 45 kore1280    (0)   :  0.010 0.584 0.369 0.010 0.027 
 46 tuvi1240    (0)   :  0.024 0.302 0.470 0.193 0.011 
 47 huzh1238    (7)   :  0.011 0.564 0.383 0.010 0.033 
 48 khak1248    (0)   :  0.011 0.057 0.182 0.741 0.009 
 49 oldu1238    (7)   :  0.015 0.065 0.181 0.729 0.009 
 50 nucl1643    (0)   :  0.008 0.010 0.009 0.010 0.964 
 51 orok1265   (14)   :  0.956 0.011 0.012 0.007 0.014 
 52 midd1372   (14)   :  0.020 0.584 0.375 0.007 0.014 
 53 mogh1245   (28)   :  0.147 0.195 0.164 0.440 0.054 
 54 uigh1240    (7)   :  0.008 0.021 0.051 0.913 0.007 
 55 kara1467   (14)   :  0.010 0.019 0.053 0.909 0.008 
 56 russ1264   (14)   :  0.017 0.069 0.183 0.719 0.012 
 57 sout2954    (0)   :  0.013 0.015 0.011 0.007 0.954 
 58 berj1234    (0)   :  0.951 0.015 0.014 0.010 0.010 
 59 kham1281    (0)   :  0.052 0.172 0.351 0.409 0.015 
 60 dolg1241    (0)   :  0.012 0.058 0.195 0.725 0.009 


Estimated Allele Frequencies in each cluster
First column gives estimated ancestral frequencies


Locus 1 : TE003 
2 alleles
3.3% missing data
   1   (0.438) 0.076 0.504 0.649 0.978 0.024 
   0   (0.562) 0.924 0.496 0.351 0.022 0.976 

Locus 2 : TE004 
2 alleles
3.3% missing data
   0   (0.812) 0.356 0.861 0.899 0.995 0.991 
   1   (0.188) 0.644 0.139 0.101 0.005 0.009 

Locus 3 : TE005 
2 alleles
18.3% missing data
   0   (0.760) 0.136 0.806 0.859 0.992 0.988 
   1   (0.240) 0.864 0.194 0.141 0.008 0.012 

Locus 4 : TE006 
2 alleles
26.7% missing data
   0   (0.589) 0.964 0.589 0.707 0.977 0.107 
   1   (0.411) 0.036 0.411 0.293 0.023 0.893 

Locus 5 : TE007 
2 alleles
6.7% missing data
   0   (0.703) 0.971 0.701 0.790 0.993 0.708 
   1   (0.297) 0.029 0.299 0.210 0.007 0.292 

Locus 6 : TE008 
2 alleles
1.7% missing data
   1   (0.596) 0.965 0.523 0.554 0.974 0.924 
   0   (0.404) 0.035 0.477 0.446 0.026 0.076 

Locus 7 : TE031 
2 alleles
1.7% missing data
   1   (0.741) 0.978 0.809 0.842 0.855 0.037 
   0   (0.259) 0.022 0.191 0.158 0.145 0.963 

Locus 8 : TE037 
2 alleles
1.7% missing data
   1   (0.496) 0.131 0.476 0.490 0.946 0.611 
   0   (0.504) 0.869 0.524 0.510 0.054 0.389 

Locus 9 : TE038 
2 alleles
1.7% missing data
   1   (0.675) 0.666 0.738 0.813 0.992 0.036 
   0   (0.325) 0.334 0.262 0.187 0.008 0.964 

Locus 10 : TE039 
2 alleles
5.0% missing data
   1   (0.591) 0.902 0.608 0.683 0.404 0.969 
   0   (0.409) 0.098 0.392 0.317 0.596 0.031 

Locus 11 : TE078 
2 alleles
3.3% missing data
   0   (0.805) 0.984 0.793 0.857 0.995 0.991 
   1   (0.195) 0.016 0.207 0.143 0.005 0.009 

Locus 12 : TS079 
2 alleles
10.0% missing data
   0   (0.846) 0.526 0.892 0.921 0.996 0.993 
   1   (0.154) 0.474 0.108 0.079 0.004 0.007 

Locus 13 : TS080 
2 alleles
10.0% missing data
   0   (0.703) 0.768 0.666 0.503 0.109 0.986 
   1   (0.297) 0.232 0.334 0.497 0.891 0.014 

Locus 14 : TS088 
2 alleles
1.7% missing data
   0   (0.536) 0.959 0.446 0.529 0.976 0.976 
   1   (0.464) 0.041 0.554 0.471 0.024 0.024 

Values of parameters used in structure:
DATAFILE=phonology_structure,	OUTFILE=outfile_phonology_structure_K5_run45,	NUMINDS=60,	NUMLOCI=14,	MISSING=-9,	LABEL=1,	POPDATA=0,	POPFLAG=0,	PHENOTYPE=0,	EXTRACOLS=0,	MAXPOPS=5,	BURNIN=10000,	NUMREPS=100000,	USEPOPINFO=0,	INFERALPHA=1,	INFERLAMBDA=0,	POPSPECIFICLAMBDA=0,	POPALPHAS=0,	COMPUTEPROB=1,	NOADMIX=0,	ADMBURNIN=500,	UPDATEFREQ=100,	PRINTLIKES=0,	INTERMEDSAVE=0,	PRINTKLD=0,	PRINTNET=1,	PRINTLAMBDA=1,	ANCESTDIST=0,	NUMBOXES=1000,	ANCESTPINT=0.90000,	GENSBACK=2,	MIGRPRIOR=0.01000,	PRINTQHAT=0,	PRINTQSUM=1,	ALPHA=1.0000,	FREQSCORR=1,	FPRIORMEAN=0.0100,	FPRIORSD=0.0500,	ONEFST=0,	LAMBDA=1.0000,	UNIFPRIORALPHA=1,	ALPHAMAX=10.0000,	ALPHAPRIORA=1.0000,	ALPHAPRIORB=2.0000,	ALPHAPROPSD=0.0250,	STARTATPOPINFO=0,	RANDOMIZE=1,	LINKAGE=0,	METROFREQ=10,	REPORTHITRATE=0,	MARKOVPHASE=0,	PHASED=0,	PLOIDY=1,	PHASEINFO=0	LOCPRIOR=0, 	LOCPRIORINIT=1.000000, 	LOCDATA=0, 	LOCISPOP=0, 	LOCPRIORSTEP=0.100000, 	MAXLOCPRIOR=20.000000, 	SEED=1641289981,	
[STRAT parameters]:    NUMSIMSTATS=1000,	PHENOTYPECOL=-9,	POOLFREQ=10,	LOCUSxONLY=0,	EMERROR=0.00100,	MISSINGPHENO=-9,	