

----------------------------------------------------
STRUCTURE by Pritchard, Stephens and Donnelly (2000)
     and Falush, Stephens and Pritchard (2003)
       Code by Pritchard, Falush and Hubisz
             Version 2.3.4 (Jul 2012)
----------------------------------------------------



Command line arguments:   ./structure -m mainparams -K 7 -i phonology_structure -L 14 -o outfile_phonology_structure_K7_run23 
Input File:    phonology_structure

Run parameters:
   60 individuals
   14 loci
   7 populations assumed
   10000 Burn-in period
   100000 Reps


--------------------------------------------
Overall proportion of membership of the
sample in each of the 7 clusters

Inferred Clusters
  1      2      3      4      5      6      7    
0.140  0.160  0.181  0.141  0.120  0.163  0.095  

--------------------------------------------

Allele-freq. divergence among pops (Net nucleotide distance),
computed using point estimates of P.

      1       2       3       4       5       6       7      
 1      -    0.1635  0.0072  0.0012  0.0030  0.1931  0.0187  
 2   0.1635     -    0.1979  0.1705  0.1420  0.2781  0.1450  
 3   0.0072  0.1979     -    0.0068  0.0186  0.2382  0.0488  
 4   0.0012  0.1705  0.0068     -    0.0043  0.2078  0.0222  
 5   0.0030  0.1420  0.0186  0.0043     -    0.1729  0.0083  
 6   0.1931  0.2781  0.2382  0.2078  0.1729     -    0.1597  
 7   0.0187  0.1450  0.0488  0.0222  0.0083  0.1597     -    

Average distances (expected heterozygosity) between individuals in same cluster:
cluster  1  : 0.3367 
cluster  2  : 0.1923 
cluster  3  : 0.2586 
cluster  4  : 0.3227 
cluster  5  : 0.3738 
cluster  6  : 0.1097 
cluster  7  : 0.4034 

--------------------------------------------
Estimated Ln Prob of Data   = -334.6
Mean value of ln likelihood = -230.8
Variance of ln likelihood   = 207.5
Mean value of alpha         = 0.0387

Mean value of Fst_1         = 0.3340
Mean value of Fst_2         = 0.5815
Mean value of Fst_3         = 0.5309
Mean value of Fst_4         = 0.4081
Mean value of Fst_5         = 0.2179
Mean value of Fst_6         = 0.7135
Mean value of Fst_7         = 0.1132


Inferred ancestry of individuals:
        Label (%Miss) :  Inferred clusters
  1 torg1245   (21)   :  0.213 0.015 0.331 0.235 0.155 0.015 0.035 
  2 oldj1239   (14)   :  0.117 0.363 0.083 0.093 0.135 0.054 0.155 
  3 crim1257    (0)   :  0.240 0.007 0.435 0.208 0.092 0.006 0.013 
  4 bash1264    (7)   :  0.242 0.007 0.421 0.216 0.093 0.006 0.014 
  5 anat1259    (0)   :  0.230 0.006 0.415 0.203 0.101 0.022 0.023 
  6 okin1246    (0)   :  0.009 0.007 0.009 0.009 0.011 0.943 0.011 
  7 yaku1245    (0)   :  0.174 0.034 0.236 0.266 0.197 0.013 0.080 
  8 daur1238    (0)   :  0.163 0.011 0.131 0.252 0.198 0.006 0.240 
  9 east2337   (14)   :  0.186 0.020 0.107 0.157 0.236 0.010 0.284 
 10 ikem1235    (7)   :  0.016 0.008 0.011 0.018 0.015 0.913 0.019 
 11 sibe1251    (0)   :  0.015 0.918 0.016 0.016 0.017 0.005 0.013 
 12 nort2697    (0)   :  0.238 0.006 0.410 0.201 0.103 0.021 0.021 
 13 bona1250    (0)   :  0.172 0.035 0.120 0.133 0.217 0.037 0.286 
 14 ulch1241   (14)   :  0.110 0.441 0.111 0.116 0.121 0.010 0.092 
 15 nort2935   (14)   :  0.020 0.018 0.015 0.016 0.021 0.889 0.023 
 16 gaga1249    (0)   :  0.213 0.010 0.346 0.214 0.128 0.053 0.036 
 17 tara1319    (0)   :  0.012 0.006 0.009 0.013 0.014 0.930 0.015 
 18 moma1245   (21)   :  0.032 0.819 0.029 0.032 0.039 0.013 0.036 
 19 manc1252    (0)   :  0.158 0.221 0.142 0.125 0.177 0.020 0.158 
 20 shor1247    (0)   :  0.204 0.010 0.351 0.247 0.161 0.008 0.019 
 21 kaza1248    (0)   :  0.241 0.007 0.430 0.207 0.095 0.006 0.014 
 22 midd1351   (14)   :  0.216 0.024 0.319 0.181 0.145 0.024 0.091 
 23 chag1247   (71)   :  0.176 0.034 0.168 0.165 0.175 0.077 0.205 
 24 huih1238   (14)   :  0.052 0.738 0.040 0.046 0.053 0.020 0.052 
 25 ordo1245    (0)   :  0.163 0.011 0.130 0.253 0.199 0.006 0.237 
 26 turk1303    (0)   :  0.210 0.010 0.353 0.243 0.157 0.008 0.019 
 27 negi1245    (0)   :  0.014 0.914 0.010 0.013 0.017 0.018 0.014 
 28 nana1257    (0)   :  0.018 0.898 0.017 0.014 0.023 0.012 0.017 
 29 nort2690    (7)   :  0.199 0.011 0.213 0.169 0.171 0.060 0.177 
 30 shur1243    (0)   :  0.011 0.012 0.009 0.010 0.012 0.932 0.014 
 31 minh1238    (0)   :  0.162 0.007 0.116 0.138 0.208 0.056 0.314 
 32 udih1248    (0)   :  0.028 0.827 0.025 0.028 0.043 0.016 0.033 
 33 oira1262   (14)   :  0.199 0.013 0.216 0.227 0.211 0.011 0.123 
 34 hate1238    (7)   :  0.053 0.028 0.049 0.044 0.050 0.727 0.049 
 35 tata1255    (0)   :  0.236 0.007 0.432 0.210 0.094 0.006 0.014 
 36 turk1304    (0)   :  0.209 0.010 0.355 0.242 0.155 0.009 0.020 
 37 oroc1248    (0)   :  0.024 0.875 0.022 0.021 0.022 0.014 0.022 
 38 chuv1255    (0)   :  0.182 0.011 0.182 0.207 0.203 0.021 0.194 
 39 noga1249   (14)   :  0.215 0.025 0.311 0.190 0.141 0.022 0.095 
 40 dong1285    (7)   :  0.170 0.018 0.128 0.153 0.213 0.012 0.307 
 41 halh1238   (14)   :  0.181 0.018 0.113 0.184 0.209 0.014 0.282 
 42 ogam1239    (0)   :  0.055 0.009 0.033 0.053 0.066 0.704 0.080 
 43 cent2126    (7)   :  0.012 0.010 0.011 0.012 0.013 0.928 0.015 
 44 yona1241   (14)   :  0.172 0.026 0.114 0.148 0.222 0.025 0.292 
 45 kore1280    (0)   :  0.178 0.009 0.116 0.157 0.216 0.024 0.299 
 46 tuvi1240    (0)   :  0.175 0.019 0.162 0.256 0.207 0.009 0.172 
 47 huzh1238    (7)   :  0.191 0.010 0.128 0.148 0.196 0.030 0.298 
 48 khak1248    (0)   :  0.217 0.010 0.360 0.231 0.155 0.009 0.019 
 49 oldu1238    (7)   :  0.205 0.012 0.358 0.239 0.158 0.008 0.019 
 50 nucl1643    (0)   :  0.010 0.008 0.009 0.009 0.011 0.944 0.009 
 51 orok1265   (14)   :  0.010 0.934 0.010 0.009 0.012 0.013 0.013 
 52 midd1372   (14)   :  0.169 0.018 0.123 0.143 0.221 0.013 0.313 
 53 mogh1245   (28)   :  0.184 0.085 0.242 0.156 0.156 0.042 0.135 
 54 uigh1240    (7)   :  0.239 0.007 0.431 0.202 0.099 0.007 0.014 
 55 kara1467   (14)   :  0.243 0.009 0.426 0.208 0.093 0.007 0.015 
 56 russ1264   (14)   :  0.214 0.016 0.338 0.235 0.160 0.011 0.027 
 57 sout2954    (0)   :  0.011 0.013 0.010 0.010 0.013 0.931 0.013 
 58 berj1234    (0)   :  0.013 0.926 0.011 0.012 0.014 0.009 0.014 
 59 kham1281    (0)   :  0.175 0.034 0.240 0.268 0.190 0.013 0.081 
 60 dolg1241    (0)   :  0.216 0.010 0.352 0.233 0.159 0.008 0.022 


Estimated Allele Frequencies in each cluster
First column gives estimated ancestral frequencies


Locus 1 : TE003 
2 alleles
3.3% missing data
   1   (0.438) 0.669 0.061 0.793 0.717 0.587 0.022 0.476 
   0   (0.562) 0.331 0.939 0.207 0.283 0.413 0.978 0.524 

Locus 2 : TE004 
2 alleles
3.3% missing data
   0   (0.838) 0.910 0.312 0.950 0.930 0.880 0.992 0.863 
   1   (0.162) 0.090 0.688 0.050 0.070 0.120 0.008 0.137 

Locus 3 : TE005 
2 alleles
18.3% missing data
   0   (0.769) 0.865 0.115 0.912 0.892 0.824 0.989 0.795 
   1   (0.231) 0.135 0.885 0.088 0.108 0.176 0.011 0.205 

Locus 4 : TE006 
2 alleles
26.7% missing data
   0   (0.606) 0.753 0.968 0.842 0.777 0.713 0.095 0.607 
   1   (0.394) 0.247 0.032 0.158 0.223 0.287 0.905 0.393 

Locus 5 : TE007 
2 alleles
6.7% missing data
   0   (0.697) 0.816 0.973 0.890 0.830 0.781 0.716 0.702 
   1   (0.303) 0.184 0.027 0.110 0.170 0.219 0.284 0.298 

Locus 6 : TE008 
2 alleles
1.7% missing data
   1   (0.621) 0.725 0.969 0.821 0.698 0.687 0.940 0.551 
   0   (0.379) 0.275 0.031 0.179 0.302 0.313 0.060 0.449 

Locus 7 : TE031 
2 alleles
1.7% missing data
   1   (0.752) 0.822 0.980 0.847 0.835 0.803 0.036 0.790 
   0   (0.248) 0.178 0.020 0.153 0.165 0.197 0.964 0.210 

Locus 8 : TE037 
2 alleles
1.7% missing data
   1   (0.518) 0.664 0.115 0.770 0.620 0.572 0.617 0.483 
   0   (0.482) 0.336 0.885 0.230 0.380 0.428 0.383 0.517 

Locus 9 : TE038 
2 alleles
1.7% missing data
   1   (0.661) 0.808 0.665 0.891 0.836 0.752 0.033 0.699 
   0   (0.339) 0.192 0.335 0.109 0.164 0.248 0.967 0.301 

Locus 10 : TE039 
2 alleles
5.0% missing data
   1   (0.616) 0.560 0.935 0.496 0.622 0.643 0.974 0.621 
   0   (0.384) 0.440 0.065 0.504 0.378 0.357 0.026 0.379 

Locus 11 : TE078 
2 alleles
3.3% missing data
   0   (0.793) 0.880 0.984 0.923 0.885 0.840 0.990 0.788 
   1   (0.207) 0.120 0.016 0.077 0.115 0.160 0.010 0.212 

Locus 12 : TS079 
2 alleles
10.0% missing data
   0   (0.860) 0.935 0.494 0.958 0.933 0.896 0.994 0.887 
   1   (0.140) 0.065 0.506 0.042 0.067 0.104 0.006 0.113 

Locus 13 : TS080 
2 alleles
10.0% missing data
   0   (0.680) 0.457 0.773 0.315 0.384 0.499 0.986 0.672 
   1   (0.320) 0.543 0.227 0.685 0.616 0.501 0.014 0.328 

Locus 14 : TS088 
2 alleles
1.7% missing data
   0   (0.535) 0.685 0.961 0.799 0.668 0.621 0.978 0.471 
   1   (0.465) 0.315 0.039 0.201 0.332 0.379 0.022 0.529 

Values of parameters used in structure:
DATAFILE=phonology_structure,	OUTFILE=outfile_phonology_structure_K7_run23,	NUMINDS=60,	NUMLOCI=14,	MISSING=-9,	LABEL=1,	POPDATA=0,	POPFLAG=0,	PHENOTYPE=0,	EXTRACOLS=0,	MAXPOPS=7,	BURNIN=10000,	NUMREPS=100000,	USEPOPINFO=0,	INFERALPHA=1,	INFERLAMBDA=0,	POPSPECIFICLAMBDA=0,	POPALPHAS=0,	COMPUTEPROB=1,	NOADMIX=0,	ADMBURNIN=500,	UPDATEFREQ=100,	PRINTLIKES=0,	INTERMEDSAVE=0,	PRINTKLD=0,	PRINTNET=1,	PRINTLAMBDA=1,	ANCESTDIST=0,	NUMBOXES=1000,	ANCESTPINT=0.90000,	GENSBACK=2,	MIGRPRIOR=0.01000,	PRINTQHAT=0,	PRINTQSUM=1,	ALPHA=1.0000,	FREQSCORR=1,	FPRIORMEAN=0.0100,	FPRIORSD=0.0500,	ONEFST=0,	LAMBDA=1.0000,	UNIFPRIORALPHA=1,	ALPHAMAX=10.0000,	ALPHAPRIORA=1.0000,	ALPHAPRIORB=2.0000,	ALPHAPROPSD=0.0250,	STARTATPOPINFO=0,	RANDOMIZE=1,	LINKAGE=0,	METROFREQ=10,	REPORTHITRATE=0,	MARKOVPHASE=0,	PHASED=0,	PLOIDY=1,	PHASEINFO=0	LOCPRIOR=0, 	LOCPRIORINIT=1.000000, 	LOCDATA=0, 	LOCISPOP=0, 	LOCPRIORSTEP=0.100000, 	MAXLOCPRIOR=20.000000, 	SEED=1641260493,	
[STRAT parameters]:    NUMSIMSTATS=1000,	PHENOTYPECOL=-9,	POOLFREQ=10,	LOCUSxONLY=0,	EMERROR=0.00100,	MISSINGPHENO=-9,	