

----------------------------------------------------
STRUCTURE by Pritchard, Stephens and Donnelly (2000)
     and Falush, Stephens and Pritchard (2003)
       Code by Pritchard, Falush and Hubisz
             Version 2.3.4 (Jul 2012)
----------------------------------------------------



Command line arguments:   ./structure -m mainparams -K 6 -i phonology_structure -L 14 -o outfile_phonology_structure_K6_run50 
Input File:    phonology_structure

Run parameters:
   60 individuals
   14 loci
   6 populations assumed
   10000 Burn-in period
   100000 Reps


--------------------------------------------
Overall proportion of membership of the
sample in each of the 6 clusters

Inferred Clusters
  1      2      3      4      5      6    
0.181  0.208  0.151  0.167  0.125  0.168  

--------------------------------------------

Allele-freq. divergence among pops (Net nucleotide distance),
computed using point estimates of P.

      1       2       3       4       5       6      
 1      -    0.0064  0.0051  0.1666  0.0154  0.2119  
 2   0.0064     -    0.0227  0.1993  0.0411  0.2557  
 3   0.0051  0.0227     -    0.1495  0.0032  0.1894  
 4   0.1666  0.1993  0.1495     -    0.1367  0.2739  
 5   0.0154  0.0411  0.0032  0.1367     -    0.1723  
 6   0.2119  0.2557  0.1894  0.2739  0.1723     -    

Average distances (expected heterozygosity) between individuals in same cluster:
cluster  1  : 0.3151 
cluster  2  : 0.2384 
cluster  3  : 0.3609 
cluster  4  : 0.1970 
cluster  5  : 0.3867 
cluster  6  : 0.1122 

--------------------------------------------
Estimated Ln Prob of Data   = -329.2
Mean value of ln likelihood = -228.9
Variance of ln likelihood   = 200.7
Mean value of alpha         = 0.0389

Mean value of Fst_1         = 0.4071
Mean value of Fst_2         = 0.5210
Mean value of Fst_3         = 0.2981
Mean value of Fst_4         = 0.5667
Mean value of Fst_5         = 0.1650
Mean value of Fst_6         = 0.7141


Inferred ancestry of individuals:
        Label (%Miss) :  Inferred clusters
  1 torg1245   (21)   :  0.307 0.365 0.194 0.016 0.102 0.016 
  2 oldj1239   (14)   :  0.124 0.077 0.139 0.421 0.185 0.055 
  3 crim1257    (0)   :  0.332 0.496 0.134 0.007 0.025 0.006 
  4 bash1264    (7)   :  0.327 0.504 0.132 0.008 0.023 0.006 
  5 anat1259    (0)   :  0.308 0.499 0.135 0.006 0.029 0.023 
  6 okin1246    (0)   :  0.009 0.010 0.010 0.008 0.010 0.954 
  7 yaku1245    (0)   :  0.257 0.250 0.253 0.039 0.187 0.014 
  8 daur1238    (0)   :  0.231 0.201 0.278 0.011 0.273 0.006 
  9 east2337   (14)   :  0.218 0.140 0.285 0.020 0.327 0.010 
 10 ikem1235    (7)   :  0.013 0.010 0.011 0.007 0.014 0.944 
 11 sibe1251    (0)   :  0.015 0.017 0.015 0.934 0.014 0.006 
 12 nort2697    (0)   :  0.308 0.502 0.133 0.006 0.030 0.021 
 13 bona1250    (0)   :  0.195 0.118 0.290 0.037 0.319 0.040 
 14 ulch1241   (14)   :  0.132 0.126 0.118 0.502 0.112 0.010 
 15 nort2935   (14)   :  0.016 0.013 0.017 0.018 0.022 0.914 
 16 gaga1249    (0)   :  0.290 0.428 0.163 0.010 0.064 0.046 
 17 tara1319    (0)   :  0.010 0.007 0.009 0.006 0.010 0.957 
 18 moma1245   (21)   :  0.026 0.025 0.032 0.867 0.037 0.013 
 19 manc1252    (0)   :  0.159 0.195 0.173 0.236 0.217 0.020 
 20 shor1247    (0)   :  0.310 0.384 0.202 0.011 0.085 0.009 
 21 kaza1248    (0)   :  0.329 0.505 0.131 0.007 0.023 0.006 
 22 midd1351   (14)   :  0.261 0.401 0.159 0.027 0.128 0.024 
 23 chag1247   (71)   :  0.207 0.198 0.226 0.041 0.246 0.082 
 24 huih1238   (14)   :  0.048 0.045 0.055 0.770 0.061 0.021 
 25 ordo1245    (0)   :  0.239 0.210 0.273 0.011 0.261 0.006 
 26 turk1303    (0)   :  0.305 0.388 0.200 0.011 0.086 0.009 
 27 negi1245    (0)   :  0.014 0.009 0.014 0.929 0.015 0.019 
 28 nana1257    (0)   :  0.015 0.016 0.016 0.922 0.019 0.012 
 29 nort2690    (7)   :  0.223 0.281 0.196 0.012 0.224 0.063 
 30 shur1243    (0)   :  0.011 0.008 0.011 0.012 0.012 0.946 
 31 minh1238    (0)   :  0.210 0.104 0.280 0.007 0.329 0.070 
 32 udih1248    (0)   :  0.028 0.027 0.027 0.868 0.034 0.016 
 33 oira1262   (14)   :  0.263 0.261 0.253 0.014 0.199 0.011 
 34 hate1238    (7)   :  0.048 0.047 0.043 0.032 0.049 0.782 
 35 tata1255    (0)   :  0.334 0.500 0.130 0.008 0.023 0.006 
 36 turk1304    (0)   :  0.316 0.376 0.202 0.010 0.087 0.009 
 37 oroc1248    (0)   :  0.023 0.029 0.023 0.882 0.028 0.015 
 38 chuv1255    (0)   :  0.227 0.270 0.235 0.012 0.231 0.026 
 39 noga1249   (14)   :  0.271 0.402 0.153 0.028 0.122 0.023 
 40 dong1285    (7)   :  0.198 0.111 0.309 0.019 0.350 0.013 
 41 halh1238   (14)   :  0.196 0.171 0.284 0.018 0.316 0.015 
 42 ogam1239    (0)   :  0.048 0.024 0.064 0.009 0.073 0.781 
 43 cent2126    (7)   :  0.013 0.013 0.012 0.010 0.013 0.939 
 44 yona1241   (14)   :  0.194 0.090 0.297 0.029 0.364 0.026 
 45 kore1280    (0)   :  0.204 0.100 0.298 0.010 0.361 0.028 
 46 tuvi1240    (0)   :  0.235 0.213 0.287 0.018 0.239 0.009 
 47 huzh1238    (7)   :  0.204 0.113 0.301 0.010 0.338 0.033 
 48 khak1248    (0)   :  0.321 0.373 0.197 0.011 0.089 0.009 
 49 oldu1238    (7)   :  0.311 0.372 0.198 0.014 0.096 0.009 
 50 nucl1643    (0)   :  0.009 0.008 0.010 0.008 0.010 0.955 
 51 orok1265   (14)   :  0.009 0.009 0.011 0.945 0.012 0.014 
 52 midd1372   (14)   :  0.186 0.106 0.314 0.016 0.365 0.013 
 53 mogh1245   (28)   :  0.217 0.294 0.165 0.102 0.180 0.042 
 54 uigh1240    (7)   :  0.326 0.505 0.132 0.007 0.023 0.007 
 55 kara1467   (14)   :  0.320 0.499 0.138 0.009 0.027 0.007 
 56 russ1264   (14)   :  0.310 0.366 0.199 0.016 0.098 0.011 
 57 sout2954    (0)   :  0.009 0.009 0.012 0.013 0.012 0.946 
 58 berj1234    (0)   :  0.013 0.012 0.014 0.933 0.018 0.010 
 59 kham1281    (0)   :  0.257 0.260 0.254 0.038 0.177 0.013 
 60 dolg1241    (0)   :  0.312 0.387 0.197 0.011 0.085 0.009 


Estimated Allele Frequencies in each cluster
First column gives estimated ancestral frequencies


Locus 1 : TE003 
2 alleles
3.3% missing data
   1   (0.421) 0.714 0.812 0.630 0.066 0.522 0.021 
   0   (0.579) 0.286 0.188 0.370 0.934 0.478 0.979 

Locus 2 : TE004 
2 alleles
3.3% missing data
   0   (0.815) 0.922 0.940 0.890 0.335 0.857 0.992 
   1   (0.185) 0.078 0.060 0.110 0.665 0.143 0.008 

Locus 3 : TE005 
2 alleles
18.3% missing data
   0   (0.755) 0.882 0.918 0.851 0.121 0.809 0.988 
   1   (0.245) 0.118 0.082 0.149 0.879 0.191 0.012 

Locus 4 : TE006 
2 alleles
26.7% missing data
   0   (0.626) 0.794 0.888 0.719 0.968 0.672 0.100 
   1   (0.374) 0.206 0.112 0.281 0.032 0.328 0.900 

Locus 5 : TE007 
2 alleles
6.7% missing data
   0   (0.712) 0.847 0.916 0.788 0.973 0.754 0.706 
   1   (0.288) 0.153 0.084 0.212 0.027 0.246 0.294 

Locus 6 : TE008 
2 alleles
1.7% missing data
   1   (0.582) 0.721 0.799 0.629 0.965 0.567 0.927 
   0   (0.418) 0.279 0.201 0.371 0.035 0.433 0.073 

Locus 7 : TE031 
2 alleles
1.7% missing data
   1   (0.785) 0.846 0.848 0.842 0.983 0.834 0.037 
   0   (0.215) 0.154 0.152 0.158 0.017 0.166 0.963 

Locus 8 : TE037 
2 alleles
1.7% missing data
   1   (0.541) 0.669 0.782 0.568 0.123 0.521 0.611 
   0   (0.459) 0.331 0.218 0.432 0.877 0.479 0.389 

Locus 9 : TE038 
2 alleles
1.7% missing data
   1   (0.688) 0.846 0.924 0.801 0.666 0.747 0.033 
   0   (0.312) 0.154 0.076 0.199 0.334 0.253 0.967 

Locus 10 : TE039 
2 alleles
5.0% missing data
   1   (0.575) 0.557 0.478 0.621 0.923 0.616 0.972 
   0   (0.425) 0.443 0.522 0.379 0.077 0.384 0.028 

Locus 11 : TE078 
2 alleles
3.3% missing data
   0   (0.828) 0.900 0.964 0.857 0.986 0.837 0.992 
   1   (0.172) 0.100 0.036 0.143 0.014 0.163 0.008 

Locus 12 : TS079 
2 alleles
10.0% missing data
   0   (0.853) 0.935 0.960 0.917 0.506 0.893 0.994 
   1   (0.147) 0.065 0.040 0.083 0.494 0.107 0.006 

Locus 13 : TS080 
2 alleles
10.0% missing data
   0   (0.720) 0.403 0.274 0.513 0.772 0.629 0.988 
   1   (0.280) 0.597 0.726 0.487 0.228 0.371 0.012 

Locus 14 : TS088 
2 alleles
1.7% missing data
   0   (0.524) 0.695 0.806 0.579 0.959 0.521 0.977 
   1   (0.476) 0.305 0.194 0.421 0.041 0.479 0.023 

Values of parameters used in structure:
DATAFILE=phonology_structure,	OUTFILE=outfile_phonology_structure_K6_run50,	NUMINDS=60,	NUMLOCI=14,	MISSING=-9,	LABEL=1,	POPDATA=0,	POPFLAG=0,	PHENOTYPE=0,	EXTRACOLS=0,	MAXPOPS=6,	BURNIN=10000,	NUMREPS=100000,	USEPOPINFO=0,	INFERALPHA=1,	INFERLAMBDA=0,	POPSPECIFICLAMBDA=0,	POPALPHAS=0,	COMPUTEPROB=1,	NOADMIX=0,	ADMBURNIN=500,	UPDATEFREQ=100,	PRINTLIKES=0,	INTERMEDSAVE=0,	PRINTKLD=0,	PRINTNET=1,	PRINTLAMBDA=1,	ANCESTDIST=0,	NUMBOXES=1000,	ANCESTPINT=0.90000,	GENSBACK=2,	MIGRPRIOR=0.01000,	PRINTQHAT=0,	PRINTQSUM=1,	ALPHA=1.0000,	FREQSCORR=1,	FPRIORMEAN=0.0100,	FPRIORSD=0.0500,	ONEFST=0,	LAMBDA=1.0000,	UNIFPRIORALPHA=1,	ALPHAMAX=10.0000,	ALPHAPRIORA=1.0000,	ALPHAPRIORB=2.0000,	ALPHAPROPSD=0.0250,	STARTATPOPINFO=0,	RANDOMIZE=1,	LINKAGE=0,	METROFREQ=10,	REPORTHITRATE=0,	MARKOVPHASE=0,	PHASED=0,	PLOIDY=1,	PHASEINFO=0	LOCPRIOR=0, 	LOCPRIORINIT=1.000000, 	LOCDATA=0, 	LOCISPOP=0, 	LOCPRIORSTEP=0.100000, 	MAXLOCPRIOR=20.000000, 	SEED=1641293245,	
[STRAT parameters]:    NUMSIMSTATS=1000,	PHENOTYPECOL=-9,	POOLFREQ=10,	LOCUSxONLY=0,	EMERROR=0.00100,	MISSINGPHENO=-9,	