

----------------------------------------------------
STRUCTURE by Pritchard, Stephens and Donnelly (2000)
     and Falush, Stephens and Pritchard (2003)
       Code by Pritchard, Falush and Hubisz
             Version 2.3.4 (Jul 2012)
----------------------------------------------------



Command line arguments:   ./structure -m mainparams -K 4 -i phonology_structure -L 14 -o outfile_phonology_structure_K4_run14 
Input File:    phonology_structure

Run parameters:
   60 individuals
   14 loci
   4 populations assumed
   10000 Burn-in period
   100000 Reps


--------------------------------------------
Overall proportion of membership of the
sample in each of the 4 clusters

Inferred Clusters
  1      2      3      4    
0.191  0.405  0.228  0.177  

--------------------------------------------

Allele-freq. divergence among pops (Net nucleotide distance),
computed using point estimates of P.

      1       2       3       4      
 1      -    0.2383  0.1420  0.2598  
 2   0.2383     -    0.1468  0.3184  
 3   0.1420  0.1468     -    0.1607  
 4   0.2598  0.3184  0.1607     -    

Average distances (expected heterozygosity) between individuals in same cluster:
cluster  1  : 0.2153 
cluster  2  : 0.1044 
cluster  3  : 0.4089 
cluster  4  : 0.1193 

--------------------------------------------
Estimated Ln Prob of Data   = -271.9
Mean value of ln likelihood = -238.0
Variance of ln likelihood   = 67.7
Mean value of alpha         = 0.0446

Mean value of Fst_1         = 0.5328
Mean value of Fst_2         = 0.6812
Mean value of Fst_3         = 0.0506
Mean value of Fst_4         = 0.6936


Inferred ancestry of individuals:
        Label (%Miss) :  Inferred clusters
  1 torg1245   (21)   :  0.018 0.935 0.030 0.017 
  2 oldj1239   (14)   :  0.617 0.031 0.287 0.065 
  3 crim1257    (0)   :  0.009 0.971 0.013 0.007 
  4 bash1264    (7)   :  0.009 0.973 0.011 0.007 
  5 anat1259    (0)   :  0.008 0.953 0.017 0.022 
  6 okin1246    (0)   :  0.009 0.010 0.011 0.970 
  7 yaku1245    (0)   :  0.062 0.872 0.048 0.018 
  8 daur1238    (0)   :  0.023 0.316 0.651 0.010 
  9 east2337   (14)   :  0.025 0.019 0.945 0.011 
 10 ikem1235    (7)   :  0.008 0.010 0.015 0.967 
 11 sibe1251    (0)   :  0.961 0.021 0.012 0.006 
 12 nort2697    (0)   :  0.008 0.952 0.019 0.022 
 13 bona1250    (0)   :  0.057 0.014 0.880 0.049 
 14 ulch1241   (14)   :  0.668 0.229 0.092 0.011 
 15 nort2935   (14)   :  0.020 0.011 0.019 0.949 
 16 gaga1249    (0)   :  0.010 0.938 0.019 0.033 
 17 tara1319    (0)   :  0.007 0.008 0.014 0.971 
 18 moma1245   (21)   :  0.931 0.022 0.033 0.014 
 19 manc1252    (0)   :  0.446 0.195 0.329 0.030 
 20 shor1247    (0)   :  0.012 0.966 0.012 0.010 
 21 kaza1248    (0)   :  0.009 0.969 0.015 0.007 
 22 midd1351   (14)   :  0.052 0.751 0.164 0.033 
 23 chag1247   (71)   :  0.076 0.263 0.536 0.126 
 24 huih1238   (14)   :  0.873 0.050 0.052 0.026 
 25 ordo1245    (0)   :  0.023 0.309 0.659 0.009 
 26 turk1303    (0)   :  0.012 0.965 0.013 0.010 
 27 negi1245    (0)   :  0.955 0.009 0.016 0.020 
 28 nana1257    (0)   :  0.958 0.014 0.017 0.012 
 29 nort2690    (7)   :  0.018 0.409 0.465 0.108 
 30 shur1243    (0)   :  0.014 0.008 0.013 0.965 
 31 minh1238    (0)   :  0.009 0.010 0.912 0.070 
 32 udih1248    (0)   :  0.930 0.026 0.026 0.019 
 33 oira1262   (14)   :  0.022 0.713 0.253 0.013 
 34 hate1238    (7)   :  0.047 0.062 0.056 0.834 
 35 tata1255    (0)   :  0.010 0.972 0.011 0.007 
 36 turk1304    (0)   :  0.012 0.966 0.012 0.010 
 37 oroc1248    (0)   :  0.930 0.027 0.027 0.016 
 38 chuv1255    (0)   :  0.018 0.626 0.324 0.032 
 39 noga1249   (14)   :  0.051 0.759 0.156 0.034 
 40 dong1285    (7)   :  0.026 0.019 0.939 0.016 
 41 halh1238   (14)   :  0.030 0.083 0.869 0.017 
 42 ogam1239    (0)   :  0.010 0.008 0.131 0.850 
 43 cent2126    (7)   :  0.011 0.014 0.013 0.962 
 44 yona1241   (14)   :  0.042 0.012 0.916 0.030 
 45 kore1280    (0)   :  0.011 0.011 0.952 0.026 
 46 tuvi1240    (0)   :  0.046 0.633 0.305 0.017 
 47 huzh1238    (7)   :  0.013 0.011 0.941 0.034 
 48 khak1248    (0)   :  0.013 0.964 0.014 0.009 
 49 oldu1238    (7)   :  0.017 0.960 0.014 0.009 
 50 nucl1643    (0)   :  0.008 0.010 0.010 0.972 
 51 orok1265   (14)   :  0.965 0.008 0.012 0.015 
 52 midd1372   (14)   :  0.021 0.007 0.956 0.016 
 53 mogh1245   (28)   :  0.215 0.472 0.249 0.063 
 54 uigh1240    (7)   :  0.009 0.970 0.014 0.008 
 55 kara1467   (14)   :  0.010 0.966 0.016 0.008 
 56 russ1264   (14)   :  0.018 0.949 0.021 0.012 
 57 sout2954    (0)   :  0.013 0.008 0.014 0.965 
 58 berj1234    (0)   :  0.964 0.012 0.014 0.010 
 59 kham1281    (0)   :  0.066 0.866 0.050 0.017 
 60 dolg1241    (0)   :  0.013 0.966 0.012 0.009 


Estimated Allele Frequencies in each cluster
First column gives estimated ancestral frequencies


Locus 1 : TE003 
2 alleles
3.3% missing data
   1   (0.427) 0.088 0.982 0.436 0.025 
   0   (0.573) 0.912 0.018 0.564 0.975 

Locus 2 : TE004 
2 alleles
3.3% missing data
   0   (0.817) 0.381 0.996 0.844 0.991 
   1   (0.183) 0.619 0.004 0.156 0.009 

Locus 3 : TE005 
2 alleles
18.3% missing data
   0   (0.747) 0.151 0.992 0.771 0.987 
   1   (0.253) 0.849 0.008 0.229 0.013 

Locus 4 : TE006 
2 alleles
26.7% missing data
   0   (0.569) 0.962 0.983 0.530 0.109 
   1   (0.431) 0.038 0.017 0.470 0.891 

Locus 5 : TE007 
2 alleles
6.7% missing data
   0   (0.685) 0.969 0.993 0.654 0.704 
   1   (0.315) 0.031 0.007 0.346 0.296 

Locus 6 : TE008 
2 alleles
1.7% missing data
   1   (0.541) 0.958 0.933 0.474 0.908 
   0   (0.459) 0.042 0.067 0.526 0.092 

Locus 7 : TE031 
2 alleles
1.7% missing data
   1   (0.750) 0.979 0.865 0.795 0.040 
   0   (0.250) 0.021 0.135 0.205 0.960 

Locus 8 : TE037 
2 alleles
1.7% missing data
   1   (0.482) 0.143 0.871 0.483 0.602 
   0   (0.518) 0.857 0.129 0.517 0.398 

Locus 9 : TE038 
2 alleles
1.7% missing data
   1   (0.651) 0.677 0.993 0.681 0.036 
   0   (0.349) 0.323 0.007 0.319 0.964 

Locus 10 : TE039 
2 alleles
5.0% missing data
   1   (0.589) 0.882 0.519 0.569 0.968 
   0   (0.411) 0.118 0.481 0.431 0.032 

Locus 11 : TE078 
2 alleles
3.3% missing data
   0   (0.780) 0.981 0.995 0.749 0.989 
   1   (0.220) 0.019 0.005 0.251 0.011 

Locus 12 : TS079 
2 alleles
10.0% missing data
   0   (0.840) 0.546 0.996 0.870 0.993 
   1   (0.160) 0.454 0.004 0.130 0.007 

Locus 13 : TS080 
2 alleles
10.0% missing data
   0   (0.734) 0.768 0.081 0.774 0.988 
   1   (0.266) 0.232 0.919 0.226 0.012 

Locus 14 : TS088 
2 alleles
1.7% missing data
   0   (0.471) 0.951 0.951 0.367 0.972 
   1   (0.529) 0.049 0.049 0.633 0.028 

Values of parameters used in structure:
DATAFILE=phonology_structure,	OUTFILE=outfile_phonology_structure_K4_run14,	NUMINDS=60,	NUMLOCI=14,	MISSING=-9,	LABEL=1,	POPDATA=0,	POPFLAG=0,	PHENOTYPE=0,	EXTRACOLS=0,	MAXPOPS=4,	BURNIN=10000,	NUMREPS=100000,	USEPOPINFO=0,	INFERALPHA=1,	INFERLAMBDA=0,	POPSPECIFICLAMBDA=0,	POPALPHAS=0,	COMPUTEPROB=1,	NOADMIX=0,	ADMBURNIN=500,	UPDATEFREQ=100,	PRINTLIKES=0,	INTERMEDSAVE=0,	PRINTKLD=0,	PRINTNET=1,	PRINTLAMBDA=1,	ANCESTDIST=0,	NUMBOXES=1000,	ANCESTPINT=0.90000,	GENSBACK=2,	MIGRPRIOR=0.01000,	PRINTQHAT=0,	PRINTQSUM=1,	ALPHA=1.0000,	FREQSCORR=1,	FPRIORMEAN=0.0100,	FPRIORSD=0.0500,	ONEFST=0,	LAMBDA=1.0000,	UNIFPRIORALPHA=1,	ALPHAMAX=10.0000,	ALPHAPRIORA=1.0000,	ALPHAPRIORB=2.0000,	ALPHAPROPSD=0.0250,	STARTATPOPINFO=0,	RANDOMIZE=1,	LINKAGE=0,	METROFREQ=10,	REPORTHITRATE=0,	MARKOVPHASE=0,	PHASED=0,	PLOIDY=1,	PHASEINFO=0	LOCPRIOR=0, 	LOCPRIORINIT=1.000000, 	LOCDATA=0, 	LOCISPOP=0, 	LOCPRIORSTEP=0.100000, 	MAXLOCPRIOR=20.000000, 	SEED=1641238690,	
[STRAT parameters]:    NUMSIMSTATS=1000,	PHENOTYPECOL=-9,	POOLFREQ=10,	LOCUSxONLY=0,	EMERROR=0.00100,	MISSINGPHENO=-9,	