

----------------------------------------------------
STRUCTURE by Pritchard, Stephens and Donnelly (2000)
     and Falush, Stephens and Pritchard (2003)
       Code by Pritchard, Falush and Hubisz
             Version 2.3.4 (Jul 2012)
----------------------------------------------------



Command line arguments:   ./structure -m mainparams -K 7 -i phonology_structure -L 14 -o outfile_phonology_structure_K7_run4 
Input File:    phonology_structure

Run parameters:
   60 individuals
   14 loci
   7 populations assumed
   10000 Burn-in period
   100000 Reps


--------------------------------------------
Overall proportion of membership of the
sample in each of the 7 clusters

Inferred Clusters
  1      2      3      4      5      6      7    
0.136  0.164  0.161  0.160  0.152  0.100  0.127  

--------------------------------------------

Allele-freq. divergence among pops (Net nucleotide distance),
computed using point estimates of P.

      1       2       3       4       5       6       7      
 1      -    0.1953  0.1598  0.0057  0.0015  0.0113  0.0006  
 2   0.1953     -    0.2774  0.2417  0.2172  0.1676  0.1912  
 3   0.1598  0.2774     -    0.1938  0.1769  0.1403  0.1545  
 4   0.0057  0.2417  0.1938     -    0.0014  0.0295  0.0083  
 5   0.0015  0.2172  0.1769  0.0014     -    0.0197  0.0033  
 6   0.0113  0.1676  0.1403  0.0295  0.0197     -    0.0076  
 7   0.0006  0.1912  0.1545  0.0083  0.0033  0.0076     -    

Average distances (expected heterozygosity) between individuals in same cluster:
cluster  1  : 0.3370 
cluster  2  : 0.1096 
cluster  3  : 0.1930 
cluster  4  : 0.2778 
cluster  5  : 0.3085 
cluster  6  : 0.3927 
cluster  7  : 0.3449 

--------------------------------------------
Estimated Ln Prob of Data   = -366.9
Mean value of ln likelihood = -227.4
Variance of ln likelihood   = 279.1
Mean value of alpha         = 0.0394

Mean value of Fst_1         = 0.3539
Mean value of Fst_2         = 0.7181
Mean value of Fst_3         = 0.5757
Mean value of Fst_4         = 0.4972
Mean value of Fst_5         = 0.4324
Mean value of Fst_6         = 0.1384
Mean value of Fst_7         = 0.3281


Inferred ancestry of individuals:
        Label (%Miss) :  Inferred clusters
  1 torg1245   (21)   :  0.233 0.015 0.015 0.201 0.244 0.068 0.224 
  2 oldj1239   (14)   :  0.109 0.054 0.404 0.069 0.090 0.162 0.112 
  3 crim1257    (0)   :  0.183 0.006 0.007 0.375 0.297 0.023 0.109 
  4 bash1264    (7)   :  0.181 0.006 0.007 0.378 0.292 0.024 0.112 
  5 anat1259    (0)   :  0.181 0.020 0.006 0.383 0.275 0.030 0.104 
  6 okin1246    (0)   :  0.010 0.945 0.008 0.008 0.008 0.011 0.010 
  7 yaku1245    (0)   :  0.176 0.014 0.037 0.219 0.209 0.114 0.231 
  8 daur1238    (0)   :  0.140 0.007 0.011 0.262 0.174 0.223 0.183 
  9 east2337   (14)   :  0.213 0.010 0.022 0.125 0.161 0.284 0.185 
 10 ikem1235    (7)   :  0.014 0.928 0.007 0.011 0.012 0.015 0.014 
 11 sibe1251    (0)   :  0.017 0.005 0.915 0.016 0.018 0.014 0.015 
 12 nort2697    (0)   :  0.172 0.021 0.006 0.382 0.283 0.030 0.105 
 13 bona1250    (0)   :  0.198 0.038 0.037 0.113 0.150 0.280 0.184 
 14 ulch1241   (14)   :  0.102 0.011 0.456 0.111 0.110 0.095 0.116 
 15 nort2935   (14)   :  0.019 0.892 0.018 0.015 0.016 0.020 0.019 
 16 gaga1249    (0)   :  0.204 0.055 0.011 0.272 0.231 0.063 0.164 
 17 tara1319    (0)   :  0.010 0.941 0.006 0.009 0.009 0.014 0.011 
 18 moma1245   (21)   :  0.035 0.013 0.820 0.028 0.030 0.038 0.036 
 19 manc1252    (0)   :  0.162 0.020 0.208 0.139 0.138 0.177 0.156 
 20 shor1247    (0)   :  0.245 0.009 0.010 0.211 0.248 0.056 0.222 
 21 kaza1248    (0)   :  0.186 0.006 0.007 0.387 0.290 0.019 0.105 
 22 midd1351   (14)   :  0.180 0.021 0.025 0.300 0.243 0.094 0.137 
 23 chag1247   (71)   :  0.169 0.076 0.034 0.168 0.161 0.210 0.181 
 24 huih1238   (14)   :  0.051 0.020 0.730 0.040 0.047 0.057 0.055 
 25 ordo1245    (0)   :  0.141 0.006 0.011 0.257 0.186 0.213 0.186 
 26 turk1303    (0)   :  0.243 0.009 0.010 0.216 0.247 0.056 0.220 
 27 negi1245    (0)   :  0.013 0.019 0.920 0.011 0.010 0.014 0.013 
 28 nana1257    (0)   :  0.020 0.012 0.895 0.016 0.016 0.022 0.019 
 29 nort2690    (7)   :  0.192 0.053 0.011 0.198 0.186 0.183 0.177 
 30 shur1243    (0)   :  0.011 0.933 0.012 0.009 0.010 0.014 0.012 
 31 minh1238    (0)   :  0.190 0.064 0.007 0.117 0.176 0.242 0.204 
 32 udih1248    (0)   :  0.033 0.016 0.845 0.025 0.026 0.030 0.024 
 33 oira1262   (14)   :  0.195 0.011 0.015 0.213 0.211 0.139 0.217 
 34 hate1238    (7)   :  0.051 0.738 0.030 0.040 0.046 0.048 0.047 
 35 tata1255    (0)   :  0.180 0.006 0.007 0.381 0.293 0.018 0.115 
 36 turk1304    (0)   :  0.243 0.008 0.009 0.225 0.241 0.058 0.216 
 37 oroc1248    (0)   :  0.024 0.015 0.870 0.021 0.023 0.024 0.023 
 38 chuv1255    (0)   :  0.161 0.021 0.012 0.259 0.199 0.180 0.169 
 39 noga1249   (14)   :  0.181 0.021 0.024 0.294 0.245 0.096 0.140 
 40 dong1285    (7)   :  0.195 0.012 0.018 0.109 0.166 0.275 0.226 
 41 halh1238   (14)   :  0.184 0.015 0.018 0.158 0.167 0.252 0.205 
 42 ogam1239    (0)   :  0.048 0.736 0.009 0.038 0.041 0.078 0.050 
 43 cent2126    (7)   :  0.013 0.931 0.010 0.011 0.011 0.012 0.013 
 44 yona1241   (14)   :  0.191 0.025 0.029 0.097 0.162 0.286 0.211 
 45 kore1280    (0)   :  0.196 0.027 0.009 0.123 0.175 0.272 0.199 
 46 tuvi1240    (0)   :  0.143 0.009 0.018 0.258 0.187 0.184 0.201 
 47 huzh1238    (7)   :  0.197 0.031 0.010 0.113 0.173 0.280 0.196 
 48 khak1248    (0)   :  0.238 0.008 0.010 0.209 0.255 0.060 0.220 
 49 oldu1238    (7)   :  0.236 0.009 0.014 0.217 0.248 0.057 0.221 
 50 nucl1643    (0)   :  0.009 0.946 0.008 0.009 0.009 0.010 0.009 
 51 orok1265   (14)   :  0.010 0.013 0.938 0.009 0.009 0.010 0.010 
 52 midd1372   (14)   :  0.205 0.014 0.018 0.096 0.178 0.286 0.202 
 53 mogh1245   (28)   :  0.170 0.037 0.079 0.221 0.199 0.143 0.151 
 54 uigh1240    (7)   :  0.180 0.007 0.007 0.380 0.290 0.024 0.113 
 55 kara1467   (14)   :  0.188 0.007 0.009 0.385 0.284 0.024 0.102 
 56 russ1264   (14)   :  0.229 0.011 0.015 0.211 0.242 0.064 0.229 
 57 sout2954    (0)   :  0.010 0.935 0.012 0.009 0.010 0.012 0.012 
 58 berj1234    (0)   :  0.015 0.009 0.924 0.012 0.013 0.015 0.014 
 59 kham1281    (0)   :  0.186 0.014 0.039 0.227 0.202 0.115 0.217 
 60 dolg1241    (0)   :  0.241 0.008 0.009 0.208 0.255 0.056 0.222 


Estimated Allele Frequencies in each cluster
First column gives estimated ancestral frequencies


Locus 1 : TE003 
2 alleles
3.3% missing data
   1   (0.456) 0.667 0.022 0.063 0.798 0.730 0.518 0.650 
   0   (0.544) 0.333 0.978 0.937 0.202 0.270 0.482 0.350 

Locus 2 : TE004 
2 alleles
3.3% missing data
   0   (0.826) 0.902 0.992 0.320 0.945 0.925 0.859 0.898 
   1   (0.174) 0.098 0.008 0.680 0.055 0.075 0.141 0.102 

Locus 3 : TE005 
2 alleles
18.3% missing data
   0   (0.782) 0.859 0.990 0.115 0.924 0.894 0.815 0.872 
   1   (0.218) 0.141 0.010 0.885 0.076 0.106 0.185 0.128 

Locus 4 : TE006 
2 alleles
26.7% missing data
   0   (0.623) 0.752 0.095 0.968 0.846 0.795 0.649 0.736 
   1   (0.377) 0.248 0.905 0.032 0.154 0.205 0.351 0.264 

Locus 5 : TE007 
2 alleles
6.7% missing data
   0   (0.705) 0.810 0.712 0.972 0.885 0.851 0.727 0.804 
   1   (0.295) 0.190 0.288 0.028 0.115 0.149 0.273 0.196 

Locus 6 : TE008 
2 alleles
1.7% missing data
   1   (0.628) 0.722 0.939 0.969 0.728 0.737 0.590 0.697 
   0   (0.372) 0.278 0.061 0.031 0.272 0.263 0.410 0.303 

Locus 7 : TE031 
2 alleles
1.7% missing data
   1   (0.773) 0.837 0.036 0.981 0.834 0.839 0.811 0.847 
   0   (0.227) 0.163 0.964 0.019 0.166 0.161 0.189 0.153 

Locus 8 : TE037 
2 alleles
1.7% missing data
   1   (0.511) 0.666 0.615 0.112 0.666 0.681 0.495 0.603 
   0   (0.489) 0.334 0.385 0.888 0.334 0.319 0.505 0.397 

Locus 9 : TE038 
2 alleles
1.7% missing data
   1   (0.714) 0.827 0.034 0.659 0.903 0.865 0.755 0.827 
   0   (0.286) 0.173 0.966 0.341 0.097 0.135 0.245 0.173 

Locus 10 : TE039 
2 alleles
5.0% missing data
   1   (0.587) 0.591 0.973 0.931 0.498 0.537 0.619 0.627 
   0   (0.413) 0.409 0.027 0.069 0.502 0.463 0.381 0.373 

Locus 11 : TE078 
2 alleles
3.3% missing data
   0   (0.798) 0.881 0.991 0.983 0.921 0.893 0.804 0.853 
   1   (0.202) 0.119 0.009 0.017 0.079 0.107 0.196 0.147 

Locus 12 : TS079 
2 alleles
10.0% missing data
   0   (0.859) 0.925 0.994 0.495 0.950 0.939 0.888 0.923 
   1   (0.141) 0.075 0.006 0.505 0.050 0.061 0.112 0.077 

Locus 13 : TS080 
2 alleles
10.0% missing data
   0   (0.699) 0.463 0.987 0.774 0.317 0.387 0.646 0.492 
   1   (0.301) 0.537 0.013 0.226 0.683 0.613 0.354 0.508 

Locus 14 : TS088 
2 alleles
1.7% missing data
   0   (0.559) 0.673 0.979 0.963 0.732 0.706 0.531 0.650 
   1   (0.441) 0.327 0.021 0.037 0.268 0.294 0.469 0.350 

Values of parameters used in structure:
DATAFILE=phonology_structure,	OUTFILE=outfile_phonology_structure_K7_run4,	NUMINDS=60,	NUMLOCI=14,	MISSING=-9,	LABEL=1,	POPDATA=0,	POPFLAG=0,	PHENOTYPE=0,	EXTRACOLS=0,	MAXPOPS=7,	BURNIN=10000,	NUMREPS=100000,	USEPOPINFO=0,	INFERALPHA=1,	INFERLAMBDA=0,	POPSPECIFICLAMBDA=0,	POPALPHAS=0,	COMPUTEPROB=1,	NOADMIX=0,	ADMBURNIN=500,	UPDATEFREQ=100,	PRINTLIKES=0,	INTERMEDSAVE=0,	PRINTKLD=0,	PRINTNET=1,	PRINTLAMBDA=1,	ANCESTDIST=0,	NUMBOXES=1000,	ANCESTPINT=0.90000,	GENSBACK=2,	MIGRPRIOR=0.01000,	PRINTQHAT=0,	PRINTQSUM=1,	ALPHA=1.0000,	FREQSCORR=1,	FPRIORMEAN=0.0100,	FPRIORSD=0.0500,	ONEFST=0,	LAMBDA=1.0000,	UNIFPRIORALPHA=1,	ALPHAMAX=10.0000,	ALPHAPRIORA=1.0000,	ALPHAPRIORB=2.0000,	ALPHAPROPSD=0.0250,	STARTATPOPINFO=0,	RANDOMIZE=1,	LINKAGE=0,	METROFREQ=10,	REPORTHITRATE=0,	MARKOVPHASE=0,	PHASED=0,	PLOIDY=1,	PHASEINFO=0	LOCPRIOR=0, 	LOCPRIORINIT=1.000000, 	LOCDATA=0, 	LOCISPOP=0, 	LOCPRIORSTEP=0.100000, 	MAXLOCPRIOR=20.000000, 	SEED=1641218652,	
[STRAT parameters]:    NUMSIMSTATS=1000,	PHENOTYPECOL=-9,	POOLFREQ=10,	LOCUSxONLY=0,	EMERROR=0.00100,	MISSINGPHENO=-9,	