

----------------------------------------------------
STRUCTURE by Pritchard, Stephens and Donnelly (2000)
     and Falush, Stephens and Pritchard (2003)
       Code by Pritchard, Falush and Hubisz
             Version 2.3.4 (Jul 2012)
----------------------------------------------------



Command line arguments:   ./structure -m mainparams -K 7 -i phonology_structure -L 14 -o outfile_phonology_structure_K7_run29 
Input File:    phonology_structure

Run parameters:
   60 individuals
   14 loci
   7 populations assumed
   10000 Burn-in period
   100000 Reps


--------------------------------------------
Overall proportion of membership of the
sample in each of the 7 clusters

Inferred Clusters
  1      2      3      4      5      6      7    
0.164  0.137  0.196  0.123  0.145  0.102  0.133  

--------------------------------------------

Allele-freq. divergence among pops (Net nucleotide distance),
computed using point estimates of P.

      1       2       3       4       5       6       7      
 1      -    0.2012  0.2470  0.1753  0.2160  0.1609  0.1935  
 2   0.2012     -    0.0138  0.0204  0.0831  0.0097  0.0004  
 3   0.2470  0.0138     -    0.0517  0.1238  0.0412  0.0155  
 4   0.1753  0.0204  0.0517     -    0.0229  0.0127  0.0183  
 5   0.2160  0.0831  0.1238  0.0229     -    0.0674  0.0801  
 6   0.1609  0.0097  0.0412  0.0127  0.0674     -    0.0069  
 7   0.1935  0.0004  0.0155  0.0183  0.0801  0.0069     -    

Average distances (expected heterozygosity) between individuals in same cluster:
cluster  1  : 0.1108 
cluster  2  : 0.3328 
cluster  3  : 0.2405 
cluster  4  : 0.3803 
cluster  5  : 0.3096 
cluster  6  : 0.3928 
cluster  7  : 0.3456 

--------------------------------------------
Estimated Ln Prob of Data   = -351.0
Mean value of ln likelihood = -233.3
Variance of ln likelihood   = 235.4
Mean value of alpha         = 0.0383

Mean value of Fst_1         = 0.7125
Mean value of Fst_2         = 0.3512
Mean value of Fst_3         = 0.5271
Mean value of Fst_4         = 0.3076
Mean value of Fst_5         = 0.4667
Mean value of Fst_6         = 0.1229
Mean value of Fst_7         = 0.3009


Inferred ancestry of individuals:
        Label (%Miss) :  Inferred clusters
  1 torg1245   (21)   :  0.016 0.216 0.379 0.076 0.044 0.077 0.191 
  2 oldj1239   (14)   :  0.056 0.102 0.074 0.183 0.322 0.158 0.105 
  3 crim1257    (0)   :  0.006 0.176 0.519 0.045 0.014 0.046 0.193 
  4 bash1264    (7)   :  0.006 0.173 0.518 0.048 0.015 0.045 0.195 
  5 anat1259    (0)   :  0.022 0.167 0.500 0.057 0.012 0.058 0.183 
  6 okin1246    (0)   :  0.943 0.009 0.010 0.010 0.007 0.011 0.010 
  7 yaku1245    (0)   :  0.013 0.237 0.220 0.130 0.091 0.111 0.198 
  8 daur1238    (0)   :  0.006 0.250 0.103 0.177 0.091 0.168 0.206 
  9 east2337   (14)   :  0.009 0.182 0.103 0.159 0.094 0.257 0.196 
 10 ikem1235    (7)   :  0.919 0.015 0.012 0.011 0.010 0.019 0.013 
 11 sibe1251    (0)   :  0.005 0.015 0.015 0.294 0.643 0.013 0.014 
 12 nort2697    (0)   :  0.023 0.169 0.495 0.058 0.013 0.054 0.188 
 13 bona1250    (0)   :  0.035 0.184 0.096 0.137 0.105 0.254 0.190 
 14 ulch1241   (14)   :  0.010 0.131 0.095 0.206 0.349 0.099 0.110 
 15 nort2935   (14)   :  0.898 0.016 0.014 0.017 0.018 0.021 0.016 
 16 gaga1249    (0)   :  0.046 0.196 0.415 0.068 0.028 0.069 0.179 
 17 tara1319    (0)   :  0.935 0.012 0.009 0.011 0.007 0.015 0.011 
 18 moma1245   (21)   :  0.012 0.033 0.026 0.268 0.582 0.043 0.036 
 19 manc1252    (0)   :  0.019 0.137 0.138 0.179 0.181 0.189 0.158 
 20 shor1247    (0)   :  0.008 0.221 0.415 0.065 0.040 0.060 0.190 
 21 kaza1248    (0)   :  0.006 0.173 0.533 0.041 0.009 0.042 0.194 
 22 midd1351   (14)   :  0.021 0.170 0.325 0.112 0.049 0.133 0.190 
 23 chag1247   (71)   :  0.071 0.169 0.144 0.152 0.083 0.204 0.176 
 24 huih1238   (14)   :  0.021 0.054 0.043 0.266 0.503 0.062 0.051 
 25 ordo1245    (0)   :  0.006 0.233 0.106 0.178 0.097 0.166 0.214 
 26 turk1303    (0)   :  0.009 0.214 0.415 0.070 0.040 0.060 0.192 
 27 negi1245    (0)   :  0.017 0.014 0.010 0.291 0.640 0.016 0.011 
 28 nana1257    (0)   :  0.011 0.017 0.015 0.292 0.627 0.020 0.017 
 29 nort2690    (7)   :  0.051 0.164 0.194 0.140 0.062 0.208 0.183 
 30 shur1243    (0)   :  0.937 0.009 0.008 0.012 0.012 0.012 0.010 
 31 minh1238    (0)   :  0.062 0.176 0.097 0.141 0.076 0.259 0.189 
 32 udih1248    (0)   :  0.017 0.028 0.023 0.276 0.599 0.030 0.027 
 33 oira1262   (14)   :  0.010 0.240 0.212 0.142 0.068 0.139 0.189 
 34 hate1238    (7)   :  0.730 0.045 0.049 0.041 0.036 0.049 0.049 
 35 tata1255    (0)   :  0.006 0.174 0.527 0.046 0.011 0.042 0.194 
 36 turk1304    (0)   :  0.008 0.222 0.413 0.072 0.039 0.064 0.182 
 37 oroc1248    (0)   :  0.014 0.023 0.023 0.284 0.605 0.027 0.024 
 38 chuv1255    (0)   :  0.021 0.196 0.195 0.141 0.066 0.179 0.203 
 39 noga1249   (14)   :  0.021 0.174 0.323 0.110 0.054 0.134 0.183 
 40 dong1285    (7)   :  0.013 0.182 0.098 0.169 0.096 0.255 0.186 
 41 halh1238   (14)   :  0.014 0.202 0.106 0.165 0.097 0.232 0.185 
 42 ogam1239    (0)   :  0.727 0.049 0.031 0.043 0.025 0.070 0.055 
 43 cent2126    (7)   :  0.922 0.012 0.013 0.014 0.011 0.015 0.013 
 44 yona1241   (14)   :  0.026 0.180 0.097 0.148 0.098 0.270 0.182 
 45 kore1280    (0)   :  0.025 0.179 0.098 0.157 0.080 0.278 0.184 
 46 tuvi1240    (0)   :  0.009 0.242 0.135 0.167 0.086 0.154 0.206 
 47 huzh1238    (7)   :  0.031 0.180 0.087 0.153 0.087 0.273 0.189 
 48 khak1248    (0)   :  0.009 0.219 0.422 0.069 0.040 0.061 0.181 
 49 oldu1238    (7)   :  0.009 0.218 0.412 0.064 0.039 0.064 0.196 
 50 nucl1643    (0)   :  0.942 0.009 0.011 0.010 0.008 0.010 0.010 
 51 orok1265   (14)   :  0.014 0.012 0.008 0.290 0.655 0.011 0.010 
 52 midd1372   (14)   :  0.014 0.180 0.101 0.152 0.095 0.273 0.186 
 53 mogh1245   (28)   :  0.039 0.157 0.231 0.127 0.096 0.175 0.175 
 54 uigh1240    (7)   :  0.007 0.176 0.514 0.045 0.013 0.047 0.198 
 55 kara1467   (14)   :  0.007 0.175 0.511 0.046 0.013 0.050 0.199 
 56 russ1264   (14)   :  0.012 0.218 0.398 0.075 0.042 0.072 0.182 
 57 sout2954    (0)   :  0.936 0.010 0.009 0.010 0.012 0.012 0.011 
 58 berj1234    (0)   :  0.009 0.014 0.010 0.289 0.646 0.017 0.015 
 59 kham1281    (0)   :  0.014 0.237 0.225 0.131 0.089 0.117 0.187 
 60 dolg1241    (0)   :  0.008 0.225 0.407 0.071 0.034 0.064 0.191 


Estimated Allele Frequencies in each cluster
First column gives estimated ancestral frequencies


Locus 1 : TE003 
2 alleles
3.3% missing data
   1   (0.472) 0.024 0.685 0.823 0.433 0.218 0.517 0.653 
   0   (0.528) 0.976 0.315 0.177 0.567 0.782 0.483 0.347 

Locus 2 : TE004 
2 alleles
3.3% missing data
   0   (0.816) 0.992 0.909 0.940 0.700 0.490 0.843 0.893 
   1   (0.184) 0.008 0.091 0.060 0.300 0.510 0.157 0.107 

Locus 3 : TE005 
2 alleles
18.3% missing data
   0   (0.783) 0.989 0.875 0.923 0.622 0.331 0.811 0.865 
   1   (0.217) 0.011 0.125 0.077 0.378 0.669 0.189 0.135 

Locus 4 : TE006 
2 alleles
26.7% missing data
   0   (0.624) 0.096 0.767 0.861 0.770 0.879 0.641 0.743 
   1   (0.376) 0.904 0.233 0.139 0.230 0.121 0.359 0.257 

Locus 5 : TE007 
2 alleles
6.7% missing data
   0   (0.720) 0.714 0.821 0.906 0.840 0.910 0.737 0.807 
   1   (0.280) 0.286 0.179 0.094 0.160 0.090 0.263 0.193 

Locus 6 : TE008 
2 alleles
1.7% missing data
   1   (0.618) 0.937 0.680 0.843 0.731 0.853 0.618 0.683 
   0   (0.382) 0.063 0.320 0.157 0.269 0.147 0.382 0.317 

Locus 7 : TE031 
2 alleles
1.7% missing data
   1   (0.764) 0.037 0.847 0.826 0.863 0.939 0.790 0.832 
   0   (0.236) 0.963 0.153 0.174 0.137 0.061 0.210 0.168 

Locus 8 : TE037 
2 alleles
1.7% missing data
   1   (0.546) 0.611 0.617 0.808 0.434 0.236 0.554 0.621 
   0   (0.454) 0.389 0.383 0.192 0.566 0.764 0.446 0.379 

Locus 9 : TE038 
2 alleles
1.7% missing data
   1   (0.717) 0.035 0.838 0.905 0.756 0.698 0.754 0.832 
   0   (0.283) 0.965 0.162 0.095 0.244 0.302 0.246 0.168 

Locus 10 : TE039 
2 alleles
5.0% missing data
   1   (0.593) 0.972 0.624 0.481 0.712 0.841 0.586 0.584 
   0   (0.407) 0.028 0.376 0.519 0.288 0.159 0.414 0.416 

Locus 11 : TE078 
2 alleles
3.3% missing data
   0   (0.818) 0.992 0.884 0.938 0.891 0.941 0.822 0.876 
   1   (0.182) 0.008 0.116 0.062 0.109 0.059 0.178 0.124 

Locus 12 : TS079 
2 alleles
10.0% missing data
   0   (0.865) 0.994 0.930 0.958 0.775 0.623 0.893 0.922 
   1   (0.135) 0.006 0.070 0.042 0.225 0.377 0.107 0.078 

Locus 13 : TS080 
2 alleles
10.0% missing data
   0   (0.708) 0.987 0.450 0.281 0.641 0.717 0.659 0.486 
   1   (0.292) 0.013 0.550 0.719 0.359 0.283 0.341 0.514 

Locus 14 : TS088 
2 alleles
1.7% missing data
   0   (0.567) 0.978 0.651 0.835 0.704 0.838 0.563 0.648 
   1   (0.433) 0.022 0.349 0.165 0.296 0.162 0.437 0.352 

Values of parameters used in structure:
DATAFILE=phonology_structure,	OUTFILE=outfile_phonology_structure_K7_run29,	NUMINDS=60,	NUMLOCI=14,	MISSING=-9,	LABEL=1,	POPDATA=0,	POPFLAG=0,	PHENOTYPE=0,	EXTRACOLS=0,	MAXPOPS=7,	BURNIN=10000,	NUMREPS=100000,	USEPOPINFO=0,	INFERALPHA=1,	INFERLAMBDA=0,	POPSPECIFICLAMBDA=0,	POPALPHAS=0,	COMPUTEPROB=1,	NOADMIX=0,	ADMBURNIN=500,	UPDATEFREQ=100,	PRINTLIKES=0,	INTERMEDSAVE=0,	PRINTKLD=0,	PRINTNET=1,	PRINTLAMBDA=1,	ANCESTDIST=0,	NUMBOXES=1000,	ANCESTPINT=0.90000,	GENSBACK=2,	MIGRPRIOR=0.01000,	PRINTQHAT=0,	PRINTQSUM=1,	ALPHA=1.0000,	FREQSCORR=1,	FPRIORMEAN=0.0100,	FPRIORSD=0.0500,	ONEFST=0,	LAMBDA=1.0000,	UNIFPRIORALPHA=1,	ALPHAMAX=10.0000,	ALPHAPRIORA=1.0000,	ALPHAPRIORB=2.0000,	ALPHAPROPSD=0.0250,	STARTATPOPINFO=0,	RANDOMIZE=1,	LINKAGE=0,	METROFREQ=10,	REPORTHITRATE=0,	MARKOVPHASE=0,	PHASED=0,	PLOIDY=1,	PHASEINFO=0	LOCPRIOR=0, 	LOCPRIORINIT=1.000000, 	LOCDATA=0, 	LOCISPOP=0, 	LOCPRIORSTEP=0.100000, 	MAXLOCPRIOR=20.000000, 	SEED=1641275629,	
[STRAT parameters]:    NUMSIMSTATS=1000,	PHENOTYPECOL=-9,	POOLFREQ=10,	LOCUSxONLY=0,	EMERROR=0.00100,	MISSINGPHENO=-9,	