

----------------------------------------------------
STRUCTURE by Pritchard, Stephens and Donnelly (2000)
     and Falush, Stephens and Pritchard (2003)
       Code by Pritchard, Falush and Hubisz
             Version 2.3.4 (Jul 2012)
----------------------------------------------------



Command line arguments:   ./structure -m mainparams -K 7 -i phonology_structure -L 14 -o outfile_phonology_structure_K7_run22 
Input File:    phonology_structure

Run parameters:
   60 individuals
   14 loci
   7 populations assumed
   10000 Burn-in period
   100000 Reps


--------------------------------------------
Overall proportion of membership of the
sample in each of the 7 clusters

Inferred Clusters
  1      2      3      4      5      6      7    
0.126  0.101  0.156  0.148  0.165  0.190  0.114  

--------------------------------------------

Allele-freq. divergence among pops (Net nucleotide distance),
computed using point estimates of P.

      1       2       3       4       5       6       7      
 1      -    0.0099  0.1545  0.0059  0.1970  0.0122  0.0048  
 2   0.0099     -    0.1321  0.0253  0.1685  0.0434  0.0018  
 3   0.1545  0.1321     -    0.1691  0.2752  0.2001  0.1395  
 4   0.0059  0.0253  0.1691     -    0.2296  0.0065  0.0190  
 5   0.1970  0.1685  0.2752  0.2296     -    0.2530  0.1746  
 6   0.0122  0.0434  0.2001  0.0065  0.2530     -    0.0304  
 7   0.0048  0.0018  0.1395  0.0190  0.1746  0.0304     -    

Average distances (expected heterozygosity) between individuals in same cluster:
cluster  1  : 0.3511 
cluster  2  : 0.3969 
cluster  3  : 0.1984 
cluster  4  : 0.2915 
cluster  5  : 0.1099 
cluster  6  : 0.2516 
cluster  7  : 0.3847 

--------------------------------------------
Estimated Ln Prob of Data   = -326.8
Mean value of ln likelihood = -228.9
Variance of ln likelihood   = 195.7
Mean value of alpha         = 0.0391

Mean value of Fst_1         = 0.3310
Mean value of Fst_2         = 0.1068
Mean value of Fst_3         = 0.5740
Mean value of Fst_4         = 0.4741
Mean value of Fst_5         = 0.7207
Mean value of Fst_6         = 0.5506
Mean value of Fst_7         = 0.1696


Inferred ancestry of individuals:
        Label (%Miss) :  Inferred clusters
  1 torg1245   (21)   :  0.133 0.073 0.015 0.305 0.015 0.356 0.102 
  2 oldj1239   (14)   :  0.121 0.184 0.316 0.087 0.057 0.066 0.170 
  3 crim1257    (0)   :  0.185 0.024 0.007 0.156 0.006 0.488 0.134 
  4 bash1264    (7)   :  0.185 0.026 0.007 0.161 0.006 0.479 0.136 
  5 anat1259    (0)   :  0.214 0.036 0.007 0.135 0.022 0.451 0.135 
  6 okin1246    (0)   :  0.010 0.011 0.007 0.009 0.944 0.009 0.010 
  7 yaku1245    (0)   :  0.193 0.102 0.034 0.369 0.014 0.217 0.072 
  8 daur1238    (0)   :  0.199 0.188 0.011 0.313 0.006 0.171 0.111 
  9 east2337   (14)   :  0.180 0.284 0.022 0.138 0.009 0.110 0.258 
 10 ikem1235    (7)   :  0.014 0.019 0.007 0.013 0.921 0.010 0.015 
 11 sibe1251    (0)   :  0.020 0.020 0.896 0.021 0.006 0.020 0.017 
 12 nort2697    (0)   :  0.211 0.036 0.006 0.142 0.022 0.448 0.135 
 13 bona1250    (0)   :  0.169 0.270 0.033 0.131 0.034 0.102 0.262 
 14 ulch1241   (14)   :  0.133 0.118 0.383 0.153 0.011 0.106 0.096 
 15 nort2935   (14)   :  0.016 0.017 0.016 0.013 0.908 0.013 0.018 
 16 gaga1249    (0)   :  0.161 0.063 0.010 0.212 0.054 0.383 0.117 
 17 tara1319    (0)   :  0.010 0.015 0.006 0.009 0.940 0.008 0.012 
 18 moma1245   (21)   :  0.041 0.053 0.786 0.034 0.012 0.028 0.047 
 19 manc1252    (0)   :  0.137 0.181 0.214 0.115 0.020 0.134 0.199 
 20 shor1247    (0)   :  0.131 0.058 0.011 0.306 0.009 0.388 0.098 
 21 kaza1248    (0)   :  0.180 0.026 0.007 0.164 0.006 0.481 0.136 
 22 midd1351   (14)   :  0.206 0.104 0.025 0.156 0.022 0.296 0.190 
 23 chag1247   (71)   :  0.186 0.211 0.035 0.148 0.071 0.149 0.201 
 24 huih1238   (14)   :  0.049 0.057 0.721 0.055 0.021 0.043 0.053 
 25 ordo1245    (0)   :  0.199 0.171 0.012 0.325 0.006 0.177 0.110 
 26 turk1303    (0)   :  0.125 0.058 0.009 0.313 0.008 0.387 0.100 
 27 negi1245    (0)   :  0.014 0.025 0.897 0.012 0.019 0.013 0.019 
 28 nana1257    (0)   :  0.021 0.030 0.874 0.018 0.012 0.017 0.029 
 29 nort2690    (7)   :  0.201 0.180 0.014 0.135 0.053 0.186 0.231 
 30 shur1243    (0)   :  0.010 0.012 0.012 0.010 0.936 0.009 0.010 
 31 minh1238    (0)   :  0.182 0.262 0.013 0.138 0.061 0.098 0.246 
 32 udih1248    (0)   :  0.033 0.041 0.815 0.029 0.018 0.028 0.037 
 33 oira1262   (14)   :  0.171 0.139 0.015 0.314 0.011 0.233 0.117 
 34 hate1238    (7)   :  0.045 0.049 0.029 0.043 0.744 0.040 0.050 
 35 tata1255    (0)   :  0.186 0.025 0.007 0.163 0.006 0.479 0.134 
 36 turk1304    (0)   :  0.133 0.058 0.010 0.311 0.009 0.384 0.095 
 37 oroc1248    (0)   :  0.026 0.033 0.849 0.022 0.014 0.026 0.030 
 38 chuv1255    (0)   :  0.226 0.169 0.014 0.201 0.025 0.213 0.152 
 39 noga1249   (14)   :  0.214 0.108 0.025 0.154 0.023 0.299 0.176 
 40 dong1285    (7)   :  0.182 0.271 0.022 0.147 0.013 0.113 0.252 
 41 halh1238   (14)   :  0.181 0.256 0.023 0.169 0.014 0.135 0.222 
 42 ogam1239    (0)   :  0.050 0.076 0.010 0.037 0.738 0.029 0.060 
 43 cent2126    (7)   :  0.012 0.014 0.010 0.010 0.931 0.012 0.011 
 44 yona1241   (14)   :  0.194 0.270 0.032 0.129 0.027 0.115 0.234 
 45 kore1280    (0)   :  0.184 0.273 0.015 0.147 0.027 0.121 0.234 
 46 tuvi1240    (0)   :  0.203 0.151 0.018 0.357 0.009 0.175 0.088 
 47 huzh1238    (7)   :  0.171 0.279 0.015 0.139 0.032 0.107 0.257 
 48 khak1248    (0)   :  0.134 0.060 0.010 0.304 0.008 0.384 0.099 
 49 oldu1238    (7)   :  0.127 0.060 0.012 0.313 0.008 0.377 0.103 
 50 nucl1643    (0)   :  0.009 0.011 0.008 0.009 0.945 0.009 0.009 
 51 orok1265   (14)   :  0.013 0.018 0.915 0.010 0.014 0.012 0.019 
 52 midd1372   (14)   :  0.183 0.285 0.023 0.137 0.013 0.110 0.249 
 53 mogh1245   (28)   :  0.182 0.158 0.082 0.141 0.038 0.209 0.189 
 54 uigh1240    (7)   :  0.187 0.026 0.007 0.157 0.007 0.481 0.135 
 55 kara1467   (14)   :  0.184 0.030 0.009 0.162 0.007 0.473 0.133 
 56 russ1264   (14)   :  0.133 0.069 0.016 0.303 0.011 0.361 0.106 
 57 sout2954    (0)   :  0.011 0.011 0.011 0.010 0.939 0.008 0.010 
 58 berj1234    (0)   :  0.013 0.022 0.901 0.014 0.009 0.016 0.024 
 59 kham1281    (0)   :  0.189 0.101 0.034 0.373 0.014 0.214 0.075 
 60 dolg1241    (0)   :  0.127 0.061 0.009 0.307 0.009 0.390 0.096 


Estimated Allele Frequencies in each cluster
First column gives estimated ancestral frequencies


Locus 1 : TE003 
2 alleles
3.3% missing data
   1   (0.467) 0.684 0.523 0.065 0.761 0.022 0.824 0.562 
   0   (0.533) 0.316 0.477 0.935 0.239 0.978 0.176 0.438 

Locus 2 : TE004 
2 alleles
3.3% missing data
   0   (0.847) 0.923 0.872 0.312 0.937 0.993 0.946 0.881 
   1   (0.153) 0.077 0.128 0.688 0.063 0.007 0.054 0.119 

Locus 3 : TE005 
2 alleles
18.3% missing data
   0   (0.710) 0.815 0.741 0.121 0.889 0.987 0.916 0.766 
   1   (0.290) 0.185 0.259 0.879 0.111 0.013 0.084 0.234 

Locus 4 : TE006 
2 alleles
26.7% missing data
   0   (0.632) 0.763 0.661 0.963 0.830 0.097 0.866 0.686 
   1   (0.368) 0.237 0.339 0.037 0.170 0.903 0.134 0.314 

Locus 5 : TE007 
2 alleles
6.7% missing data
   0   (0.677) 0.795 0.704 0.967 0.876 0.713 0.893 0.725 
   1   (0.323) 0.205 0.296 0.033 0.124 0.287 0.107 0.275 

Locus 6 : TE008 
2 alleles
1.7% missing data
   1   (0.586) 0.676 0.576 0.957 0.687 0.937 0.787 0.643 
   0   (0.414) 0.324 0.424 0.043 0.313 0.063 0.213 0.357 

Locus 7 : TE031 
2 alleles
1.7% missing data
   1   (0.784) 0.805 0.809 0.978 0.888 0.035 0.861 0.816 
   0   (0.216) 0.195 0.191 0.022 0.112 0.965 0.139 0.184 

Locus 8 : TE037 
2 alleles
1.7% missing data
   1   (0.524) 0.603 0.521 0.124 0.597 0.610 0.752 0.601 
   0   (0.476) 0.397 0.479 0.876 0.403 0.390 0.248 0.399 

Locus 9 : TE038 
2 alleles
1.7% missing data
   1   (0.728) 0.835 0.759 0.668 0.881 0.034 0.917 0.785 
   0   (0.272) 0.165 0.241 0.332 0.119 0.966 0.083 0.215 

Locus 10 : TE039 
2 alleles
5.0% missing data
   1   (0.573) 0.548 0.606 0.929 0.690 0.973 0.507 0.531 
   0   (0.427) 0.452 0.394 0.071 0.310 0.027 0.493 0.469 

Locus 11 : TE078 
2 alleles
3.3% missing data
   0   (0.807) 0.862 0.817 0.981 0.913 0.992 0.937 0.837 
   1   (0.193) 0.138 0.183 0.019 0.087 0.008 0.063 0.163 

Locus 12 : TS079 
2 alleles
10.0% missing data
   0   (0.836) 0.908 0.859 0.494 0.945 0.993 0.955 0.870 
   1   (0.164) 0.092 0.141 0.506 0.055 0.007 0.045 0.130 

Locus 13 : TS080 
2 alleles
10.0% missing data
   0   (0.781) 0.513 0.714 0.786 0.352 0.990 0.282 0.674 
   1   (0.219) 0.487 0.286 0.214 0.648 0.010 0.718 0.326 

Locus 14 : TS088 
2 alleles
1.7% missing data
   0   (0.540) 0.665 0.540 0.954 0.682 0.978 0.779 0.592 
   1   (0.460) 0.335 0.460 0.046 0.318 0.022 0.221 0.408 

Values of parameters used in structure:
DATAFILE=phonology_structure,	OUTFILE=outfile_phonology_structure_K7_run22,	NUMINDS=60,	NUMLOCI=14,	MISSING=-9,	LABEL=1,	POPDATA=0,	POPFLAG=0,	PHENOTYPE=0,	EXTRACOLS=0,	MAXPOPS=7,	BURNIN=10000,	NUMREPS=100000,	USEPOPINFO=0,	INFERALPHA=1,	INFERLAMBDA=0,	POPSPECIFICLAMBDA=0,	POPALPHAS=0,	COMPUTEPROB=1,	NOADMIX=0,	ADMBURNIN=500,	UPDATEFREQ=100,	PRINTLIKES=0,	INTERMEDSAVE=0,	PRINTKLD=0,	PRINTNET=1,	PRINTLAMBDA=1,	ANCESTDIST=0,	NUMBOXES=1000,	ANCESTPINT=0.90000,	GENSBACK=2,	MIGRPRIOR=0.01000,	PRINTQHAT=0,	PRINTQSUM=1,	ALPHA=1.0000,	FREQSCORR=1,	FPRIORMEAN=0.0100,	FPRIORSD=0.0500,	ONEFST=0,	LAMBDA=1.0000,	UNIFPRIORALPHA=1,	ALPHAMAX=10.0000,	ALPHAPRIORA=1.0000,	ALPHAPRIORB=2.0000,	ALPHAPROPSD=0.0250,	STARTATPOPINFO=0,	RANDOMIZE=1,	LINKAGE=0,	METROFREQ=10,	REPORTHITRATE=0,	MARKOVPHASE=0,	PHASED=0,	PLOIDY=1,	PHASEINFO=0	LOCPRIOR=0, 	LOCPRIORINIT=1.000000, 	LOCDATA=0, 	LOCISPOP=0, 	LOCPRIORSTEP=0.100000, 	MAXLOCPRIOR=20.000000, 	SEED=1641259805,	
[STRAT parameters]:    NUMSIMSTATS=1000,	PHENOTYPECOL=-9,	POOLFREQ=10,	LOCUSxONLY=0,	EMERROR=0.00100,	MISSINGPHENO=-9,	