

----------------------------------------------------
STRUCTURE by Pritchard, Stephens and Donnelly (2000)
     and Falush, Stephens and Pritchard (2003)
       Code by Pritchard, Falush and Hubisz
             Version 2.3.4 (Jul 2012)
----------------------------------------------------



Command line arguments:   ./structure -m mainparams -K 6 -i phonology_structure -L 14 -o outfile_phonology_structure_K6_run8 
Input File:    phonology_structure

Run parameters:
   60 individuals
   14 loci
   6 populations assumed
   10000 Burn-in period
   100000 Reps


--------------------------------------------
Overall proportion of membership of the
sample in each of the 6 clusters

Inferred Clusters
  1      2      3      4      5      6    
0.190  0.154  0.135  0.168  0.185  0.168  

--------------------------------------------

Allele-freq. divergence among pops (Net nucleotide distance),
computed using point estimates of P.

      1       2       3       4       5       6      
 1      -    0.0111  0.0232  0.2294  0.0022  0.1872  
 2   0.0111     -    0.0041  0.1951  0.0056  0.1528  
 3   0.0232  0.0041     -    0.1697  0.0178  0.1400  
 4   0.2294  0.1951  0.1697     -    0.2280  0.2736  
 5   0.0022  0.0056  0.0178  0.2280     -    0.1775  
 6   0.1872  0.1528  0.1400  0.2736  0.1775     -    

Average distances (expected heterozygosity) between individuals in same cluster:
cluster  1  : 0.2826 
cluster  2  : 0.3481 
cluster  3  : 0.3880 
cluster  4  : 0.1124 
cluster  5  : 0.2911 
cluster  6  : 0.1968 

--------------------------------------------
Estimated Ln Prob of Data   = -320.9
Mean value of ln likelihood = -229.2
Variance of ln likelihood   = 183.5
Mean value of alpha         = 0.0398

Mean value of Fst_1         = 0.4576
Mean value of Fst_2         = 0.3264
Mean value of Fst_3         = 0.1600
Mean value of Fst_4         = 0.7117
Mean value of Fst_5         = 0.4606
Mean value of Fst_6         = 0.5698


Inferred ancestry of individuals:
        Label (%Miss) :  Inferred clusters
  1 torg1245   (21)   :  0.293 0.218 0.132 0.016 0.324 0.017 
  2 oldj1239   (14)   :  0.100 0.132 0.188 0.054 0.079 0.447 
  3 crim1257    (0)   :  0.444 0.148 0.084 0.006 0.311 0.007 
  4 bash1264    (7)   :  0.433 0.149 0.084 0.006 0.321 0.007 
  5 anat1259    (0)   :  0.443 0.143 0.080 0.024 0.304 0.006 
  6 okin1246    (0)   :  0.009 0.010 0.011 0.953 0.009 0.008 
  7 yaku1245    (0)   :  0.204 0.277 0.149 0.014 0.317 0.039 
  8 daur1238    (0)   :  0.176 0.299 0.233 0.007 0.274 0.012 
  9 east2337   (14)   :  0.168 0.246 0.369 0.010 0.184 0.024 
 10 ikem1235    (7)   :  0.014 0.013 0.020 0.933 0.012 0.008 
 11 sibe1251    (0)   :  0.015 0.016 0.013 0.005 0.016 0.934 
 12 nort2697    (0)   :  0.438 0.140 0.082 0.023 0.311 0.007 
 13 bona1250    (0)   :  0.146 0.248 0.346 0.040 0.180 0.040 
 14 ulch1241   (14)   :  0.113 0.147 0.121 0.010 0.133 0.477 
 15 nort2935   (14)   :  0.013 0.016 0.020 0.917 0.015 0.018 
 16 gaga1249    (0)   :  0.335 0.191 0.102 0.053 0.309 0.010 
 17 tara1319    (0)   :  0.010 0.012 0.011 0.951 0.010 0.006 
 18 moma1245   (21)   :  0.029 0.036 0.038 0.013 0.029 0.855 
 19 manc1252    (0)   :  0.199 0.166 0.221 0.021 0.144 0.250 
 20 shor1247    (0)   :  0.290 0.227 0.127 0.009 0.338 0.010 
 21 kaza1248    (0)   :  0.433 0.149 0.084 0.006 0.321 0.007 
 22 midd1351   (14)   :  0.395 0.162 0.128 0.024 0.264 0.027 
 23 chag1247   (71)   :  0.214 0.218 0.244 0.091 0.193 0.039 
 24 huih1238   (14)   :  0.046 0.054 0.057 0.022 0.053 0.769 
 25 ordo1245    (0)   :  0.171 0.293 0.243 0.007 0.276 0.012 
 26 turk1303    (0)   :  0.272 0.226 0.127 0.009 0.354 0.011 
 27 negi1245    (0)   :  0.011 0.015 0.016 0.019 0.010 0.930 
 28 nana1257    (0)   :  0.016 0.017 0.019 0.012 0.017 0.919 
 29 nort2690    (7)   :  0.299 0.207 0.209 0.070 0.203 0.012 
 30 shur1243    (0)   :  0.010 0.010 0.013 0.946 0.009 0.012 
 31 minh1238    (0)   :  0.157 0.260 0.320 0.063 0.193 0.007 
 32 udih1248    (0)   :  0.024 0.028 0.029 0.016 0.028 0.875 
 33 oira1262   (14)   :  0.232 0.278 0.185 0.011 0.280 0.014 
 34 hate1238    (7)   :  0.051 0.041 0.054 0.775 0.046 0.033 
 35 tata1255    (0)   :  0.438 0.149 0.084 0.006 0.316 0.007 
 36 turk1304    (0)   :  0.278 0.223 0.129 0.009 0.351 0.010 
 37 oroc1248    (0)   :  0.022 0.024 0.024 0.016 0.023 0.891 
 38 chuv1255    (0)   :  0.276 0.227 0.219 0.025 0.241 0.012 
 39 noga1249   (14)   :  0.393 0.157 0.132 0.022 0.268 0.027 
 40 dong1285    (7)   :  0.180 0.257 0.350 0.013 0.182 0.017 
 41 halh1238   (14)   :  0.181 0.278 0.297 0.016 0.207 0.020 
 42 ogam1239    (0)   :  0.039 0.063 0.076 0.768 0.044 0.010 
 43 cent2126    (7)   :  0.014 0.013 0.014 0.938 0.012 0.010 
 44 yona1241   (14)   :  0.165 0.253 0.353 0.028 0.173 0.029 
 45 kore1280    (0)   :  0.163 0.250 0.370 0.027 0.181 0.009 
 46 tuvi1240    (0)   :  0.181 0.309 0.189 0.010 0.290 0.021 
 47 huzh1238    (7)   :  0.163 0.274 0.325 0.033 0.195 0.010 
 48 khak1248    (0)   :  0.284 0.230 0.129 0.009 0.338 0.010 
 49 oldu1238    (7)   :  0.282 0.227 0.121 0.009 0.348 0.013 
 50 nucl1643    (0)   :  0.009 0.009 0.011 0.955 0.009 0.007 
 51 orok1265   (14)   :  0.008 0.011 0.012 0.014 0.011 0.944 
 52 midd1372   (14)   :  0.160 0.265 0.351 0.014 0.194 0.017 
 53 mogh1245   (28)   :  0.292 0.166 0.181 0.044 0.211 0.106 
 54 uigh1240    (7)   :  0.436 0.152 0.087 0.007 0.310 0.007 
 55 kara1467   (14)   :  0.438 0.145 0.083 0.007 0.318 0.008 
 56 russ1264   (14)   :  0.276 0.210 0.135 0.011 0.353 0.016 
 57 sout2954    (0)   :  0.010 0.011 0.012 0.945 0.010 0.012 
 58 berj1234    (0)   :  0.013 0.013 0.013 0.009 0.011 0.941 
 59 kham1281    (0)   :  0.205 0.280 0.148 0.013 0.313 0.041 
 60 dolg1241    (0)   :  0.284 0.224 0.124 0.009 0.348 0.010 


Estimated Allele Frequencies in each cluster
First column gives estimated ancestral frequencies


Locus 1 : TE003 
2 alleles
3.3% missing data
   1   (0.452) 0.768 0.666 0.549 0.023 0.761 0.066 
   0   (0.548) 0.232 0.334 0.451 0.977 0.239 0.934 

Locus 2 : TE004 
2 alleles
3.3% missing data
   0   (0.825) 0.932 0.902 0.864 0.992 0.938 0.332 
   1   (0.175) 0.068 0.098 0.136 0.008 0.062 0.668 

Locus 3 : TE005 
2 alleles
18.3% missing data
   0   (0.774) 0.908 0.857 0.818 0.989 0.919 0.121 
   1   (0.226) 0.092 0.143 0.182 0.011 0.081 0.879 

Locus 4 : TE006 
2 alleles
26.7% missing data
   0   (0.638) 0.830 0.744 0.683 0.102 0.838 0.969 
   1   (0.362) 0.170 0.256 0.317 0.898 0.162 0.031 

Locus 5 : TE007 
2 alleles
6.7% missing data
   0   (0.696) 0.876 0.795 0.739 0.710 0.864 0.972 
   1   (0.304) 0.124 0.205 0.261 0.290 0.136 0.028 

Locus 6 : TE008 
2 alleles
1.7% missing data
   1   (0.601) 0.785 0.649 0.620 0.930 0.726 0.966 
   0   (0.399) 0.215 0.351 0.380 0.070 0.274 0.034 

Locus 7 : TE031 
2 alleles
1.7% missing data
   1   (0.769) 0.825 0.847 0.812 0.036 0.855 0.981 
   0   (0.231) 0.175 0.153 0.188 0.964 0.145 0.019 

Locus 8 : TE037 
2 alleles
1.7% missing data
   1   (0.504) 0.737 0.573 0.543 0.611 0.655 0.119 
   0   (0.496) 0.263 0.427 0.457 0.389 0.345 0.881 

Locus 9 : TE038 
2 alleles
1.7% missing data
   1   (0.681) 0.880 0.812 0.741 0.034 0.879 0.662 
   0   (0.319) 0.120 0.188 0.259 0.966 0.121 0.338 

Locus 10 : TE039 
2 alleles
5.0% missing data
   1   (0.603) 0.460 0.656 0.614 0.973 0.590 0.925 
   0   (0.397) 0.540 0.344 0.386 0.027 0.410 0.075 

Locus 11 : TE078 
2 alleles
3.3% missing data
   0   (0.801) 0.912 0.869 0.821 0.991 0.902 0.984 
   1   (0.199) 0.088 0.131 0.179 0.009 0.098 0.016 

Locus 12 : TS079 
2 alleles
10.0% missing data
   0   (0.859) 0.952 0.928 0.898 0.994 0.945 0.505 
   1   (0.141) 0.048 0.072 0.102 0.006 0.055 0.495 

Locus 13 : TS080 
2 alleles
10.0% missing data
   0   (0.700) 0.359 0.470 0.598 0.987 0.343 0.772 
   1   (0.300) 0.641 0.530 0.402 0.013 0.657 0.228 

Locus 14 : TS088 
2 alleles
1.7% missing data
   0   (0.508) 0.755 0.601 0.536 0.976 0.706 0.959 
   1   (0.492) 0.245 0.399 0.464 0.024 0.294 0.041 

Values of parameters used in structure:
DATAFILE=phonology_structure,	OUTFILE=outfile_phonology_structure_K6_run8,	NUMINDS=60,	NUMLOCI=14,	MISSING=-9,	LABEL=1,	POPDATA=0,	POPFLAG=0,	PHENOTYPE=0,	EXTRACOLS=0,	MAXPOPS=6,	BURNIN=10000,	NUMREPS=100000,	USEPOPINFO=0,	INFERALPHA=1,	INFERLAMBDA=0,	POPSPECIFICLAMBDA=0,	POPALPHAS=0,	COMPUTEPROB=1,	NOADMIX=0,	ADMBURNIN=500,	UPDATEFREQ=100,	PRINTLIKES=0,	INTERMEDSAVE=0,	PRINTKLD=0,	PRINTNET=1,	PRINTLAMBDA=1,	ANCESTDIST=0,	NUMBOXES=1000,	ANCESTPINT=0.90000,	GENSBACK=2,	MIGRPRIOR=0.01000,	PRINTQHAT=0,	PRINTQSUM=1,	ALPHA=1.0000,	FREQSCORR=1,	FPRIORMEAN=0.0100,	FPRIORSD=0.0500,	ONEFST=0,	LAMBDA=1.0000,	UNIFPRIORALPHA=1,	ALPHAMAX=10.0000,	ALPHAPRIORA=1.0000,	ALPHAPRIORB=2.0000,	ALPHAPROPSD=0.0250,	STARTATPOPINFO=0,	RANDOMIZE=1,	LINKAGE=0,	METROFREQ=10,	REPORTHITRATE=0,	MARKOVPHASE=0,	PHASED=0,	PLOIDY=1,	PHASEINFO=0	LOCPRIOR=0, 	LOCPRIORINIT=1.000000, 	LOCDATA=0, 	LOCISPOP=0, 	LOCPRIORSTEP=0.100000, 	MAXLOCPRIOR=20.000000, 	SEED=1641223360,	
[STRAT parameters]:    NUMSIMSTATS=1000,	PHENOTYPECOL=-9,	POOLFREQ=10,	LOCUSxONLY=0,	EMERROR=0.00100,	MISSINGPHENO=-9,	