

----------------------------------------------------
STRUCTURE by Pritchard, Stephens and Donnelly (2000)
     and Falush, Stephens and Pritchard (2003)
       Code by Pritchard, Falush and Hubisz
             Version 2.3.4 (Jul 2012)
----------------------------------------------------



Command line arguments:   ./structure -m mainparams -K 7 -i phonology_structure -L 14 -o outfile_phonology_structure_K7_run9 
Input File:    phonology_structure

Run parameters:
   60 individuals
   14 loci
   7 populations assumed
   10000 Burn-in period
   100000 Reps


--------------------------------------------
Overall proportion of membership of the
sample in each of the 7 clusters

Inferred Clusters
  1      2      3      4      5      6      7    
0.126  0.103  0.147  0.121  0.179  0.164  0.160  

--------------------------------------------

Allele-freq. divergence among pops (Net nucleotide distance),
computed using point estimates of P.

      1       2       3       4       5       6       7      
 1      -    0.0026  0.0033  0.0019  0.0197  0.1787  0.1488  
 2   0.0026     -    0.0115  0.0058  0.0362  0.1625  0.1417  
 3   0.0033  0.0115     -    0.0040  0.0071  0.2025  0.1689  
 4   0.0019  0.0058  0.0040     -    0.0196  0.1927  0.1513  
 5   0.0197  0.0362  0.0071  0.0196     -    0.2472  0.2025  
 6   0.1787  0.1625  0.2025  0.1927  0.2472     -    0.2784  
 7   0.1488  0.1417  0.1689  0.1513  0.2025  0.2784     -    

Average distances (expected heterozygosity) between individuals in same cluster:
cluster  1  : 0.3663 
cluster  2  : 0.3879 
cluster  3  : 0.3257 
cluster  4  : 0.3499 
cluster  5  : 0.2510 
cluster  6  : 0.1097 
cluster  7  : 0.1927 

--------------------------------------------
Estimated Ln Prob of Data   = -328.3
Mean value of ln likelihood = -232.2
Variance of ln likelihood   = 192.3
Mean value of alpha         = 0.0396

Mean value of Fst_1         = 0.2255
Mean value of Fst_2         = 0.1247
Mean value of Fst_3         = 0.3616
Mean value of Fst_4         = 0.2998
Mean value of Fst_5         = 0.5344
Mean value of Fst_6         = 0.7167
Mean value of Fst_7         = 0.5796


Inferred ancestry of individuals:
        Label (%Miss) :  Inferred clusters
  1 torg1245   (21)   :  0.151 0.090 0.227 0.187 0.314 0.015 0.015 
  2 oldj1239   (14)   :  0.135 0.158 0.106 0.114 0.070 0.057 0.359 
  3 crim1257    (0)   :  0.167 0.041 0.255 0.057 0.467 0.006 0.007 
  4 bash1264    (7)   :  0.165 0.039 0.262 0.057 0.465 0.006 0.007 
  5 anat1259    (0)   :  0.158 0.047 0.253 0.063 0.449 0.023 0.006 
  6 okin1246    (0)   :  0.010 0.012 0.010 0.010 0.009 0.942 0.007 
  7 yaku1245    (0)   :  0.145 0.112 0.191 0.285 0.213 0.014 0.039 
  8 daur1238    (0)   :  0.188 0.164 0.183 0.297 0.150 0.007 0.011 
  9 east2337   (14)   :  0.227 0.267 0.170 0.204 0.098 0.010 0.024 
 10 ikem1235    (7)   :  0.017 0.018 0.016 0.016 0.011 0.914 0.008 
 11 sibe1251    (0)   :  0.015 0.014 0.014 0.016 0.017 0.006 0.919 
 12 nort2697    (0)   :  0.160 0.052 0.257 0.064 0.438 0.022 0.006 
 13 bona1250    (0)   :  0.215 0.272 0.152 0.196 0.094 0.038 0.034 
 14 ulch1241   (14)   :  0.105 0.102 0.103 0.134 0.103 0.010 0.443 
 15 nort2935   (14)   :  0.017 0.018 0.017 0.018 0.014 0.898 0.018 
 16 gaga1249    (0)   :  0.148 0.082 0.230 0.129 0.348 0.052 0.010 
 17 tara1319    (0)   :  0.014 0.014 0.012 0.013 0.009 0.932 0.006 
 18 moma1245   (21)   :  0.043 0.039 0.031 0.037 0.029 0.013 0.808 
 19 manc1252    (0)   :  0.161 0.200 0.159 0.135 0.131 0.020 0.193 
 20 shor1247    (0)   :  0.157 0.075 0.238 0.182 0.328 0.009 0.011 
 21 kaza1248    (0)   :  0.166 0.037 0.260 0.060 0.463 0.006 0.007 
 22 midd1351   (14)   :  0.172 0.135 0.227 0.102 0.318 0.022 0.023 
 23 chag1247   (71)   :  0.191 0.206 0.168 0.181 0.150 0.072 0.032 
 24 huih1238   (14)   :  0.058 0.053 0.049 0.057 0.045 0.021 0.717 
 25 ordo1245    (0)   :  0.173 0.171 0.192 0.294 0.152 0.007 0.011 
 26 turk1303    (0)   :  0.156 0.079 0.236 0.184 0.326 0.009 0.010 
 27 negi1245    (0)   :  0.014 0.014 0.012 0.014 0.010 0.018 0.918 
 28 nana1257    (0)   :  0.019 0.021 0.016 0.019 0.013 0.012 0.900 
 29 nort2690    (7)   :  0.188 0.201 0.196 0.143 0.207 0.055 0.011 
 30 shur1243    (0)   :  0.011 0.012 0.011 0.011 0.008 0.935 0.012 
 31 minh1238    (0)   :  0.224 0.259 0.163 0.200 0.091 0.056 0.007 
 32 udih1248    (0)   :  0.029 0.029 0.024 0.028 0.024 0.017 0.849 
 33 oira1262   (14)   :  0.162 0.149 0.199 0.234 0.232 0.010 0.014 
 34 hate1238    (7)   :  0.050 0.053 0.047 0.042 0.045 0.733 0.030 
 35 tata1255    (0)   :  0.168 0.038 0.260 0.059 0.461 0.007 0.007 
 36 turk1304    (0)   :  0.153 0.075 0.243 0.179 0.330 0.009 0.010 
 37 oroc1248    (0)   :  0.025 0.025 0.022 0.026 0.023 0.014 0.865 
 38 chuv1255    (0)   :  0.183 0.170 0.197 0.209 0.208 0.021 0.012 
 39 noga1249   (14)   :  0.171 0.129 0.230 0.103 0.320 0.022 0.024 
 40 dong1285    (7)   :  0.219 0.250 0.190 0.204 0.108 0.013 0.016 
 41 halh1238   (14)   :  0.220 0.239 0.181 0.203 0.125 0.014 0.018 
 42 ogam1239    (0)   :  0.064 0.070 0.054 0.052 0.025 0.726 0.009 
 43 cent2126    (7)   :  0.012 0.013 0.011 0.012 0.011 0.932 0.009 
 44 yona1241   (14)   :  0.211 0.262 0.174 0.195 0.107 0.025 0.025 
 45 kore1280    (0)   :  0.219 0.255 0.176 0.213 0.105 0.024 0.009 
 46 tuvi1240    (0)   :  0.170 0.145 0.179 0.310 0.167 0.009 0.019 
 47 huzh1238    (7)   :  0.213 0.260 0.173 0.206 0.106 0.033 0.010 
 48 khak1248    (0)   :  0.154 0.082 0.231 0.189 0.326 0.008 0.010 
 49 oldu1238    (7)   :  0.151 0.081 0.244 0.174 0.327 0.009 0.013 
 50 nucl1643    (0)   :  0.010 0.011 0.010 0.010 0.010 0.942 0.007 
 51 orok1265   (14)   :  0.011 0.011 0.010 0.012 0.009 0.014 0.934 
 52 midd1372   (14)   :  0.214 0.268 0.168 0.210 0.110 0.014 0.016 
 53 mogh1245   (28)   :  0.167 0.165 0.191 0.121 0.234 0.040 0.083 
 54 uigh1240    (7)   :  0.165 0.042 0.254 0.057 0.469 0.007 0.007 
 55 kara1467   (14)   :  0.166 0.043 0.257 0.060 0.458 0.007 0.009 
 56 russ1264   (14)   :  0.154 0.083 0.236 0.184 0.316 0.012 0.014 
 57 sout2954    (0)   :  0.012 0.012 0.011 0.010 0.008 0.935 0.012 
 58 berj1234    (0)   :  0.015 0.017 0.013 0.015 0.011 0.009 0.918 
 59 kham1281    (0)   :  0.149 0.110 0.182 0.292 0.214 0.014 0.038 
 60 dolg1241    (0)   :  0.155 0.075 0.235 0.183 0.333 0.009 0.010 


Estimated Allele Frequencies in each cluster
First column gives estimated ancestral frequencies


Locus 1 : TE003 
2 alleles
3.3% missing data
   1   (0.450) 0.597 0.521 0.689 0.648 0.809 0.022 0.063 
   0   (0.550) 0.403 0.479 0.311 0.352 0.191 0.978 0.937 

Locus 2 : TE004 
2 alleles
3.3% missing data
   0   (0.832) 0.884 0.858 0.912 0.894 0.949 0.992 0.318 
   1   (0.168) 0.116 0.142 0.088 0.106 0.051 0.008 0.682 

Locus 3 : TE005 
2 alleles
18.3% missing data
   0   (0.764) 0.820 0.797 0.880 0.853 0.914 0.989 0.112 
   1   (0.236) 0.180 0.203 0.120 0.147 0.086 0.011 0.888 

Locus 4 : TE006 
2 alleles
26.7% missing data
   0   (0.610) 0.704 0.643 0.772 0.735 0.853 0.094 0.967 
   1   (0.390) 0.296 0.357 0.228 0.265 0.147 0.906 0.033 

Locus 5 : TE007 
2 alleles
6.7% missing data
   0   (0.728) 0.793 0.756 0.849 0.812 0.904 0.715 0.974 
   1   (0.272) 0.207 0.244 0.151 0.188 0.096 0.285 0.026 

Locus 6 : TE008 
2 alleles
1.7% missing data
   1   (0.597) 0.661 0.611 0.714 0.628 0.811 0.936 0.966 
   0   (0.403) 0.339 0.389 0.286 0.372 0.189 0.064 0.034 

Locus 7 : TE031 
2 alleles
1.7% missing data
   1   (0.767) 0.812 0.798 0.824 0.841 0.846 0.036 0.981 
   0   (0.233) 0.188 0.202 0.176 0.159 0.154 0.964 0.019 

Locus 8 : TE037 
2 alleles
1.7% missing data
   1   (0.519) 0.595 0.555 0.659 0.528 0.766 0.612 0.113 
   0   (0.481) 0.405 0.445 0.341 0.472 0.234 0.388 0.887 

Locus 9 : TE038 
2 alleles
1.7% missing data
   1   (0.706) 0.790 0.748 0.834 0.813 0.909 0.034 0.662 
   0   (0.294) 0.210 0.252 0.166 0.187 0.091 0.966 0.338 

Locus 10 : TE039 
2 alleles
5.0% missing data
   1   (0.581) 0.574 0.591 0.543 0.676 0.480 0.972 0.934 
   0   (0.419) 0.426 0.409 0.457 0.324 0.520 0.028 0.066 

Locus 11 : TE078 
2 alleles
3.3% missing data
   0   (0.821) 0.864 0.835 0.892 0.874 0.933 0.992 0.985 
   1   (0.179) 0.136 0.165 0.108 0.126 0.067 0.008 0.015 

Locus 12 : TS079 
2 alleles
10.0% missing data
   0   (0.888) 0.924 0.908 0.946 0.930 0.963 0.995 0.489 
   1   (0.112) 0.076 0.092 0.054 0.070 0.037 0.005 0.511 

Locus 13 : TS080 
2 alleles
10.0% missing data
   0   (0.726) 0.553 0.664 0.448 0.488 0.294 0.988 0.772 
   1   (0.274) 0.447 0.336 0.552 0.512 0.706 0.012 0.228 

Locus 14 : TS088 
2 alleles
1.7% missing data
   0   (0.520) 0.612 0.548 0.670 0.597 0.796 0.977 0.960 
   1   (0.480) 0.388 0.452 0.330 0.403 0.204 0.023 0.040 

Values of parameters used in structure:
DATAFILE=phonology_structure,	OUTFILE=outfile_phonology_structure_K7_run9,	NUMINDS=60,	NUMLOCI=14,	MISSING=-9,	LABEL=1,	POPDATA=0,	POPFLAG=0,	PHENOTYPE=0,	EXTRACOLS=0,	MAXPOPS=7,	BURNIN=10000,	NUMREPS=100000,	USEPOPINFO=0,	INFERALPHA=1,	INFERLAMBDA=0,	POPSPECIFICLAMBDA=0,	POPALPHAS=0,	COMPUTEPROB=1,	NOADMIX=0,	ADMBURNIN=500,	UPDATEFREQ=100,	PRINTLIKES=0,	INTERMEDSAVE=0,	PRINTKLD=0,	PRINTNET=1,	PRINTLAMBDA=1,	ANCESTDIST=0,	NUMBOXES=1000,	ANCESTPINT=0.90000,	GENSBACK=2,	MIGRPRIOR=0.01000,	PRINTQHAT=0,	PRINTQSUM=1,	ALPHA=1.0000,	FREQSCORR=1,	FPRIORMEAN=0.0100,	FPRIORSD=0.0500,	ONEFST=0,	LAMBDA=1.0000,	UNIFPRIORALPHA=1,	ALPHAMAX=10.0000,	ALPHAPRIORA=1.0000,	ALPHAPRIORB=2.0000,	ALPHAPROPSD=0.0250,	STARTATPOPINFO=0,	RANDOMIZE=1,	LINKAGE=0,	METROFREQ=10,	REPORTHITRATE=0,	MARKOVPHASE=0,	PHASED=0,	PLOIDY=1,	PHASEINFO=0	LOCPRIOR=0, 	LOCPRIORINIT=1.000000, 	LOCDATA=0, 	LOCISPOP=0, 	LOCPRIORSTEP=0.100000, 	MAXLOCPRIOR=20.000000, 	SEED=1641226130,	
[STRAT parameters]:    NUMSIMSTATS=1000,	PHENOTYPECOL=-9,	POOLFREQ=10,	LOCUSxONLY=0,	EMERROR=0.00100,	MISSINGPHENO=-9,	