

----------------------------------------------------
STRUCTURE by Pritchard, Stephens and Donnelly (2000)
     and Falush, Stephens and Pritchard (2003)
       Code by Pritchard, Falush and Hubisz
             Version 2.3.4 (Jul 2012)
----------------------------------------------------



Command line arguments:   ./structure -m mainparams -K 4 -i phonology_structure -L 14 -o outfile_phonology_structure_K4_run48 
Input File:    phonology_structure

Run parameters:
   60 individuals
   14 loci
   4 populations assumed
   10000 Burn-in period
   100000 Reps


--------------------------------------------
Overall proportion of membership of the
sample in each of the 4 clusters

Inferred Clusters
  1      2      3      4    
0.193  0.223  0.408  0.177  

--------------------------------------------

Allele-freq. divergence among pops (Net nucleotide distance),
computed using point estimates of P.

      1       2       3       4      
 1      -    0.1440  0.2359  0.2582  
 2   0.1440     -    0.1496  0.1641  
 3   0.2359  0.1496     -    0.3181  
 4   0.2582  0.1641  0.3181     -    

Average distances (expected heterozygosity) between individuals in same cluster:
cluster  1  : 0.2173 
cluster  2  : 0.4095 
cluster  3  : 0.1057 
cluster  4  : 0.1185 

--------------------------------------------
Estimated Ln Prob of Data   = -272.8
Mean value of ln likelihood = -237.8
Variance of ln likelihood   = 70.1
Mean value of alpha         = 0.0450

Mean value of Fst_1         = 0.5258
Mean value of Fst_2         = 0.0694
Mean value of Fst_3         = 0.6777
Mean value of Fst_4         = 0.6948


Inferred ancestry of individuals:
        Label (%Miss) :  Inferred clusters
  1 torg1245   (21)   :  0.020 0.026 0.938 0.016 
  2 oldj1239   (14)   :  0.661 0.243 0.030 0.066 
  3 crim1257    (0)   :  0.010 0.011 0.972 0.007 
  4 bash1264    (7)   :  0.009 0.012 0.972 0.007 
  5 anat1259    (0)   :  0.008 0.019 0.951 0.022 
  6 okin1246    (0)   :  0.008 0.010 0.011 0.971 
  7 yaku1245    (0)   :  0.063 0.053 0.866 0.017 
  8 daur1238    (0)   :  0.024 0.622 0.345 0.009 
  9 east2337   (14)   :  0.027 0.942 0.020 0.011 
 10 ikem1235    (7)   :  0.009 0.017 0.010 0.965 
 11 sibe1251    (0)   :  0.962 0.012 0.020 0.006 
 12 nort2697    (0)   :  0.008 0.020 0.950 0.022 
 13 bona1250    (0)   :  0.057 0.880 0.014 0.049 
 14 ulch1241   (14)   :  0.677 0.090 0.220 0.013 
 15 nort2935   (14)   :  0.021 0.019 0.011 0.949 
 16 gaga1249    (0)   :  0.010 0.019 0.935 0.036 
 17 tara1319    (0)   :  0.007 0.014 0.008 0.971 
 18 moma1245   (21)   :  0.936 0.031 0.019 0.013 
 19 manc1252    (0)   :  0.464 0.301 0.204 0.032 
 20 shor1247    (0)   :  0.012 0.012 0.966 0.010 
 21 kaza1248    (0)   :  0.009 0.013 0.972 0.007 
 22 midd1351   (14)   :  0.054 0.144 0.768 0.034 
 23 chag1247   (71)   :  0.072 0.545 0.259 0.124 
 24 huih1238   (14)   :  0.874 0.052 0.048 0.026 
 25 ordo1245    (0)   :  0.022 0.622 0.346 0.010 
 26 turk1303    (0)   :  0.012 0.012 0.966 0.010 
 27 negi1245    (0)   :  0.957 0.013 0.009 0.021 
 28 nana1257    (0)   :  0.954 0.022 0.013 0.011 
 29 nort2690    (7)   :  0.021 0.443 0.425 0.111 
 30 shur1243    (0)   :  0.014 0.015 0.008 0.962 
 31 minh1238    (0)   :  0.009 0.909 0.011 0.072 
 32 udih1248    (0)   :  0.932 0.025 0.026 0.017 
 33 oira1262   (14)   :  0.022 0.242 0.723 0.012 
 34 hate1238    (7)   :  0.048 0.048 0.063 0.842 
 35 tata1255    (0)   :  0.009 0.012 0.972 0.007 
 36 turk1304    (0)   :  0.012 0.012 0.966 0.010 
 37 oroc1248    (0)   :  0.931 0.024 0.028 0.017 
 38 chuv1255    (0)   :  0.018 0.307 0.643 0.032 
 39 noga1249   (14)   :  0.052 0.147 0.768 0.033 
 40 dong1285    (7)   :  0.030 0.934 0.019 0.017 
 41 halh1238   (14)   :  0.031 0.863 0.089 0.017 
 42 ogam1239    (0)   :  0.012 0.141 0.009 0.838 
 43 cent2126    (7)   :  0.012 0.013 0.013 0.962 
 44 yona1241   (14)   :  0.050 0.903 0.012 0.035 
 45 kore1280    (0)   :  0.010 0.951 0.011 0.028 
 46 tuvi1240    (0)   :  0.043 0.286 0.654 0.016 
 47 huzh1238    (7)   :  0.012 0.939 0.012 0.037 
 48 khak1248    (0)   :  0.013 0.014 0.964 0.010 
 49 oldu1238    (7)   :  0.018 0.013 0.958 0.011 
 50 nucl1643    (0)   :  0.009 0.010 0.010 0.970 
 51 orok1265   (14)   :  0.965 0.012 0.009 0.015 
 52 midd1372   (14)   :  0.024 0.953 0.007 0.016 
 53 mogh1245   (28)   :  0.233 0.235 0.473 0.060 
 54 uigh1240    (7)   :  0.009 0.016 0.967 0.008 
 55 kara1467   (14)   :  0.011 0.015 0.966 0.008 
 56 russ1264   (14)   :  0.019 0.019 0.949 0.013 
 57 sout2954    (0)   :  0.015 0.013 0.009 0.964 
 58 berj1234    (0)   :  0.966 0.013 0.011 0.010 
 59 kham1281    (0)   :  0.064 0.049 0.870 0.017 
 60 dolg1241    (0)   :  0.012 0.013 0.965 0.010 


Estimated Allele Frequencies in each cluster
First column gives estimated ancestral frequencies


Locus 1 : TE003 
2 alleles
3.3% missing data
   1   (0.421) 0.089 0.430 0.982 0.025 
   0   (0.579) 0.911 0.570 0.018 0.975 

Locus 2 : TE004 
2 alleles
3.3% missing data
   0   (0.810) 0.386 0.847 0.996 0.991 
   1   (0.190) 0.614 0.153 0.004 0.009 

Locus 3 : TE005 
2 alleles
18.3% missing data
   0   (0.744) 0.153 0.776 0.992 0.987 
   1   (0.256) 0.847 0.224 0.008 0.013 

Locus 4 : TE006 
2 alleles
26.7% missing data
   0   (0.592) 0.963 0.536 0.984 0.111 
   1   (0.408) 0.037 0.464 0.016 0.889 

Locus 5 : TE007 
2 alleles
6.7% missing data
   0   (0.677) 0.968 0.633 0.993 0.706 
   1   (0.323) 0.032 0.367 0.007 0.294 

Locus 6 : TE008 
2 alleles
1.7% missing data
   1   (0.553) 0.958 0.463 0.929 0.912 
   0   (0.447) 0.042 0.537 0.071 0.088 

Locus 7 : TE031 
2 alleles
1.7% missing data
   1   (0.738) 0.978 0.797 0.866 0.038 
   0   (0.262) 0.022 0.203 0.134 0.962 

Locus 8 : TE037 
2 alleles
1.7% missing data
   1   (0.485) 0.147 0.488 0.866 0.605 
   0   (0.515) 0.853 0.512 0.134 0.395 

Locus 9 : TE038 
2 alleles
1.7% missing data
   1   (0.643) 0.674 0.680 0.993 0.035 
   0   (0.357) 0.326 0.320 0.007 0.965 

Locus 10 : TE039 
2 alleles
5.0% missing data
   1   (0.605) 0.876 0.578 0.519 0.968 
   0   (0.395) 0.124 0.422 0.481 0.032 

Locus 11 : TE078 
2 alleles
3.3% missing data
   0   (0.783) 0.981 0.740 0.995 0.990 
   1   (0.217) 0.019 0.260 0.005 0.010 

Locus 12 : TS079 
2 alleles
10.0% missing data
   0   (0.822) 0.551 0.860 0.996 0.992 
   1   (0.178) 0.449 0.140 0.004 0.008 

Locus 13 : TS080 
2 alleles
10.0% missing data
   0   (0.715) 0.767 0.770 0.081 0.987 
   1   (0.285) 0.233 0.230 0.919 0.013 

Locus 14 : TS088 
2 alleles
1.7% missing data
   0   (0.482) 0.951 0.343 0.949 0.973 
   1   (0.518) 0.049 0.657 0.051 0.027 

Values of parameters used in structure:
DATAFILE=phonology_structure,	OUTFILE=outfile_phonology_structure_K4_run48,	NUMINDS=60,	NUMLOCI=14,	MISSING=-9,	LABEL=1,	POPDATA=0,	POPFLAG=0,	PHENOTYPE=0,	EXTRACOLS=0,	MAXPOPS=4,	BURNIN=10000,	NUMREPS=100000,	USEPOPINFO=0,	INFERALPHA=1,	INFERLAMBDA=0,	POPSPECIFICLAMBDA=0,	POPALPHAS=0,	COMPUTEPROB=1,	NOADMIX=0,	ADMBURNIN=500,	UPDATEFREQ=100,	PRINTLIKES=0,	INTERMEDSAVE=0,	PRINTKLD=0,	PRINTNET=1,	PRINTLAMBDA=1,	ANCESTDIST=0,	NUMBOXES=1000,	ANCESTPINT=0.90000,	GENSBACK=2,	MIGRPRIOR=0.01000,	PRINTQHAT=0,	PRINTQSUM=1,	ALPHA=1.0000,	FREQSCORR=1,	FPRIORMEAN=0.0100,	FPRIORSD=0.0500,	ONEFST=0,	LAMBDA=1.0000,	UNIFPRIORALPHA=1,	ALPHAMAX=10.0000,	ALPHAPRIORA=1.0000,	ALPHAPRIORB=2.0000,	ALPHAPROPSD=0.0250,	STARTATPOPINFO=0,	RANDOMIZE=1,	LINKAGE=0,	METROFREQ=10,	REPORTHITRATE=0,	MARKOVPHASE=0,	PHASED=0,	PLOIDY=1,	PHASEINFO=0	LOCPRIOR=0, 	LOCPRIORINIT=1.000000, 	LOCDATA=0, 	LOCISPOP=0, 	LOCPRIORSTEP=0.100000, 	MAXLOCPRIOR=20.000000, 	SEED=1641291940,	
[STRAT parameters]:    NUMSIMSTATS=1000,	PHENOTYPECOL=-9,	POOLFREQ=10,	LOCUSxONLY=0,	EMERROR=0.00100,	MISSINGPHENO=-9,	