

----------------------------------------------------
STRUCTURE by Pritchard, Stephens and Donnelly (2000)
     and Falush, Stephens and Pritchard (2003)
       Code by Pritchard, Falush and Hubisz
             Version 2.3.4 (Jul 2012)
----------------------------------------------------



Command line arguments:   ./structure -m mainparams -K 6 -i phonology_structure -L 14 -o outfile_phonology_structure_K6_run20 
Input File:    phonology_structure

Run parameters:
   60 individuals
   14 loci
   6 populations assumed
   10000 Burn-in period
   100000 Reps


--------------------------------------------
Overall proportion of membership of the
sample in each of the 6 clusters

Inferred Clusters
  1      2      3      4      5      6    
0.126  0.168  0.151  0.249  0.167  0.139  

--------------------------------------------

Allele-freq. divergence among pops (Net nucleotide distance),
computed using point estimates of P.

      1       2       3       4       5       6      
 1      -    0.1430  0.0049  0.0840  0.1610  0.0035  
 2   0.1430     -    0.1539  0.2504  0.2746  0.1486  
 3   0.0049  0.1539     -    0.0516  0.1905  0.0007  
 4   0.0840  0.2504  0.0516     -    0.3080  0.0616  
 5   0.1610  0.2746  0.1905  0.3080     -    0.1847  
 6   0.0035  0.1486  0.0007  0.0616  0.1847     -    

Average distances (expected heterozygosity) between individuals in same cluster:
cluster  1  : 0.3937 
cluster  2  : 0.1957 
cluster  3  : 0.3596 
cluster  4  : 0.1349 
cluster  5  : 0.1105 
cluster  6  : 0.3690 

--------------------------------------------
Estimated Ln Prob of Data   = -334.7
Mean value of ln likelihood = -228.4
Variance of ln likelihood   = 212.6
Mean value of alpha         = 0.0397

Mean value of Fst_1         = 0.1502
Mean value of Fst_2         = 0.5757
Mean value of Fst_3         = 0.2827
Mean value of Fst_4         = 0.7018
Mean value of Fst_5         = 0.7138
Mean value of Fst_6         = 0.2704


Inferred ancestry of individuals:
        Label (%Miss) :  Inferred clusters
  1 torg1245   (21)   :  0.119 0.016 0.178 0.511 0.016 0.160 
  2 oldj1239   (14)   :  0.189 0.445 0.128 0.034 0.056 0.149 
  3 crim1257    (0)   :  0.033 0.008 0.162 0.715 0.006 0.076 
  4 bash1264    (7)   :  0.033 0.008 0.162 0.711 0.006 0.080 
  5 anat1259    (0)   :  0.038 0.006 0.169 0.682 0.022 0.082 
  6 okin1246    (0)   :  0.011 0.007 0.009 0.009 0.954 0.010 
  7 yaku1245    (0)   :  0.134 0.041 0.219 0.341 0.014 0.251 
  8 daur1238    (0)   :  0.198 0.011 0.304 0.153 0.006 0.327 
  9 east2337   (14)   :  0.383 0.022 0.268 0.031 0.010 0.285 
 10 ikem1235    (7)   :  0.019 0.007 0.013 0.010 0.935 0.016 
 11 sibe1251    (0)   :  0.013 0.934 0.017 0.017 0.005 0.015 
 12 nort2697    (0)   :  0.038 0.006 0.163 0.685 0.022 0.085 
 13 bona1250    (0)   :  0.354 0.037 0.267 0.025 0.033 0.283 
 14 ulch1241   (14)   :  0.103 0.480 0.133 0.135 0.011 0.137 
 15 nort2935   (14)   :  0.022 0.019 0.015 0.010 0.913 0.020 
 16 gaga1249    (0)   :  0.080 0.010 0.163 0.589 0.046 0.113 
 17 tara1319    (0)   :  0.014 0.006 0.011 0.007 0.948 0.013 
 18 moma1245   (21)   :  0.039 0.860 0.033 0.021 0.012 0.036 
 19 manc1252    (0)   :  0.217 0.253 0.190 0.136 0.021 0.183 
 20 shor1247    (0)   :  0.102 0.010 0.164 0.562 0.008 0.153 
 21 kaza1248    (0)   :  0.034 0.007 0.164 0.707 0.007 0.082 
 22 midd1351   (14)   :  0.139 0.028 0.206 0.478 0.026 0.123 
 23 chag1247   (71)   :  0.255 0.037 0.242 0.157 0.080 0.229 
 24 huih1238   (14)   :  0.059 0.768 0.054 0.041 0.023 0.055 
 25 ordo1245    (0)   :  0.195 0.011 0.302 0.160 0.006 0.326 
 26 turk1303    (0)   :  0.101 0.010 0.173 0.552 0.009 0.156 
 27 negi1245    (0)   :  0.014 0.936 0.010 0.008 0.018 0.014 
 28 nana1257    (0)   :  0.020 0.920 0.018 0.013 0.012 0.017 
 29 nort2690    (7)   :  0.252 0.011 0.224 0.254 0.065 0.194 
 30 shur1243    (0)   :  0.012 0.012 0.012 0.007 0.948 0.010 
 31 minh1238    (0)   :  0.367 0.007 0.260 0.019 0.052 0.294 
 32 udih1248    (0)   :  0.030 0.877 0.024 0.024 0.016 0.030 
 33 oira1262   (14)   :  0.180 0.014 0.232 0.308 0.012 0.255 
 34 hate1238    (7)   :  0.054 0.034 0.047 0.048 0.766 0.051 
 35 tata1255    (0)   :  0.034 0.007 0.162 0.709 0.006 0.081 
 36 turk1304    (0)   :  0.097 0.010 0.171 0.552 0.009 0.160 
 37 oroc1248    (0)   :  0.027 0.886 0.023 0.023 0.016 0.025 
 38 chuv1255    (0)   :  0.186 0.012 0.264 0.262 0.025 0.251 
 39 noga1249   (14)   :  0.140 0.027 0.204 0.479 0.024 0.126 
 40 dong1285    (7)   :  0.370 0.018 0.281 0.029 0.013 0.290 
 41 halh1238   (14)   :  0.300 0.020 0.298 0.069 0.016 0.298 
 42 ogam1239    (0)   :  0.103 0.009 0.067 0.013 0.729 0.078 
 43 cent2126    (7)   :  0.014 0.009 0.012 0.011 0.941 0.013 
 44 yona1241   (14)   :  0.347 0.027 0.278 0.023 0.026 0.299 
 45 kore1280    (0)   :  0.371 0.009 0.267 0.026 0.025 0.302 
 46 tuvi1240    (0)   :  0.170 0.020 0.272 0.219 0.010 0.308 
 47 huzh1238    (7)   :  0.358 0.010 0.277 0.026 0.030 0.300 
 48 khak1248    (0)   :  0.099 0.011 0.169 0.560 0.009 0.154 
 49 oldu1238    (7)   :  0.104 0.013 0.165 0.557 0.009 0.152 
 50 nucl1643    (0)   :  0.011 0.008 0.011 0.009 0.952 0.010 
 51 orok1265   (14)   :  0.011 0.950 0.009 0.007 0.013 0.010 
 52 midd1372   (14)   :  0.382 0.016 0.275 0.019 0.013 0.296 
 53 mogh1245   (28)   :  0.181 0.101 0.204 0.317 0.043 0.154 
 54 uigh1240    (7)   :  0.039 0.007 0.165 0.698 0.007 0.084 
 55 kara1467   (14)   :  0.033 0.009 0.167 0.705 0.007 0.080 
 56 russ1264   (14)   :  0.106 0.015 0.170 0.541 0.011 0.157 
 57 sout2954    (0)   :  0.013 0.013 0.010 0.007 0.944 0.012 
 58 berj1234    (0)   :  0.014 0.939 0.013 0.010 0.009 0.015 
 59 kham1281    (0)   :  0.136 0.039 0.223 0.341 0.014 0.247 
 60 dolg1241    (0)   :  0.098 0.010 0.173 0.557 0.009 0.153 


Estimated Allele Frequencies in each cluster
First column gives estimated ancestral frequencies


Locus 1 : TE003 
2 alleles
3.3% missing data
   1   (0.431) 0.506 0.062 0.631 0.949 0.022 0.605 
   0   (0.569) 0.494 0.938 0.369 0.051 0.978 0.395 

Locus 2 : TE004 
2 alleles
3.3% missing data
   0   (0.830) 0.866 0.329 0.899 0.987 0.992 0.892 
   1   (0.170) 0.134 0.671 0.101 0.013 0.008 0.108 

Locus 3 : TE005 
2 alleles
18.3% missing data
   0   (0.778) 0.818 0.119 0.863 0.978 0.989 0.849 
   1   (0.222) 0.182 0.881 0.137 0.022 0.011 0.151 

Locus 4 : TE006 
2 alleles
26.7% missing data
   0   (0.603) 0.622 0.967 0.727 0.960 0.099 0.706 
   1   (0.397) 0.378 0.033 0.273 0.040 0.901 0.294 

Locus 5 : TE007 
2 alleles
6.7% missing data
   0   (0.690) 0.715 0.972 0.787 0.976 0.713 0.772 
   1   (0.310) 0.285 0.028 0.213 0.024 0.287 0.228 

Locus 6 : TE008 
2 alleles
1.7% missing data
   1   (0.588) 0.598 0.967 0.627 0.909 0.934 0.582 
   0   (0.412) 0.402 0.033 0.373 0.091 0.066 0.418 

Locus 7 : TE031 
2 alleles
1.7% missing data
   1   (0.761) 0.811 0.981 0.828 0.858 0.036 0.833 
   0   (0.239) 0.189 0.019 0.172 0.142 0.964 0.167 

Locus 8 : TE037 
2 alleles
1.7% missing data
   1   (0.520) 0.553 0.118 0.561 0.864 0.615 0.529 
   0   (0.480) 0.447 0.882 0.439 0.136 0.385 0.471 

Locus 9 : TE038 
2 alleles
1.7% missing data
   1   (0.680) 0.735 0.661 0.808 0.977 0.033 0.786 
   0   (0.320) 0.265 0.339 0.192 0.023 0.967 0.214 

Locus 10 : TE039 
2 alleles
5.0% missing data
   1   (0.592) 0.601 0.925 0.596 0.458 0.972 0.655 
   0   (0.408) 0.399 0.075 0.404 0.542 0.028 0.345 

Locus 11 : TE078 
2 alleles
3.3% missing data
   0   (0.795) 0.807 0.984 0.860 0.985 0.991 0.842 
   1   (0.205) 0.193 0.016 0.140 0.015 0.009 0.158 

Locus 12 : TS079 
2 alleles
10.0% missing data
   0   (0.853) 0.889 0.504 0.916 0.989 0.993 0.910 
   1   (0.147) 0.111 0.496 0.084 0.011 0.007 0.090 

Locus 13 : TS080 
2 alleles
10.0% missing data
   0   (0.721) 0.662 0.772 0.516 0.126 0.988 0.530 
   1   (0.279) 0.338 0.228 0.484 0.874 0.012 0.470 

Locus 14 : TS088 
2 alleles
1.7% missing data
   0   (0.529) 0.530 0.962 0.581 0.922 0.978 0.566 
   1   (0.471) 0.470 0.038 0.419 0.078 0.022 0.434 

Values of parameters used in structure:
DATAFILE=phonology_structure,	OUTFILE=outfile_phonology_structure_K6_run20,	NUMINDS=60,	NUMLOCI=14,	MISSING=-9,	LABEL=1,	POPDATA=0,	POPFLAG=0,	PHENOTYPE=0,	EXTRACOLS=0,	MAXPOPS=6,	BURNIN=10000,	NUMREPS=100000,	USEPOPINFO=0,	INFERALPHA=1,	INFERLAMBDA=0,	POPSPECIFICLAMBDA=0,	POPALPHAS=0,	COMPUTEPROB=1,	NOADMIX=0,	ADMBURNIN=500,	UPDATEFREQ=100,	PRINTLIKES=0,	INTERMEDSAVE=0,	PRINTKLD=0,	PRINTNET=1,	PRINTLAMBDA=1,	ANCESTDIST=0,	NUMBOXES=1000,	ANCESTPINT=0.90000,	GENSBACK=2,	MIGRPRIOR=0.01000,	PRINTQHAT=0,	PRINTQSUM=1,	ALPHA=1.0000,	FREQSCORR=1,	FPRIORMEAN=0.0100,	FPRIORSD=0.0500,	ONEFST=0,	LAMBDA=1.0000,	UNIFPRIORALPHA=1,	ALPHAMAX=10.0000,	ALPHAPRIORA=1.0000,	ALPHAPRIORB=2.0000,	ALPHAPROPSD=0.0250,	STARTATPOPINFO=0,	RANDOMIZE=1,	LINKAGE=0,	METROFREQ=10,	REPORTHITRATE=0,	MARKOVPHASE=0,	PHASED=0,	PLOIDY=1,	PHASEINFO=0	LOCPRIOR=0, 	LOCPRIORINIT=1.000000, 	LOCDATA=0, 	LOCISPOP=0, 	LOCPRIORSTEP=0.100000, 	MAXLOCPRIOR=20.000000, 	SEED=1641251245,	
[STRAT parameters]:    NUMSIMSTATS=1000,	PHENOTYPECOL=-9,	POOLFREQ=10,	LOCUSxONLY=0,	EMERROR=0.00100,	MISSINGPHENO=-9,	