

----------------------------------------------------
STRUCTURE by Pritchard, Stephens and Donnelly (2000)
     and Falush, Stephens and Pritchard (2003)
       Code by Pritchard, Falush and Hubisz
             Version 2.3.4 (Jul 2012)
----------------------------------------------------



Command line arguments:   ./structure -m mainparams -K 4 -i phonology_structure -L 14 -o outfile_phonology_structure_K4_run42 
Input File:    phonology_structure

Run parameters:
   60 individuals
   14 loci
   4 populations assumed
   10000 Burn-in period
   100000 Reps


--------------------------------------------
Overall proportion of membership of the
sample in each of the 4 clusters

Inferred Clusters
  1      2      3      4    
0.225  0.192  0.406  0.177  

--------------------------------------------

Allele-freq. divergence among pops (Net nucleotide distance),
computed using point estimates of P.

      1       2       3       4      
 1      -    0.1447  0.1510  0.1658  
 2   0.1447     -    0.2354  0.2567  
 3   0.1510  0.2354     -    0.3170  
 4   0.1658  0.2567  0.3170     -    

Average distances (expected heterozygosity) between individuals in same cluster:
cluster  1  : 0.4054 
cluster  2  : 0.2181 
cluster  3  : 0.1048 
cluster  4  : 0.1191 

--------------------------------------------
Estimated Ln Prob of Data   = -271.1
Mean value of ln likelihood = -237.3
Variance of ln likelihood   = 67.4
Mean value of alpha         = 0.0440

Mean value of Fst_1         = 0.0755
Mean value of Fst_2         = 0.5185
Mean value of Fst_3         = 0.6739
Mean value of Fst_4         = 0.6903


Inferred ancestry of individuals:
        Label (%Miss) :  Inferred clusters
  1 torg1245   (21)   :  0.028 0.020 0.935 0.017 
  2 oldj1239   (14)   :  0.231 0.669 0.031 0.069 
  3 crim1257    (0)   :  0.011 0.009 0.973 0.007 
  4 bash1264    (7)   :  0.012 0.009 0.972 0.007 
  5 anat1259    (0)   :  0.016 0.007 0.953 0.024 
  6 okin1246    (0)   :  0.011 0.009 0.010 0.971 
  7 yaku1245    (0)   :  0.047 0.066 0.870 0.017 
  8 daur1238    (0)   :  0.648 0.026 0.317 0.009 
  9 east2337   (14)   :  0.944 0.026 0.019 0.011 
 10 ikem1235    (7)   :  0.016 0.008 0.010 0.966 
 11 sibe1251    (0)   :  0.010 0.963 0.021 0.006 
 12 nort2697    (0)   :  0.018 0.007 0.953 0.022 
 13 bona1250    (0)   :  0.883 0.058 0.013 0.045 
 14 ulch1241   (14)   :  0.090 0.667 0.231 0.012 
 15 nort2935   (14)   :  0.020 0.019 0.011 0.950 
 16 gaga1249    (0)   :  0.017 0.010 0.937 0.037 
 17 tara1319    (0)   :  0.013 0.007 0.008 0.972 
 18 moma1245   (21)   :  0.033 0.929 0.024 0.014 
 19 manc1252    (0)   :  0.319 0.454 0.197 0.030 
 20 shor1247    (0)   :  0.011 0.011 0.968 0.009 
 21 kaza1248    (0)   :  0.011 0.008 0.973 0.007 
 22 midd1351   (14)   :  0.144 0.052 0.771 0.033 
 23 chag1247   (71)   :  0.539 0.071 0.271 0.120 
 24 huih1238   (14)   :  0.058 0.870 0.047 0.025 
 25 ordo1245    (0)   :  0.656 0.026 0.309 0.009 
 26 turk1303    (0)   :  0.011 0.012 0.968 0.009 
 27 negi1245    (0)   :  0.014 0.957 0.008 0.020 
 28 nana1257    (0)   :  0.018 0.957 0.013 0.012 
 29 nort2690    (7)   :  0.444 0.021 0.427 0.108 
 30 shur1243    (0)   :  0.013 0.014 0.008 0.965 
 31 minh1238    (0)   :  0.916 0.009 0.010 0.066 
 32 udih1248    (0)   :  0.025 0.934 0.024 0.017 
 33 oira1262   (14)   :  0.248 0.023 0.717 0.012 
 34 hate1238    (7)   :  0.043 0.044 0.061 0.852 
 35 tata1255    (0)   :  0.012 0.009 0.972 0.007 
 36 turk1304    (0)   :  0.013 0.011 0.967 0.009 
 37 oroc1248    (0)   :  0.025 0.932 0.026 0.017 
 38 chuv1255    (0)   :  0.320 0.018 0.629 0.033 
 39 noga1249   (14)   :  0.148 0.053 0.766 0.033 
 40 dong1285    (7)   :  0.937 0.027 0.020 0.016 
 41 halh1238   (14)   :  0.875 0.027 0.081 0.017 
 42 ogam1239    (0)   :  0.141 0.011 0.008 0.839 
 43 cent2126    (7)   :  0.012 0.011 0.013 0.964 
 44 yona1241   (14)   :  0.908 0.046 0.013 0.033 
 45 kore1280    (0)   :  0.952 0.010 0.010 0.027 
 46 tuvi1240    (0)   :  0.299 0.049 0.636 0.016 
 47 huzh1238    (7)   :  0.942 0.012 0.012 0.034 
 48 khak1248    (0)   :  0.012 0.012 0.967 0.009 
 49 oldu1238    (7)   :  0.016 0.016 0.959 0.009 
 50 nucl1643    (0)   :  0.010 0.009 0.010 0.971 
 51 orok1265   (14)   :  0.012 0.964 0.008 0.016 
 52 midd1372   (14)   :  0.955 0.022 0.007 0.016 
 53 mogh1245   (28)   :  0.239 0.229 0.473 0.059 
 54 uigh1240    (7)   :  0.012 0.009 0.971 0.008 
 55 kara1467   (14)   :  0.015 0.011 0.966 0.008 
 56 russ1264   (14)   :  0.024 0.017 0.947 0.012 
 57 sout2954    (0)   :  0.011 0.014 0.008 0.967 
 58 berj1234    (0)   :  0.015 0.964 0.011 0.010 
 59 kham1281    (0)   :  0.046 0.065 0.872 0.017 
 60 dolg1241    (0)   :  0.011 0.011 0.969 0.009 


Estimated Allele Frequencies in each cluster
First column gives estimated ancestral frequencies


Locus 1 : TE003 
2 alleles
3.3% missing data
   1   (0.416) 0.427 0.089 0.981 0.025 
   0   (0.584) 0.573 0.911 0.019 0.975 

Locus 2 : TE004 
2 alleles
3.3% missing data
   0   (0.806) 0.846 0.388 0.995 0.991 
   1   (0.194) 0.154 0.612 0.005 0.009 

Locus 3 : TE005 
2 alleles
18.3% missing data
   0   (0.746) 0.784 0.155 0.992 0.987 
   1   (0.254) 0.216 0.845 0.008 0.013 

Locus 4 : TE006 
2 alleles
26.7% missing data
   0   (0.589) 0.530 0.961 0.983 0.116 
   1   (0.411) 0.470 0.039 0.017 0.884 

Locus 5 : TE007 
2 alleles
6.7% missing data
   0   (0.678) 0.632 0.967 0.993 0.707 
   1   (0.322) 0.368 0.033 0.007 0.293 

Locus 6 : TE008 
2 alleles
1.7% missing data
   1   (0.563) 0.460 0.957 0.935 0.911 
   0   (0.437) 0.540 0.043 0.065 0.089 

Locus 7 : TE031 
2 alleles
1.7% missing data
   1   (0.747) 0.812 0.978 0.865 0.039 
   0   (0.253) 0.188 0.022 0.135 0.961 

Locus 8 : TE037 
2 alleles
1.7% missing data
   1   (0.482) 0.483 0.146 0.870 0.603 
   0   (0.518) 0.517 0.854 0.130 0.397 

Locus 9 : TE038 
2 alleles
1.7% missing data
   1   (0.649) 0.691 0.673 0.992 0.035 
   0   (0.351) 0.309 0.327 0.008 0.965 

Locus 10 : TE039 
2 alleles
5.0% missing data
   1   (0.608) 0.579 0.876 0.518 0.968 
   0   (0.392) 0.421 0.124 0.482 0.032 

Locus 11 : TE078 
2 alleles
3.3% missing data
   0   (0.789) 0.741 0.981 0.995 0.990 
   1   (0.211) 0.259 0.019 0.005 0.010 

Locus 12 : TS079 
2 alleles
10.0% missing data
   0   (0.827) 0.870 0.551 0.996 0.992 
   1   (0.173) 0.130 0.449 0.004 0.008 

Locus 13 : TS080 
2 alleles
10.0% missing data
   0   (0.718) 0.777 0.766 0.083 0.987 
   1   (0.282) 0.223 0.234 0.917 0.013 

Locus 14 : TS088 
2 alleles
1.7% missing data
   0   (0.497) 0.341 0.952 0.952 0.974 
   1   (0.503) 0.659 0.048 0.048 0.026 

Values of parameters used in structure:
DATAFILE=phonology_structure,	OUTFILE=outfile_phonology_structure_K4_run42,	NUMINDS=60,	NUMLOCI=14,	MISSING=-9,	LABEL=1,	POPDATA=0,	POPFLAG=0,	PHENOTYPE=0,	EXTRACOLS=0,	MAXPOPS=4,	BURNIN=10000,	NUMREPS=100000,	USEPOPINFO=0,	INFERALPHA=1,	INFERLAMBDA=0,	POPSPECIFICLAMBDA=0,	POPALPHAS=0,	COMPUTEPROB=1,	NOADMIX=0,	ADMBURNIN=500,	UPDATEFREQ=100,	PRINTLIKES=0,	INTERMEDSAVE=0,	PRINTKLD=0,	PRINTNET=1,	PRINTLAMBDA=1,	ANCESTDIST=0,	NUMBOXES=1000,	ANCESTPINT=0.90000,	GENSBACK=2,	MIGRPRIOR=0.01000,	PRINTQHAT=0,	PRINTQSUM=1,	ALPHA=1.0000,	FREQSCORR=1,	FPRIORMEAN=0.0100,	FPRIORSD=0.0500,	ONEFST=0,	LAMBDA=1.0000,	UNIFPRIORALPHA=1,	ALPHAMAX=10.0000,	ALPHAPRIORA=1.0000,	ALPHAPRIORB=2.0000,	ALPHAPROPSD=0.0250,	STARTATPOPINFO=0,	RANDOMIZE=1,	LINKAGE=0,	METROFREQ=10,	REPORTHITRATE=0,	MARKOVPHASE=0,	PHASED=0,	PLOIDY=1,	PHASEINFO=0	LOCPRIOR=0, 	LOCPRIORINIT=1.000000, 	LOCDATA=0, 	LOCISPOP=0, 	LOCPRIORSTEP=0.100000, 	MAXLOCPRIOR=20.000000, 	SEED=1641288238,	
[STRAT parameters]:    NUMSIMSTATS=1000,	PHENOTYPECOL=-9,	POOLFREQ=10,	LOCUSxONLY=0,	EMERROR=0.00100,	MISSINGPHENO=-9,	