

----------------------------------------------------
STRUCTURE by Pritchard, Stephens and Donnelly (2000)
     and Falush, Stephens and Pritchard (2003)
       Code by Pritchard, Falush and Hubisz
             Version 2.3.4 (Jul 2012)
----------------------------------------------------



Command line arguments:   ./structure -m mainparams -K 5 -i phonology_structure -L 14 -o outfile_phonology_structure_K5_run37 
Input File:    phonology_structure

Run parameters:
   60 individuals
   14 loci
   5 populations assumed
   10000 Burn-in period
   100000 Reps


--------------------------------------------
Overall proportion of membership of the
sample in each of the 5 clusters

Inferred Clusters
  1      2      3      4      5    
0.178  0.334  0.156  0.172  0.160  

--------------------------------------------

Allele-freq. divergence among pops (Net nucleotide distance),
computed using point estimates of P.

      1       2       3       4       5      
 1      -    0.2614  0.1424  0.2665  0.1347  
 2   0.2614     -    0.1129  0.3265  0.1099  
 3   0.1424  0.1129     -    0.1776  0.0003  
 4   0.2665  0.3265  0.1776     -    0.1697  
 5   0.1347  0.1099  0.0003  0.1697     -    

Average distances (expected heterozygosity) between individuals in same cluster:
cluster  1  : 0.2059 
cluster  2  : 0.0866 
cluster  3  : 0.3852 
cluster  4  : 0.1150 
cluster  5  : 0.3908 

--------------------------------------------
Estimated Ln Prob of Data   = -342.1
Mean value of ln likelihood = -234.7
Variance of ln likelihood   = 214.7
Mean value of alpha         = 0.0420

Mean value of Fst_1         = 0.5515
Mean value of Fst_2         = 0.7306
Mean value of Fst_3         = 0.1593
Mean value of Fst_4         = 0.7032
Mean value of Fst_5         = 0.1210


Inferred ancestry of individuals:
        Label (%Miss) :  Inferred clusters
  1 torg1245   (21)   :  0.018 0.773 0.092 0.015 0.102 
  2 oldj1239   (14)   :  0.529 0.030 0.168 0.058 0.215 
  3 crim1257    (0)   :  0.008 0.950 0.017 0.007 0.019 
  4 bash1264    (7)   :  0.008 0.945 0.020 0.007 0.020 
  5 anat1259    (0)   :  0.007 0.910 0.029 0.023 0.031 
  6 okin1246    (0)   :  0.008 0.010 0.010 0.963 0.009 
  7 yaku1245    (0)   :  0.058 0.512 0.211 0.016 0.202 
  8 daur1238    (0)   :  0.015 0.087 0.459 0.007 0.432 
  9 east2337   (14)   :  0.026 0.015 0.466 0.011 0.482 
 10 ikem1235    (7)   :  0.008 0.009 0.015 0.953 0.016 
 11 sibe1251    (0)   :  0.947 0.020 0.014 0.006 0.014 
 12 nort2697    (0)   :  0.007 0.908 0.032 0.023 0.031 
 13 bona1250    (0)   :  0.049 0.012 0.429 0.047 0.462 
 14 ulch1241   (14)   :  0.560 0.128 0.152 0.011 0.149 
 15 nort2935   (14)   :  0.019 0.010 0.018 0.933 0.020 
 16 gaga1249    (0)   :  0.010 0.806 0.071 0.041 0.072 
 17 tara1319    (0)   :  0.007 0.008 0.011 0.962 0.012 
 18 moma1245   (21)   :  0.886 0.020 0.039 0.013 0.042 
 19 manc1252    (0)   :  0.324 0.192 0.213 0.026 0.245 
 20 shor1247    (0)   :  0.011 0.824 0.072 0.009 0.085 
 21 kaza1248    (0)   :  0.007 0.950 0.018 0.007 0.018 
 22 midd1351   (14)   :  0.037 0.663 0.132 0.028 0.140 
 23 chag1247   (71)   :  0.047 0.179 0.342 0.095 0.338 
 24 huih1238   (14)   :  0.812 0.040 0.057 0.023 0.068 
 25 ordo1245    (0)   :  0.017 0.086 0.464 0.007 0.426 
 26 turk1303    (0)   :  0.011 0.816 0.071 0.009 0.092 
 27 negi1245    (0)   :  0.943 0.008 0.014 0.019 0.016 
 28 nana1257    (0)   :  0.944 0.012 0.016 0.012 0.016 
 29 nort2690    (7)   :  0.015 0.359 0.257 0.085 0.284 
 30 shur1243    (0)   :  0.012 0.008 0.011 0.956 0.013 
 31 minh1238    (0)   :  0.008 0.009 0.445 0.062 0.475 
 32 udih1248    (0)   :  0.902 0.024 0.028 0.017 0.029 
 33 oira1262   (14)   :  0.019 0.428 0.278 0.012 0.263 
 34 hate1238    (7)   :  0.037 0.053 0.043 0.815 0.052 
 35 tata1255    (0)   :  0.008 0.949 0.018 0.007 0.019 
 36 turk1304    (0)   :  0.011 0.809 0.076 0.010 0.094 
 37 oroc1248    (0)   :  0.902 0.027 0.025 0.016 0.030 
 38 chuv1255    (0)   :  0.015 0.306 0.323 0.027 0.328 
 39 noga1249   (14)   :  0.037 0.689 0.123 0.029 0.122 
 40 dong1285    (7)   :  0.022 0.018 0.464 0.015 0.480 
 41 halh1238   (14)   :  0.022 0.041 0.490 0.016 0.432 
 42 ogam1239    (0)   :  0.010 0.006 0.095 0.789 0.100 
 43 cent2126    (7)   :  0.010 0.013 0.014 0.950 0.013 
 44 yona1241   (14)   :  0.037 0.011 0.453 0.029 0.470 
 45 kore1280    (0)   :  0.010 0.009 0.471 0.025 0.485 
 46 tuvi1240    (0)   :  0.029 0.219 0.382 0.011 0.359 
 47 huzh1238    (7)   :  0.012 0.010 0.462 0.038 0.478 
 48 khak1248    (0)   :  0.011 0.816 0.076 0.009 0.088 
 49 oldu1238    (7)   :  0.015 0.810 0.073 0.010 0.092 
 50 nucl1643    (0)   :  0.008 0.010 0.010 0.962 0.010 
 51 orok1265   (14)   :  0.953 0.008 0.013 0.014 0.013 
 52 midd1372   (14)   :  0.019 0.007 0.473 0.015 0.486 
 53 mogh1245   (28)   :  0.159 0.456 0.162 0.055 0.167 
 54 uigh1240    (7)   :  0.007 0.943 0.021 0.008 0.021 
 55 kara1467   (14)   :  0.009 0.932 0.024 0.007 0.027 
 56 russ1264   (14)   :  0.019 0.796 0.079 0.013 0.093 
 57 sout2954    (0)   :  0.013 0.008 0.011 0.955 0.013 
 58 berj1234    (0)   :  0.946 0.011 0.017 0.010 0.017 
 59 kham1281    (0)   :  0.053 0.521 0.213 0.016 0.197 
 60 dolg1241    (0)   :  0.012 0.815 0.073 0.010 0.091 


Estimated Allele Frequencies in each cluster
First column gives estimated ancestral frequencies


Locus 1 : TE003 
2 alleles
3.3% missing data
   1   (0.506) 0.082 0.982 0.597 0.026 0.590 
   0   (0.494) 0.918 0.018 0.403 0.974 0.410 

Locus 2 : TE004 
2 alleles
3.3% missing data
   0   (0.808) 0.357 0.995 0.867 0.991 0.845 
   1   (0.192) 0.643 0.005 0.133 0.009 0.155 

Locus 3 : TE005 
2 alleles
18.3% missing data
   0   (0.768) 0.135 0.993 0.819 0.988 0.810 
   1   (0.232) 0.865 0.007 0.181 0.012 0.190 

Locus 4 : TE006 
2 alleles
26.7% missing data
   0   (0.623) 0.966 0.982 0.667 0.109 0.666 
   1   (0.377) 0.034 0.018 0.333 0.891 0.334 

Locus 5 : TE007 
2 alleles
6.7% missing data
   0   (0.698) 0.971 0.994 0.733 0.708 0.730 
   1   (0.302) 0.029 0.006 0.267 0.292 0.270 

Locus 6 : TE008 
2 alleles
1.7% missing data
   1   (0.548) 0.961 0.978 0.491 0.924 0.527 
   0   (0.452) 0.039 0.022 0.509 0.076 0.473 

Locus 7 : TE031 
2 alleles
1.7% missing data
   1   (0.745) 0.979 0.862 0.806 0.038 0.791 
   0   (0.255) 0.021 0.138 0.194 0.962 0.209 

Locus 8 : TE037 
2 alleles
1.7% missing data
   1   (0.478) 0.126 0.946 0.462 0.609 0.467 
   0   (0.522) 0.874 0.054 0.538 0.391 0.533 

Locus 9 : TE038 
2 alleles
1.7% missing data
   1   (0.679) 0.669 0.993 0.748 0.035 0.737 
   0   (0.321) 0.331 0.007 0.252 0.965 0.263 

Locus 10 : TE039 
2 alleles
5.0% missing data
   1   (0.622) 0.907 0.433 0.661 0.972 0.661 
   0   (0.378) 0.093 0.567 0.339 0.028 0.339 

Locus 11 : TE078 
2 alleles
3.3% missing data
   0   (0.803) 0.982 0.996 0.811 0.991 0.820 
   1   (0.197) 0.018 0.004 0.189 0.009 0.180 

Locus 12 : TS079 
2 alleles
10.0% missing data
   0   (0.867) 0.525 0.997 0.910 0.994 0.902 
   1   (0.133) 0.475 0.003 0.090 0.006 0.098 

Locus 13 : TS080 
2 alleles
10.0% missing data
   0   (0.753) 0.771 0.089 0.665 0.989 0.671 
   1   (0.247) 0.229 0.911 0.335 0.011 0.329 

Locus 14 : TS088 
2 alleles
1.7% missing data
   0   (0.517) 0.957 0.978 0.471 0.975 0.505 
   1   (0.483) 0.043 0.022 0.529 0.025 0.495 

Values of parameters used in structure:
DATAFILE=phonology_structure,	OUTFILE=outfile_phonology_structure_K5_run37,	NUMINDS=60,	NUMLOCI=14,	MISSING=-9,	LABEL=1,	POPDATA=0,	POPFLAG=0,	PHENOTYPE=0,	EXTRACOLS=0,	MAXPOPS=5,	BURNIN=10000,	NUMREPS=100000,	USEPOPINFO=0,	INFERALPHA=1,	INFERLAMBDA=0,	POPSPECIFICLAMBDA=0,	POPALPHAS=0,	COMPUTEPROB=1,	NOADMIX=0,	ADMBURNIN=500,	UPDATEFREQ=100,	PRINTLIKES=0,	INTERMEDSAVE=0,	PRINTKLD=0,	PRINTNET=1,	PRINTLAMBDA=1,	ANCESTDIST=0,	NUMBOXES=1000,	ANCESTPINT=0.90000,	GENSBACK=2,	MIGRPRIOR=0.01000,	PRINTQHAT=0,	PRINTQSUM=1,	ALPHA=1.0000,	FREQSCORR=1,	FPRIORMEAN=0.0100,	FPRIORSD=0.0500,	ONEFST=0,	LAMBDA=1.0000,	UNIFPRIORALPHA=1,	ALPHAMAX=10.0000,	ALPHAPRIORA=1.0000,	ALPHAPRIORB=2.0000,	ALPHAPROPSD=0.0250,	STARTATPOPINFO=0,	RANDOMIZE=1,	LINKAGE=0,	METROFREQ=10,	REPORTHITRATE=0,	MARKOVPHASE=0,	PHASED=0,	PLOIDY=1,	PHASEINFO=0	LOCPRIOR=0, 	LOCPRIORINIT=1.000000, 	LOCDATA=0, 	LOCISPOP=0, 	LOCPRIORSTEP=0.100000, 	MAXLOCPRIOR=20.000000, 	SEED=1641285459,	
[STRAT parameters]:    NUMSIMSTATS=1000,	PHENOTYPECOL=-9,	POOLFREQ=10,	LOCUSxONLY=0,	EMERROR=0.00100,	MISSINGPHENO=-9,	