

----------------------------------------------------
STRUCTURE by Pritchard, Stephens and Donnelly (2000)
     and Falush, Stephens and Pritchard (2003)
       Code by Pritchard, Falush and Hubisz
             Version 2.3.4 (Jul 2012)
----------------------------------------------------



Command line arguments:   ./structure -m mainparams -K 4 -i phonology_structure -L 14 -o outfile_phonology_structure_K4_run10 
Input File:    phonology_structure

Run parameters:
   60 individuals
   14 loci
   4 populations assumed
   10000 Burn-in period
   100000 Reps


--------------------------------------------
Overall proportion of membership of the
sample in each of the 4 clusters

Inferred Clusters
  1      2      3      4    
0.221  0.188  0.416  0.176  

--------------------------------------------

Allele-freq. divergence among pops (Net nucleotide distance),
computed using point estimates of P.

      1       2       3       4      
 1      -    0.1337  0.1560  0.1549  
 2   0.1337     -    0.2408  0.2626  
 3   0.1560  0.2408     -    0.3197  
 4   0.1549  0.2626  0.3197     -    

Average distances (expected heterozygosity) between individuals in same cluster:
cluster  1  : 0.4233 
cluster  2  : 0.2137 
cluster  3  : 0.1093 
cluster  4  : 0.1168 

--------------------------------------------
Estimated Ln Prob of Data   = -272.0
Mean value of ln likelihood = -239.2
Variance of ln likelihood   = 65.5
Mean value of alpha         = 0.0437

Mean value of Fst_1         = 0.0013
Mean value of Fst_2         = 0.5516
Mean value of Fst_3         = 0.6872
Mean value of Fst_4         = 0.7081


Inferred ancestry of individuals:
        Label (%Miss) :  Inferred clusters
  1 torg1245   (21)   :  0.027 0.018 0.939 0.017 
  2 oldj1239   (14)   :  0.292 0.611 0.032 0.066 
  3 crim1257    (0)   :  0.010 0.009 0.974 0.007 
  4 bash1264    (7)   :  0.010 0.008 0.975 0.007 
  5 anat1259    (0)   :  0.018 0.007 0.953 0.022 
  6 okin1246    (0)   :  0.012 0.009 0.009 0.970 
  7 yaku1245    (0)   :  0.035 0.048 0.899 0.017 
  8 daur1238    (0)   :  0.580 0.025 0.385 0.009 
  9 east2337   (14)   :  0.952 0.018 0.020 0.009 
 10 ikem1235    (7)   :  0.022 0.008 0.009 0.961 
 11 sibe1251    (0)   :  0.013 0.960 0.021 0.006 
 12 nort2697    (0)   :  0.017 0.007 0.952 0.024 
 13 bona1250    (0)   :  0.917 0.034 0.013 0.037 
 14 ulch1241   (14)   :  0.110 0.614 0.264 0.011 
 15 nort2935   (14)   :  0.020 0.021 0.012 0.948 
 16 gaga1249    (0)   :  0.017 0.009 0.937 0.036 
 17 tara1319    (0)   :  0.015 0.007 0.007 0.970 
 18 moma1245   (21)   :  0.038 0.927 0.022 0.014 
 19 manc1252    (0)   :  0.312 0.456 0.203 0.029 
 20 shor1247    (0)   :  0.011 0.011 0.968 0.009 
 21 kaza1248    (0)   :  0.011 0.008 0.974 0.007 
 22 midd1351   (14)   :  0.125 0.048 0.797 0.030 
 23 chag1247   (71)   :  0.502 0.068 0.305 0.126 
 24 huih1238   (14)   :  0.050 0.871 0.051 0.028 
 25 ordo1245    (0)   :  0.584 0.025 0.382 0.009 
 26 turk1303    (0)   :  0.012 0.012 0.967 0.009 
 27 negi1245    (0)   :  0.014 0.957 0.009 0.021 
 28 nana1257    (0)   :  0.025 0.949 0.013 0.013 
 29 nort2690    (7)   :  0.416 0.020 0.456 0.109 
 30 shur1243    (0)   :  0.012 0.014 0.008 0.967 
 31 minh1238    (0)   :  0.934 0.008 0.009 0.049 
 32 udih1248    (0)   :  0.047 0.906 0.029 0.018 
 33 oira1262   (14)   :  0.215 0.021 0.751 0.012 
 34 hate1238    (7)   :  0.060 0.048 0.065 0.827 
 35 tata1255    (0)   :  0.010 0.009 0.975 0.007 
 36 turk1304    (0)   :  0.010 0.011 0.969 0.009 
 37 oroc1248    (0)   :  0.033 0.923 0.026 0.017 
 38 chuv1255    (0)   :  0.280 0.017 0.675 0.029 
 39 noga1249   (14)   :  0.128 0.044 0.795 0.032 
 40 dong1285    (7)   :  0.934 0.029 0.022 0.015 
 41 halh1238   (14)   :  0.851 0.031 0.101 0.018 
 42 ogam1239    (0)   :  0.136 0.011 0.008 0.844 
 43 cent2126    (7)   :  0.015 0.011 0.013 0.962 
 44 yona1241   (14)   :  0.906 0.047 0.013 0.034 
 45 kore1280    (0)   :  0.948 0.011 0.012 0.029 
 46 tuvi1240    (0)   :  0.213 0.043 0.728 0.017 
 47 huzh1238    (7)   :  0.947 0.012 0.011 0.030 
 48 khak1248    (0)   :  0.012 0.012 0.967 0.010 
 49 oldu1238    (7)   :  0.012 0.015 0.963 0.009 
 50 nucl1643    (0)   :  0.011 0.009 0.010 0.971 
 51 orok1265   (14)   :  0.012 0.964 0.008 0.015 
 52 midd1372   (14)   :  0.959 0.019 0.007 0.015 
 53 mogh1245   (28)   :  0.262 0.214 0.465 0.059 
 54 uigh1240    (7)   :  0.012 0.008 0.972 0.008 
 55 kara1467   (14)   :  0.015 0.011 0.966 0.008 
 56 russ1264   (14)   :  0.018 0.017 0.954 0.011 
 57 sout2954    (0)   :  0.013 0.013 0.008 0.965 
 58 berj1234    (0)   :  0.015 0.964 0.011 0.010 
 59 kham1281    (0)   :  0.038 0.057 0.889 0.016 
 60 dolg1241    (0)   :  0.011 0.011 0.968 0.010 


Estimated Allele Frequencies in each cluster
First column gives estimated ancestral frequencies


Locus 1 : TE003 
2 alleles
3.3% missing data
   1   (0.370) 0.370 0.073 0.982 0.022 
   0   (0.630) 0.630 0.927 0.018 0.978 

Locus 2 : TE004 
2 alleles
3.3% missing data
   0   (0.844) 0.845 0.371 0.997 0.993 
   1   (0.156) 0.155 0.629 0.003 0.007 

Locus 3 : TE005 
2 alleles
18.3% missing data
   0   (0.685) 0.686 0.142 0.990 0.986 
   1   (0.315) 0.314 0.858 0.010 0.014 

Locus 4 : TE006 
2 alleles
26.7% missing data
   0   (0.517) 0.516 0.960 0.981 0.101 
   1   (0.483) 0.484 0.040 0.019 0.899 

Locus 5 : TE007 
2 alleles
6.7% missing data
   0   (0.617) 0.616 0.966 0.992 0.706 
   1   (0.383) 0.384 0.034 0.008 0.294 

Locus 6 : TE008 
2 alleles
1.7% missing data
   1   (0.502) 0.500 0.956 0.921 0.908 
   0   (0.498) 0.500 0.044 0.079 0.092 

Locus 7 : TE031 
2 alleles
1.7% missing data
   1   (0.719) 0.720 0.978 0.869 0.035 
   0   (0.281) 0.280 0.022 0.131 0.965 

Locus 8 : TE037 
2 alleles
1.7% missing data
   1   (0.503) 0.503 0.142 0.857 0.604 
   0   (0.497) 0.497 0.858 0.143 0.396 

Locus 9 : TE038 
2 alleles
1.7% missing data
   1   (0.701) 0.702 0.677 0.994 0.034 
   0   (0.299) 0.298 0.323 0.006 0.966 

Locus 10 : TE039 
2 alleles
5.0% missing data
   1   (0.594) 0.593 0.882 0.522 0.971 
   0   (0.406) 0.407 0.118 0.478 0.029 

Locus 11 : TE078 
2 alleles
3.3% missing data
   0   (0.775) 0.774 0.981 0.995 0.990 
   1   (0.225) 0.226 0.019 0.005 0.010 

Locus 12 : TS079 
2 alleles
10.0% missing data
   0   (0.782) 0.783 0.543 0.995 0.991 
   1   (0.218) 0.217 0.457 0.005 0.009 

Locus 13 : TS080 
2 alleles
10.0% missing data
   0   (0.776) 0.777 0.777 0.088 0.990 
   1   (0.224) 0.223 0.223 0.912 0.010 

Locus 14 : TS088 
2 alleles
1.7% missing data
   0   (0.351) 0.348 0.944 0.942 0.969 
   1   (0.649) 0.652 0.056 0.058 0.031 

Values of parameters used in structure:
DATAFILE=phonology_structure,	OUTFILE=outfile_phonology_structure_K4_run10,	NUMINDS=60,	NUMLOCI=14,	MISSING=-9,	LABEL=1,	POPDATA=0,	POPFLAG=0,	PHENOTYPE=0,	EXTRACOLS=0,	MAXPOPS=4,	BURNIN=10000,	NUMREPS=100000,	USEPOPINFO=0,	INFERALPHA=1,	INFERLAMBDA=0,	POPSPECIFICLAMBDA=0,	POPALPHAS=0,	COMPUTEPROB=1,	NOADMIX=0,	ADMBURNIN=500,	UPDATEFREQ=100,	PRINTLIKES=0,	INTERMEDSAVE=0,	PRINTKLD=0,	PRINTNET=1,	PRINTLAMBDA=1,	ANCESTDIST=0,	NUMBOXES=1000,	ANCESTPINT=0.90000,	GENSBACK=2,	MIGRPRIOR=0.01000,	PRINTQHAT=0,	PRINTQSUM=1,	ALPHA=1.0000,	FREQSCORR=1,	FPRIORMEAN=0.0100,	FPRIORSD=0.0500,	ONEFST=0,	LAMBDA=1.0000,	UNIFPRIORALPHA=1,	ALPHAMAX=10.0000,	ALPHAPRIORA=1.0000,	ALPHAPRIORB=2.0000,	ALPHAPROPSD=0.0250,	STARTATPOPINFO=0,	RANDOMIZE=1,	LINKAGE=0,	METROFREQ=10,	REPORTHITRATE=0,	MARKOVPHASE=0,	PHASED=0,	PLOIDY=1,	PHASEINFO=0	LOCPRIOR=0, 	LOCPRIORINIT=1.000000, 	LOCDATA=0, 	LOCISPOP=0, 	LOCPRIORSTEP=0.100000, 	MAXLOCPRIOR=20.000000, 	SEED=1641226515,	
[STRAT parameters]:    NUMSIMSTATS=1000,	PHENOTYPECOL=-9,	POOLFREQ=10,	LOCUSxONLY=0,	EMERROR=0.00100,	MISSINGPHENO=-9,	