

----------------------------------------------------
STRUCTURE by Pritchard, Stephens and Donnelly (2000)
     and Falush, Stephens and Pritchard (2003)
       Code by Pritchard, Falush and Hubisz
             Version 2.3.4 (Jul 2012)
----------------------------------------------------



Command line arguments:   ./structure -m mainparams -K 3 -i phonology_structure -L 14 -o outfile_phonology_structure_K3_run49 
Input File:    phonology_structure

Run parameters:
   60 individuals
   14 loci
   3 populations assumed
   10000 Burn-in period
   100000 Reps


--------------------------------------------
Overall proportion of membership of the
sample in each of the 3 clusters

Inferred Clusters
  1      2      3    
0.193  0.367  0.440  

--------------------------------------------

Allele-freq. divergence among pops (Net nucleotide distance),
computed using point estimates of P.

      1       2       3      
 1      -    0.1583  0.3034  
 2   0.1583     -    0.1467  
 3   0.3034  0.1467     -    

Average distances (expected heterozygosity) between individuals in same cluster:
cluster  1  : 0.1420 
cluster  2  : 0.3953 
cluster  3  : 0.1245 

--------------------------------------------
Estimated Ln Prob of Data   = -300.2
Mean value of ln likelihood = -276.5
Variance of ln likelihood   = 47.3
Mean value of alpha         = 0.0520

Mean value of Fst_1         = 0.6584
Mean value of Fst_2         = 0.0436
Mean value of Fst_3         = 0.6418


Inferred ancestry of individuals:
        Label (%Miss) :  Inferred clusters
  1 torg1245   (21)   :  0.019 0.034 0.947 
  2 oldj1239   (14)   :  0.081 0.897 0.022 
  3 crim1257    (0)   :  0.008 0.012 0.980 
  4 bash1264    (7)   :  0.009 0.012 0.979 
  5 anat1259    (0)   :  0.027 0.013 0.960 
  6 okin1246    (0)   :  0.975 0.013 0.012 
  7 yaku1245    (0)   :  0.017 0.052 0.931 
  8 daur1238    (0)   :  0.016 0.369 0.615 
  9 east2337   (14)   :  0.048 0.914 0.038 
 10 ikem1235    (7)   :  0.973 0.016 0.011 
 11 sibe1251    (0)   :  0.010 0.957 0.033 
 12 nort2697    (0)   :  0.026 0.014 0.959 
 13 bona1250    (0)   :  0.095 0.889 0.016 
 14 ulch1241   (14)   :  0.016 0.661 0.323 
 15 nort2935   (14)   :  0.962 0.025 0.013 
 16 gaga1249    (0)   :  0.041 0.015 0.944 
 17 tara1319    (0)   :  0.978 0.012 0.010 
 18 moma1245   (21)   :  0.023 0.926 0.051 
 19 manc1252    (0)   :  0.037 0.851 0.112 
 20 shor1247    (0)   :  0.012 0.016 0.973 
 21 kaza1248    (0)   :  0.008 0.011 0.980 
 22 midd1351   (14)   :  0.040 0.143 0.817 
 23 chag1247   (71)   :  0.175 0.392 0.433 
 24 huih1238   (14)   :  0.028 0.914 0.057 
 25 ordo1245    (0)   :  0.014 0.364 0.621 
 26 turk1303    (0)   :  0.012 0.014 0.974 
 27 negi1245    (0)   :  0.037 0.950 0.013 
 28 nana1257    (0)   :  0.017 0.963 0.020 
 29 nort2690    (7)   :  0.172 0.283 0.544 
 30 shur1243    (0)   :  0.972 0.018 0.010 
 31 minh1238    (0)   :  0.224 0.752 0.025 
 32 udih1248    (0)   :  0.025 0.940 0.035 
 33 oira1262   (14)   :  0.015 0.131 0.854 
 34 hate1238    (7)   :  0.856 0.073 0.071 
 35 tata1255    (0)   :  0.008 0.013 0.979 
 36 turk1304    (0)   :  0.011 0.015 0.973 
 37 oroc1248    (0)   :  0.016 0.963 0.021 
 38 chuv1255    (0)   :  0.043 0.134 0.823 
 39 noga1249   (14)   :  0.038 0.146 0.817 
 40 dong1285    (7)   :  0.053 0.918 0.029 
 41 halh1238   (14)   :  0.047 0.745 0.208 
 42 ogam1239    (0)   :  0.909 0.078 0.012 
 43 cent2126    (7)   :  0.967 0.016 0.016 
 44 yona1241   (14)   :  0.065 0.921 0.014 
 45 kore1280    (0)   :  0.092 0.886 0.022 
 46 tuvi1240    (0)   :  0.019 0.169 0.813 
 47 huzh1238    (7)   :  0.119 0.862 0.020 
 48 khak1248    (0)   :  0.011 0.014 0.975 
 49 oldu1238    (7)   :  0.011 0.018 0.971 
 50 nucl1643    (0)   :  0.977 0.012 0.012 
 51 orok1265   (14)   :  0.031 0.954 0.015 
 52 midd1372   (14)   :  0.059 0.932 0.010 
 53 mogh1245   (28)   :  0.077 0.458 0.465 
 54 uigh1240    (7)   :  0.010 0.013 0.977 
 55 kara1467   (14)   :  0.010 0.015 0.975 
 56 russ1264   (14)   :  0.015 0.026 0.959 
 57 sout2954    (0)   :  0.974 0.016 0.010 
 58 berj1234    (0)   :  0.017 0.964 0.019 
 59 kham1281    (0)   :  0.017 0.057 0.926 
 60 dolg1241    (0)   :  0.011 0.013 0.976 


Estimated Allele Frequencies in each cluster
First column gives estimated ancestral frequencies


Locus 1 : TE003 
2 alleles
3.3% missing data
   1   (0.289) 0.027 0.255 0.976 
   0   (0.711) 0.973 0.745 0.024 

Locus 2 : TE004 
2 alleles
3.3% missing data
   0   (0.676) 0.980 0.641 0.992 
   1   (0.324) 0.020 0.359 0.008 

Locus 3 : TE005 
2 alleles
18.3% missing data
   0   (0.523) 0.969 0.465 0.978 
   1   (0.477) 0.031 0.535 0.022 

Locus 4 : TE006 
2 alleles
26.7% missing data
   0   (0.708) 0.133 0.738 0.984 
   1   (0.292) 0.867 0.262 0.016 

Locus 5 : TE007 
2 alleles
6.7% missing data
   0   (0.743) 0.690 0.759 0.994 
   1   (0.257) 0.310 0.241 0.006 

Locus 6 : TE008 
2 alleles
1.7% missing data
   1   (0.670) 0.884 0.686 0.890 
   0   (0.330) 0.116 0.314 0.110 

Locus 7 : TE031 
2 alleles
1.7% missing data
   1   (0.817) 0.066 0.871 0.870 
   0   (0.183) 0.934 0.129 0.130 

Locus 8 : TE037 
2 alleles
1.7% missing data
   1   (0.400) 0.582 0.367 0.813 
   0   (0.600) 0.418 0.633 0.187 

Locus 9 : TE038 
2 alleles
1.7% missing data
   1   (0.658) 0.057 0.674 0.992 
   0   (0.342) 0.943 0.326 0.008 

Locus 10 : TE039 
2 alleles
5.0% missing data
   1   (0.669) 0.956 0.685 0.542 
   0   (0.331) 0.044 0.315 0.458 

Locus 11 : TE078 
2 alleles
3.3% missing data
   0   (0.826) 0.983 0.831 0.996 
   1   (0.174) 0.017 0.169 0.004 

Locus 12 : TS079 
2 alleles
10.0% missing data
   0   (0.769) 0.987 0.751 0.994 
   1   (0.231) 0.013 0.249 0.006 

Locus 13 : TS080 
2 alleles
10.0% missing data
   0   (0.776) 0.988 0.799 0.104 
   1   (0.224) 0.012 0.201 0.896 

Locus 14 : TS088 
2 alleles
1.7% missing data
   0   (0.607) 0.954 0.604 0.918 
   1   (0.393) 0.046 0.396 0.082 

Values of parameters used in structure:
DATAFILE=phonology_structure,	OUTFILE=outfile_phonology_structure_K3_run49,	NUMINDS=60,	NUMLOCI=14,	MISSING=-9,	LABEL=1,	POPDATA=0,	POPFLAG=0,	PHENOTYPE=0,	EXTRACOLS=0,	MAXPOPS=3,	BURNIN=10000,	NUMREPS=100000,	USEPOPINFO=0,	INFERALPHA=1,	INFERLAMBDA=0,	POPSPECIFICLAMBDA=0,	POPALPHAS=0,	COMPUTEPROB=1,	NOADMIX=0,	ADMBURNIN=500,	UPDATEFREQ=100,	PRINTLIKES=0,	INTERMEDSAVE=0,	PRINTKLD=0,	PRINTNET=1,	PRINTLAMBDA=1,	ANCESTDIST=0,	NUMBOXES=1000,	ANCESTPINT=0.90000,	GENSBACK=2,	MIGRPRIOR=0.01000,	PRINTQHAT=0,	PRINTQSUM=1,	ALPHA=1.0000,	FREQSCORR=1,	FPRIORMEAN=0.0100,	FPRIORSD=0.0500,	ONEFST=0,	LAMBDA=1.0000,	UNIFPRIORALPHA=1,	ALPHAMAX=10.0000,	ALPHAPRIORA=1.0000,	ALPHAPRIORB=2.0000,	ALPHAPROPSD=0.0250,	STARTATPOPINFO=0,	RANDOMIZE=1,	LINKAGE=0,	METROFREQ=10,	REPORTHITRATE=0,	MARKOVPHASE=0,	PHASED=0,	PLOIDY=1,	PHASEINFO=0	LOCPRIOR=0, 	LOCPRIORINIT=1.000000, 	LOCDATA=0, 	LOCISPOP=0, 	LOCPRIORSTEP=0.100000, 	MAXLOCPRIOR=20.000000, 	SEED=1641292491,	
[STRAT parameters]:    NUMSIMSTATS=1000,	PHENOTYPECOL=-9,	POOLFREQ=10,	LOCUSxONLY=0,	EMERROR=0.00100,	MISSINGPHENO=-9,	