

----------------------------------------------------
STRUCTURE by Pritchard, Stephens and Donnelly (2000)
     and Falush, Stephens and Pritchard (2003)
       Code by Pritchard, Falush and Hubisz
             Version 2.3.4 (Jul 2012)
----------------------------------------------------



Command line arguments:   ./structure -m mainparams -K 4 -i phonology_structure -L 14 -o outfile_phonology_structure_K4_run13 
Input File:    phonology_structure

Run parameters:
   60 individuals
   14 loci
   4 populations assumed
   10000 Burn-in period
   100000 Reps


--------------------------------------------
Overall proportion of membership of the
sample in each of the 4 clusters

Inferred Clusters
  1      2      3      4    
0.225  0.192  0.406  0.177  

--------------------------------------------

Allele-freq. divergence among pops (Net nucleotide distance),
computed using point estimates of P.

      1       2       3       4      
 1      -    0.1449  0.1502  0.1647  
 2   0.1449     -    0.2364  0.2571  
 3   0.1502  0.2364     -    0.3175  
 4   0.1647  0.2571  0.3175     -    

Average distances (expected heterozygosity) between individuals in same cluster:
cluster  1  : 0.4060 
cluster  2  : 0.2176 
cluster  3  : 0.1049 
cluster  4  : 0.1196 

--------------------------------------------
Estimated Ln Prob of Data   = -270.8
Mean value of ln likelihood = -237.5
Variance of ln likelihood   = 66.6
Mean value of alpha         = 0.0449

Mean value of Fst_1         = 0.0770
Mean value of Fst_2         = 0.5198
Mean value of Fst_3         = 0.6784
Mean value of Fst_4         = 0.6888


Inferred ancestry of individuals:
        Label (%Miss) :  Inferred clusters
  1 torg1245   (21)   :  0.027 0.020 0.937 0.016 
  2 oldj1239   (14)   :  0.246 0.656 0.033 0.065 
  3 crim1257    (0)   :  0.012 0.009 0.972 0.007 
  4 bash1264    (7)   :  0.012 0.009 0.972 0.007 
  5 anat1259    (0)   :  0.017 0.007 0.953 0.022 
  6 okin1246    (0)   :  0.011 0.009 0.011 0.970 
  7 yaku1245    (0)   :  0.057 0.064 0.863 0.017 
  8 daur1238    (0)   :  0.628 0.022 0.341 0.009 
  9 east2337   (14)   :  0.941 0.027 0.020 0.011 
 10 ikem1235    (7)   :  0.018 0.009 0.010 0.964 
 11 sibe1251    (0)   :  0.011 0.962 0.021 0.006 
 12 nort2697    (0)   :  0.015 0.007 0.955 0.023 
 13 bona1250    (0)   :  0.873 0.061 0.013 0.053 
 14 ulch1241   (14)   :  0.097 0.665 0.226 0.012 
 15 nort2935   (14)   :  0.018 0.019 0.011 0.952 
 16 gaga1249    (0)   :  0.018 0.010 0.935 0.036 
 17 tara1319    (0)   :  0.014 0.007 0.008 0.971 
 18 moma1245   (21)   :  0.030 0.934 0.022 0.014 
 19 manc1252    (0)   :  0.312 0.456 0.201 0.030 
 20 shor1247    (0)   :  0.014 0.012 0.964 0.010 
 21 kaza1248    (0)   :  0.012 0.009 0.972 0.007 
 22 midd1351   (14)   :  0.151 0.053 0.763 0.034 
 23 chag1247   (71)   :  0.547 0.072 0.259 0.122 
 24 huih1238   (14)   :  0.054 0.871 0.050 0.026 
 25 ordo1245    (0)   :  0.630 0.022 0.339 0.009 
 26 turk1303    (0)   :  0.013 0.012 0.964 0.010 
 27 negi1245    (0)   :  0.013 0.958 0.008 0.021 
 28 nana1257    (0)   :  0.020 0.954 0.013 0.013 
 29 nort2690    (7)   :  0.476 0.021 0.406 0.097 
 30 shur1243    (0)   :  0.011 0.014 0.009 0.966 
 31 minh1238    (0)   :  0.907 0.009 0.010 0.074 
 32 udih1248    (0)   :  0.025 0.932 0.026 0.017 
 33 oira1262   (14)   :  0.252 0.022 0.713 0.013 
 34 hate1238    (7)   :  0.052 0.044 0.060 0.844 
 35 tata1255    (0)   :  0.011 0.009 0.973 0.007 
 36 turk1304    (0)   :  0.013 0.012 0.966 0.009 
 37 oroc1248    (0)   :  0.024 0.932 0.028 0.017 
 38 chuv1255    (0)   :  0.323 0.018 0.626 0.034 
 39 noga1249   (14)   :  0.149 0.054 0.765 0.032 
 40 dong1285    (7)   :  0.936 0.027 0.020 0.017 
 41 halh1238   (14)   :  0.864 0.029 0.091 0.017 
 42 ogam1239    (0)   :  0.139 0.012 0.009 0.840 
 43 cent2126    (7)   :  0.013 0.012 0.013 0.963 
 44 yona1241   (14)   :  0.904 0.050 0.013 0.034 
 45 kore1280    (0)   :  0.953 0.010 0.011 0.026 
 46 tuvi1240    (0)   :  0.318 0.042 0.624 0.015 
 47 huzh1238    (7)   :  0.939 0.014 0.012 0.035 
 48 khak1248    (0)   :  0.014 0.012 0.965 0.010 
 49 oldu1238    (7)   :  0.013 0.016 0.961 0.010 
 50 nucl1643    (0)   :  0.010 0.009 0.010 0.970 
 51 orok1265   (14)   :  0.012 0.964 0.009 0.015 
 52 midd1372   (14)   :  0.956 0.022 0.007 0.015 
 53 mogh1245   (28)   :  0.242 0.230 0.467 0.060 
 54 uigh1240    (7)   :  0.014 0.008 0.969 0.008 
 55 kara1467   (14)   :  0.014 0.012 0.966 0.008 
 56 russ1264   (14)   :  0.021 0.018 0.950 0.012 
 57 sout2954    (0)   :  0.012 0.014 0.008 0.966 
 58 berj1234    (0)   :  0.014 0.965 0.011 0.010 
 59 kham1281    (0)   :  0.052 0.065 0.865 0.017 
 60 dolg1241    (0)   :  0.012 0.012 0.966 0.009 


Estimated Allele Frequencies in each cluster
First column gives estimated ancestral frequencies


Locus 1 : TE003 
2 alleles
3.3% missing data
   1   (0.421) 0.434 0.089 0.982 0.025 
   0   (0.579) 0.566 0.911 0.018 0.975 

Locus 2 : TE004 
2 alleles
3.3% missing data
   0   (0.804) 0.846 0.385 0.996 0.991 
   1   (0.196) 0.154 0.615 0.004 0.009 

Locus 3 : TE005 
2 alleles
18.3% missing data
   0   (0.741) 0.780 0.154 0.992 0.987 
   1   (0.259) 0.220 0.846 0.008 0.013 

Locus 4 : TE006 
2 alleles
26.7% missing data
   0   (0.581) 0.522 0.960 0.983 0.114 
   1   (0.419) 0.478 0.040 0.017 0.886 

Locus 5 : TE007 
2 alleles
6.7% missing data
   0   (0.683) 0.635 0.968 0.993 0.706 
   1   (0.317) 0.365 0.032 0.007 0.294 

Locus 6 : TE008 
2 alleles
1.7% missing data
   1   (0.572) 0.469 0.959 0.932 0.911 
   0   (0.428) 0.531 0.041 0.068 0.089 

Locus 7 : TE031 
2 alleles
1.7% missing data
   1   (0.745) 0.812 0.978 0.866 0.040 
   0   (0.255) 0.188 0.022 0.134 0.960 

Locus 8 : TE037 
2 alleles
1.7% missing data
   1   (0.482) 0.485 0.146 0.870 0.604 
   0   (0.518) 0.515 0.854 0.130 0.396 

Locus 9 : TE038 
2 alleles
1.7% missing data
   1   (0.645) 0.689 0.673 0.993 0.036 
   0   (0.355) 0.311 0.327 0.007 0.964 

Locus 10 : TE039 
2 alleles
5.0% missing data
   1   (0.606) 0.575 0.877 0.519 0.968 
   0   (0.394) 0.425 0.123 0.481 0.032 

Locus 11 : TE078 
2 alleles
3.3% missing data
   0   (0.788) 0.741 0.981 0.995 0.990 
   1   (0.212) 0.259 0.019 0.005 0.010 

Locus 12 : TS079 
2 alleles
10.0% missing data
   0   (0.826) 0.870 0.550 0.996 0.992 
   1   (0.174) 0.130 0.450 0.004 0.008 

Locus 13 : TS080 
2 alleles
10.0% missing data
   0   (0.721) 0.779 0.767 0.082 0.987 
   1   (0.279) 0.221 0.233 0.918 0.013 

Locus 14 : TS088 
2 alleles
1.7% missing data
   0   (0.499) 0.344 0.952 0.950 0.973 
   1   (0.501) 0.656 0.048 0.050 0.027 

Values of parameters used in structure:
DATAFILE=phonology_structure,	OUTFILE=outfile_phonology_structure_K4_run13,	NUMINDS=60,	NUMLOCI=14,	MISSING=-9,	LABEL=1,	POPDATA=0,	POPFLAG=0,	PHENOTYPE=0,	EXTRACOLS=0,	MAXPOPS=4,	BURNIN=10000,	NUMREPS=100000,	USEPOPINFO=0,	INFERALPHA=1,	INFERLAMBDA=0,	POPSPECIFICLAMBDA=0,	POPALPHAS=0,	COMPUTEPROB=1,	NOADMIX=0,	ADMBURNIN=500,	UPDATEFREQ=100,	PRINTLIKES=0,	INTERMEDSAVE=0,	PRINTKLD=0,	PRINTNET=1,	PRINTLAMBDA=1,	ANCESTDIST=0,	NUMBOXES=1000,	ANCESTPINT=0.90000,	GENSBACK=2,	MIGRPRIOR=0.01000,	PRINTQHAT=0,	PRINTQSUM=1,	ALPHA=1.0000,	FREQSCORR=1,	FPRIORMEAN=0.0100,	FPRIORSD=0.0500,	ONEFST=0,	LAMBDA=1.0000,	UNIFPRIORALPHA=1,	ALPHAMAX=10.0000,	ALPHAPRIORA=1.0000,	ALPHAPRIORB=2.0000,	ALPHAPROPSD=0.0250,	STARTATPOPINFO=0,	RANDOMIZE=1,	LINKAGE=0,	METROFREQ=10,	REPORTHITRATE=0,	MARKOVPHASE=0,	PHASED=0,	PLOIDY=1,	PHASEINFO=0	LOCPRIOR=0, 	LOCPRIORINIT=1.000000, 	LOCDATA=0, 	LOCISPOP=0, 	LOCPRIORSTEP=0.100000, 	MAXLOCPRIOR=20.000000, 	SEED=1641238031,	
[STRAT parameters]:    NUMSIMSTATS=1000,	PHENOTYPECOL=-9,	POOLFREQ=10,	LOCUSxONLY=0,	EMERROR=0.00100,	MISSINGPHENO=-9,	