

----------------------------------------------------
STRUCTURE by Pritchard, Stephens and Donnelly (2000)
     and Falush, Stephens and Pritchard (2003)
       Code by Pritchard, Falush and Hubisz
             Version 2.3.4 (Jul 2012)
----------------------------------------------------



Command line arguments:   ./structure -m mainparams -K 5 -i phonology_structure -L 14 -o outfile_phonology_structure_K5_run16 
Input File:    phonology_structure

Run parameters:
   60 individuals
   14 loci
   5 populations assumed
   10000 Burn-in period
   100000 Reps


--------------------------------------------
Overall proportion of membership of the
sample in each of the 5 clusters

Inferred Clusters
  1      2      3      4      5    
0.173  0.179  0.184  0.294  0.170  

--------------------------------------------

Allele-freq. divergence among pops (Net nucleotide distance),
computed using point estimates of P.

      1       2       3       4       5      
 1      -    0.2662  0.1710  0.3178  0.2080  
 2   0.2662     -    0.1471  0.2531  0.1518  
 3   0.1710  0.1471     -    0.0890  0.0090  
 4   0.3178  0.2531  0.0890     -    0.0704  
 5   0.2080  0.1518  0.0090  0.0704     -    

Average distances (expected heterozygosity) between individuals in same cluster:
cluster  1  : 0.1151 
cluster  2  : 0.2041 
cluster  3  : 0.3910 
cluster  4  : 0.1126 
cluster  5  : 0.3458 

--------------------------------------------
Estimated Ln Prob of Data   = -316.4
Mean value of ln likelihood = -223.8
Variance of ln likelihood   = 185.2
Mean value of alpha         = 0.0411

Mean value of Fst_1         = 0.6981
Mean value of Fst_2         = 0.5483
Mean value of Fst_3         = 0.2440
Mean value of Fst_4         = 0.7171
Mean value of Fst_5         = 0.3349


Inferred ancestry of individuals:
        Label (%Miss) :  Inferred clusters
  1 torg1245   (21)   :  0.017 0.016 0.143 0.631 0.193 
  2 oldj1239   (14)   :  0.063 0.571 0.200 0.034 0.133 
  3 crim1257    (0)   :  0.007 0.007 0.133 0.827 0.027 
  4 bash1264    (7)   :  0.006 0.007 0.129 0.835 0.023 
  5 anat1259    (0)   :  0.023 0.007 0.127 0.801 0.043 
  6 okin1246    (0)   :  0.965 0.008 0.009 0.009 0.009 
  7 yaku1245    (0)   :  0.014 0.040 0.158 0.366 0.422 
  8 daur1238    (0)   :  0.006 0.011 0.245 0.150 0.586 
  9 east2337   (14)   :  0.011 0.028 0.561 0.025 0.376 
 10 ikem1235    (7)   :  0.955 0.008 0.017 0.009 0.012 
 11 sibe1251    (0)   :  0.006 0.946 0.013 0.018 0.017 
 12 nort2697    (0)   :  0.022 0.007 0.129 0.799 0.043 
 13 bona1250    (0)   :  0.035 0.044 0.558 0.011 0.352 
 14 ulch1241   (14)   :  0.010 0.541 0.110 0.145 0.194 
 15 nort2935   (14)   :  0.940 0.019 0.016 0.010 0.016 
 16 gaga1249    (0)   :  0.047 0.010 0.130 0.671 0.142 
 17 tara1319    (0)   :  0.963 0.006 0.013 0.007 0.010 
 18 moma1245   (21)   :  0.014 0.901 0.035 0.019 0.031 
 19 manc1252    (0)   :  0.024 0.374 0.235 0.205 0.162 
 20 shor1247    (0)   :  0.009 0.012 0.140 0.654 0.186 
 21 kaza1248    (0)   :  0.006 0.007 0.132 0.828 0.026 
 22 midd1351   (14)   :  0.025 0.032 0.197 0.664 0.082 
 23 chag1247   (71)   :  0.105 0.050 0.331 0.231 0.284 
 24 huih1238   (14)   :  0.023 0.826 0.050 0.041 0.059 
 25 ordo1245    (0)   :  0.007 0.012 0.244 0.153 0.584 
 26 turk1303    (0)   :  0.010 0.011 0.134 0.664 0.181 
 27 negi1245    (0)   :  0.020 0.948 0.013 0.008 0.011 
 28 nana1257    (0)   :  0.011 0.941 0.017 0.012 0.018 
 29 nort2690    (7)   :  0.090 0.015 0.310 0.400 0.185 
 30 shur1243    (0)   :  0.958 0.013 0.011 0.008 0.011 
 31 minh1238    (0)   :  0.064 0.007 0.571 0.011 0.347 
 32 udih1248    (0)   :  0.018 0.904 0.026 0.023 0.029 
 33 oira1262   (14)   :  0.012 0.015 0.220 0.341 0.412 
 34 hate1238    (7)   :  0.810 0.040 0.052 0.056 0.041 
 35 tata1255    (0)   :  0.006 0.008 0.133 0.825 0.028 
 36 turk1304    (0)   :  0.010 0.011 0.133 0.653 0.193 
 37 oroc1248    (0)   :  0.014 0.913 0.029 0.025 0.019 
 38 chuv1255    (0)   :  0.032 0.014 0.241 0.343 0.370 
 39 noga1249   (14)   :  0.027 0.033 0.198 0.662 0.080 
 40 dong1285    (7)   :  0.014 0.023 0.583 0.019 0.361 
 41 halh1238   (14)   :  0.020 0.024 0.439 0.079 0.438 
 42 ogam1239    (0)   :  0.808 0.010 0.097 0.008 0.076 
 43 cent2126    (7)   :  0.954 0.010 0.013 0.011 0.011 
 44 yona1241   (14)   :  0.028 0.033 0.568 0.012 0.359 
 45 kore1280    (0)   :  0.028 0.010 0.569 0.014 0.379 
 46 tuvi1240    (0)   :  0.009 0.017 0.208 0.222 0.543 
 47 huzh1238    (7)   :  0.030 0.012 0.593 0.012 0.353 
 48 khak1248    (0)   :  0.010 0.011 0.140 0.655 0.184 
 49 oldu1238    (7)   :  0.009 0.016 0.137 0.656 0.181 
 50 nucl1643    (0)   :  0.962 0.009 0.011 0.009 0.009 
 51 orok1265   (14)   :  0.014 0.959 0.009 0.008 0.010 
 52 midd1372   (14)   :  0.013 0.020 0.594 0.007 0.367 
 53 mogh1245   (28)   :  0.052 0.156 0.243 0.433 0.115 
 54 uigh1240    (7)   :  0.007 0.008 0.132 0.825 0.028 
 55 kara1467   (14)   :  0.007 0.009 0.135 0.823 0.026 
 56 russ1264   (14)   :  0.013 0.017 0.140 0.647 0.183 
 57 sout2954    (0)   :  0.960 0.012 0.011 0.008 0.010 
 58 berj1234    (0)   :  0.010 0.956 0.012 0.010 0.013 
 59 kham1281    (0)   :  0.013 0.036 0.153 0.372 0.425 
 60 dolg1241    (0)   :  0.010 0.012 0.139 0.651 0.189 


Estimated Allele Frequencies in each cluster
First column gives estimated ancestral frequencies


Locus 1 : TE003 
2 alleles
3.3% missing data
   1   (0.424) 0.023 0.067 0.545 0.973 0.675 
   0   (0.576) 0.977 0.933 0.455 0.027 0.325 

Locus 2 : TE004 
2 alleles
3.3% missing data
   0   (0.800) 0.991 0.348 0.880 0.993 0.902 
   1   (0.200) 0.009 0.652 0.120 0.007 0.098 

Locus 3 : TE005 
2 alleles
18.3% missing data
   0   (0.753) 0.987 0.133 0.824 0.988 0.869 
   1   (0.247) 0.013 0.867 0.176 0.012 0.131 

Locus 4 : TE006 
2 alleles
26.7% missing data
   0   (0.600) 0.105 0.965 0.621 0.973 0.747 
   1   (0.400) 0.895 0.035 0.379 0.027 0.253 

Locus 5 : TE007 
2 alleles
6.7% missing data
   0   (0.680) 0.708 0.970 0.706 0.990 0.792 
   1   (0.320) 0.292 0.030 0.294 0.010 0.208 

Locus 6 : TE008 
2 alleles
1.7% missing data
   1   (0.619) 0.923 0.967 0.588 0.931 0.543 
   0   (0.381) 0.077 0.033 0.412 0.069 0.457 

Locus 7 : TE031 
2 alleles
1.7% missing data
   1   (0.744) 0.037 0.978 0.827 0.859 0.860 
   0   (0.256) 0.963 0.022 0.173 0.141 0.140 

Locus 8 : TE037 
2 alleles
1.7% missing data
   1   (0.514) 0.607 0.135 0.564 0.895 0.456 
   0   (0.486) 0.393 0.865 0.436 0.105 0.544 

Locus 9 : TE038 
2 alleles
1.7% missing data
   1   (0.660) 0.034 0.662 0.752 0.990 0.829 
   0   (0.340) 0.966 0.338 0.248 0.010 0.171 

Locus 10 : TE039 
2 alleles
5.0% missing data
   1   (0.613) 0.971 0.903 0.573 0.430 0.737 
   0   (0.387) 0.029 0.097 0.427 0.570 0.263 

Locus 11 : TE078 
2 alleles
3.3% missing data
   0   (0.788) 0.990 0.982 0.797 0.994 0.853 
   1   (0.212) 0.010 0.018 0.203 0.006 0.147 

Locus 12 : TS079 
2 alleles
10.0% missing data
   0   (0.832) 0.992 0.525 0.901 0.994 0.925 
   1   (0.168) 0.008 0.475 0.099 0.006 0.075 

Locus 13 : TS080 
2 alleles
10.0% missing data
   0   (0.718) 0.987 0.777 0.633 0.121 0.458 
   1   (0.282) 0.013 0.223 0.367 0.879 0.542 

Locus 14 : TS088 
2 alleles
1.7% missing data
   0   (0.530) 0.976 0.959 0.492 0.943 0.516 
   1   (0.470) 0.024 0.041 0.508 0.057 0.484 

Values of parameters used in structure:
DATAFILE=phonology_structure,	OUTFILE=outfile_phonology_structure_K5_run16,	NUMINDS=60,	NUMLOCI=14,	MISSING=-9,	LABEL=1,	POPDATA=0,	POPFLAG=0,	PHENOTYPE=0,	EXTRACOLS=0,	MAXPOPS=5,	BURNIN=10000,	NUMREPS=100000,	USEPOPINFO=0,	INFERALPHA=1,	INFERLAMBDA=0,	POPSPECIFICLAMBDA=0,	POPALPHAS=0,	COMPUTEPROB=1,	NOADMIX=0,	ADMBURNIN=500,	UPDATEFREQ=100,	PRINTLIKES=0,	INTERMEDSAVE=0,	PRINTKLD=0,	PRINTNET=1,	PRINTLAMBDA=1,	ANCESTDIST=0,	NUMBOXES=1000,	ANCESTPINT=0.90000,	GENSBACK=2,	MIGRPRIOR=0.01000,	PRINTQHAT=0,	PRINTQSUM=1,	ALPHA=1.0000,	FREQSCORR=1,	FPRIORMEAN=0.0100,	FPRIORSD=0.0500,	ONEFST=0,	LAMBDA=1.0000,	UNIFPRIORALPHA=1,	ALPHAMAX=10.0000,	ALPHAPRIORA=1.0000,	ALPHAPRIORB=2.0000,	ALPHAPROPSD=0.0250,	STARTATPOPINFO=0,	RANDOMIZE=1,	LINKAGE=0,	METROFREQ=10,	REPORTHITRATE=0,	MARKOVPHASE=0,	PHASED=0,	PLOIDY=1,	PHASEINFO=0	LOCPRIOR=0, 	LOCPRIORINIT=1.000000, 	LOCDATA=0, 	LOCISPOP=0, 	LOCPRIORSTEP=0.100000, 	MAXLOCPRIOR=20.000000, 	SEED=1641242767,	
[STRAT parameters]:    NUMSIMSTATS=1000,	PHENOTYPECOL=-9,	POOLFREQ=10,	LOCUSxONLY=0,	EMERROR=0.00100,	MISSINGPHENO=-9,	