

----------------------------------------------------
STRUCTURE by Pritchard, Stephens and Donnelly (2000)
     and Falush, Stephens and Pritchard (2003)
       Code by Pritchard, Falush and Hubisz
             Version 2.3.4 (Jul 2012)
----------------------------------------------------



Command line arguments:   ./structure -m mainparams -K 5 -i phonology_structure -L 14 -o outfile_phonology_structure_K5_run42 
Input File:    phonology_structure

Run parameters:
   60 individuals
   14 loci
   5 populations assumed
   10000 Burn-in period
   100000 Reps


--------------------------------------------
Overall proportion of membership of the
sample in each of the 5 clusters

Inferred Clusters
  1      2      3      4      5    
0.294  0.173  0.177  0.179  0.177  

--------------------------------------------

Allele-freq. divergence among pops (Net nucleotide distance),
computed using point estimates of P.

      1       2       3       4       5      
 1      -    0.3246  0.1042  0.2682  0.0876  
 2   0.3246     -    0.1830  0.2640  0.2037  
 3   0.1042  0.1830     -    0.1473  0.0026  
 4   0.2682  0.2640  0.1473     -    0.1524  
 5   0.0876  0.2037  0.0026  0.1524     -    

Average distances (expected heterozygosity) between individuals in same cluster:
cluster  1  : 0.0907 
cluster  2  : 0.1157 
cluster  3  : 0.3786 
cluster  4  : 0.2053 
cluster  5  : 0.3495 

--------------------------------------------
Estimated Ln Prob of Data   = -295.1
Mean value of ln likelihood = -221.0
Variance of ln likelihood   = 148.2
Mean value of alpha         = 0.0410

Mean value of Fst_1         = 0.7280
Mean value of Fst_2         = 0.6921
Mean value of Fst_3         = 0.2970
Mean value of Fst_4         = 0.5385
Mean value of Fst_5         = 0.3537


Inferred ancestry of individuals:
        Label (%Miss) :  Inferred clusters
  1 torg1245   (21)   :  0.604 0.016 0.160 0.017 0.202 
  2 oldj1239   (14)   :  0.037 0.064 0.186 0.562 0.151 
  3 crim1257    (0)   :  0.935 0.006 0.027 0.008 0.024 
  4 bash1264    (7)   :  0.932 0.006 0.024 0.008 0.030 
  5 anat1259    (0)   :  0.900 0.021 0.031 0.007 0.041 
  6 okin1246    (0)   :  0.009 0.965 0.009 0.008 0.009 
  7 yaku1245    (0)   :  0.216 0.014 0.313 0.039 0.418 
  8 daur1238    (0)   :  0.032 0.006 0.403 0.011 0.549 
  9 east2337   (14)   :  0.017 0.011 0.515 0.030 0.428 
 10 ikem1235    (7)   :  0.008 0.958 0.013 0.007 0.013 
 11 sibe1251    (0)   :  0.017 0.006 0.015 0.945 0.017 
 12 nort2697    (0)   :  0.894 0.020 0.038 0.007 0.041 
 13 bona1250    (0)   :  0.013 0.036 0.510 0.045 0.396 
 14 ulch1241   (14)   :  0.102 0.011 0.166 0.528 0.194 
 15 nort2935   (14)   :  0.010 0.944 0.015 0.018 0.013 
 16 gaga1249    (0)   :  0.685 0.047 0.115 0.012 0.140 
 17 tara1319    (0)   :  0.007 0.963 0.013 0.006 0.011 
 18 moma1245   (21)   :  0.017 0.013 0.031 0.907 0.032 
 19 manc1252    (0)   :  0.262 0.025 0.166 0.395 0.151 
 20 shor1247    (0)   :  0.593 0.010 0.177 0.012 0.209 
 21 kaza1248    (0)   :  0.924 0.006 0.031 0.007 0.031 
 22 midd1351   (14)   :  0.768 0.025 0.086 0.032 0.089 
 23 chag1247   (71)   :  0.256 0.111 0.300 0.050 0.283 
 24 huih1238   (14)   :  0.035 0.024 0.053 0.832 0.056 
 25 ordo1245    (0)   :  0.030 0.006 0.408 0.010 0.545 
 26 turk1303    (0)   :  0.604 0.009 0.170 0.011 0.206 
 27 negi1245    (0)   :  0.007 0.020 0.013 0.948 0.012 
 28 nana1257    (0)   :  0.012 0.012 0.018 0.941 0.017 
 29 nort2690    (7)   :  0.491 0.086 0.220 0.014 0.189 
 30 shur1243    (0)   :  0.007 0.958 0.011 0.014 0.010 
 31 minh1238    (0)   :  0.010 0.062 0.522 0.008 0.399 
 32 udih1248    (0)   :  0.022 0.016 0.031 0.905 0.026 
 33 oira1262   (14)   :  0.237 0.011 0.329 0.014 0.409 
 34 hate1238    (7)   :  0.061 0.827 0.039 0.036 0.038 
 35 tata1255    (0)   :  0.934 0.006 0.026 0.008 0.025 
 36 turk1304    (0)   :  0.593 0.009 0.172 0.011 0.215 
 37 oroc1248    (0)   :  0.025 0.015 0.022 0.919 0.018 
 38 chuv1255    (0)   :  0.325 0.036 0.269 0.015 0.355 
 39 noga1249   (14)   :  0.768 0.026 0.087 0.032 0.087 
 40 dong1285    (7)   :  0.020 0.014 0.543 0.024 0.399 
 41 halh1238   (14)   :  0.039 0.020 0.464 0.027 0.450 
 42 ogam1239    (0)   :  0.006 0.799 0.100 0.010 0.085 
 43 cent2126    (7)   :  0.012 0.955 0.012 0.010 0.011 
 44 yona1241   (14)   :  0.012 0.027 0.535 0.038 0.388 
 45 kore1280    (0)   :  0.009 0.027 0.538 0.010 0.416 
 46 tuvi1240    (0)   :  0.069 0.009 0.385 0.018 0.519 
 47 huzh1238    (7)   :  0.010 0.030 0.538 0.011 0.412 
 48 khak1248    (0)   :  0.597 0.009 0.175 0.011 0.207 
 49 oldu1238    (7)   :  0.603 0.010 0.170 0.017 0.201 
 50 nucl1643    (0)   :  0.009 0.963 0.010 0.008 0.010 
 51 orok1265   (14)   :  0.007 0.013 0.010 0.960 0.010 
 52 midd1372   (14)   :  0.007 0.012 0.556 0.021 0.404 
 53 mogh1245   (28)   :  0.521 0.056 0.139 0.158 0.126 
 54 uigh1240    (7)   :  0.922 0.008 0.031 0.008 0.032 
 55 kara1467   (14)   :  0.927 0.008 0.027 0.009 0.029 
 56 russ1264   (14)   :  0.597 0.013 0.166 0.017 0.208 
 57 sout2954    (0)   :  0.007 0.960 0.011 0.013 0.009 
 58 berj1234    (0)   :  0.010 0.010 0.011 0.956 0.013 
 59 kham1281    (0)   :  0.223 0.013 0.316 0.035 0.413 
 60 dolg1241    (0)   :  0.615 0.009 0.168 0.010 0.197 


Estimated Allele Frequencies in each cluster
First column gives estimated ancestral frequencies


Locus 1 : TE003 
2 alleles
3.3% missing data
   1   (0.422) 0.972 0.024 0.582 0.068 0.667 
   0   (0.578) 0.028 0.976 0.418 0.932 0.333 

Locus 2 : TE004 
2 alleles
3.3% missing data
   0   (0.804) 0.993 0.990 0.896 0.347 0.913 
   1   (0.196) 0.007 0.010 0.104 0.653 0.087 

Locus 3 : TE005 
2 alleles
18.3% missing data
   0   (0.736) 0.991 0.986 0.833 0.136 0.860 
   1   (0.264) 0.009 0.014 0.167 0.864 0.140 

Locus 4 : TE006 
2 alleles
26.7% missing data
   0   (0.598) 0.969 0.111 0.643 0.963 0.718 
   1   (0.402) 0.031 0.889 0.357 0.037 0.282 

Locus 5 : TE007 
2 alleles
6.7% missing data
   0   (0.696) 0.992 0.711 0.729 0.970 0.784 
   1   (0.304) 0.008 0.289 0.271 0.030 0.216 

Locus 6 : TE008 
2 alleles
1.7% missing data
   1   (0.630) 0.982 0.926 0.541 0.967 0.538 
   0   (0.370) 0.018 0.074 0.459 0.033 0.462 

Locus 7 : TE031 
2 alleles
1.7% missing data
   1   (0.730) 0.838 0.038 0.852 0.976 0.865 
   0   (0.270) 0.162 0.962 0.148 0.024 0.135 

Locus 8 : TE037 
2 alleles
1.7% missing data
   1   (0.509) 0.969 0.609 0.489 0.139 0.468 
   0   (0.491) 0.031 0.391 0.511 0.861 0.532 

Locus 9 : TE038 
2 alleles
1.7% missing data
   1   (0.650) 0.991 0.035 0.777 0.663 0.824 
   0   (0.350) 0.009 0.965 0.223 0.337 0.176 

Locus 10 : TE039 
2 alleles
5.0% missing data
   1   (0.619) 0.315 0.971 0.680 0.902 0.725 
   0   (0.381) 0.685 0.029 0.320 0.098 0.275 

Locus 11 : TE078 
2 alleles
3.3% missing data
   0   (0.800) 0.995 0.990 0.804 0.982 0.852 
   1   (0.200) 0.005 0.010 0.196 0.018 0.148 

Locus 12 : TS079 
2 alleles
10.0% missing data
   0   (0.824) 0.995 0.992 0.911 0.524 0.925 
   1   (0.176) 0.005 0.008 0.089 0.476 0.075 

Locus 13 : TS080 
2 alleles
10.0% missing data
   0   (0.702) 0.141 0.986 0.569 0.777 0.470 
   1   (0.298) 0.859 0.014 0.431 0.223 0.530 

Locus 14 : TS088 
2 alleles
1.7% missing data
   0   (0.564) 0.984 0.977 0.468 0.961 0.512 
   1   (0.436) 0.016 0.023 0.532 0.039 0.488 

Values of parameters used in structure:
DATAFILE=phonology_structure,	OUTFILE=outfile_phonology_structure_K5_run42,	NUMINDS=60,	NUMLOCI=14,	MISSING=-9,	LABEL=1,	POPDATA=0,	POPFLAG=0,	PHENOTYPE=0,	EXTRACOLS=0,	MAXPOPS=5,	BURNIN=10000,	NUMREPS=100000,	USEPOPINFO=0,	INFERALPHA=1,	INFERLAMBDA=0,	POPSPECIFICLAMBDA=0,	POPALPHAS=0,	COMPUTEPROB=1,	NOADMIX=0,	ADMBURNIN=500,	UPDATEFREQ=100,	PRINTLIKES=0,	INTERMEDSAVE=0,	PRINTKLD=0,	PRINTNET=1,	PRINTLAMBDA=1,	ANCESTDIST=0,	NUMBOXES=1000,	ANCESTPINT=0.90000,	GENSBACK=2,	MIGRPRIOR=0.01000,	PRINTQHAT=0,	PRINTQSUM=1,	ALPHA=1.0000,	FREQSCORR=1,	FPRIORMEAN=0.0100,	FPRIORSD=0.0500,	ONEFST=0,	LAMBDA=1.0000,	UNIFPRIORALPHA=1,	ALPHAMAX=10.0000,	ALPHAPRIORA=1.0000,	ALPHAPRIORB=2.0000,	ALPHAPROPSD=0.0250,	STARTATPOPINFO=0,	RANDOMIZE=1,	LINKAGE=0,	METROFREQ=10,	REPORTHITRATE=0,	MARKOVPHASE=0,	PHASED=0,	PLOIDY=1,	PHASEINFO=0	LOCPRIOR=0, 	LOCPRIORINIT=1.000000, 	LOCDATA=0, 	LOCISPOP=0, 	LOCPRIORSTEP=0.100000, 	MAXLOCPRIOR=20.000000, 	SEED=1641288285,	
[STRAT parameters]:    NUMSIMSTATS=1000,	PHENOTYPECOL=-9,	POOLFREQ=10,	LOCUSxONLY=0,	EMERROR=0.00100,	MISSINGPHENO=-9,	