

----------------------------------------------------
STRUCTURE by Pritchard, Stephens and Donnelly (2000)
     and Falush, Stephens and Pritchard (2003)
       Code by Pritchard, Falush and Hubisz
             Version 2.3.4 (Jul 2012)
----------------------------------------------------



Command line arguments:   ./structure -m mainparams -K 7 -i phonology_structure -L 14 -o outfile_phonology_structure_K7_run3 
Input File:    phonology_structure

Run parameters:
   60 individuals
   14 loci
   7 populations assumed
   10000 Burn-in period
   100000 Reps


--------------------------------------------
Overall proportion of membership of the
sample in each of the 7 clusters

Inferred Clusters
  1      2      3      4      5      6      7    
0.131  0.184  0.119  0.146  0.161  0.165  0.095  

--------------------------------------------

Allele-freq. divergence among pops (Net nucleotide distance),
computed using point estimates of P.

      1       2       3       4       5       6       7      
 1      -    0.0152  0.0010  0.0030  0.1559  0.2002  0.0129  
 2   0.0152     -    0.0224  0.0058  0.2011  0.2386  0.0392  
 3   0.0010  0.0224     -    0.0060  0.1532  0.1958  0.0088  
 4   0.0030  0.0058  0.0060     -    0.1666  0.2005  0.0164  
 5   0.1559  0.2011  0.1532  0.1666     -    0.2788  0.1398  
 6   0.2002  0.2386  0.1958  0.2005  0.2788     -    0.1591  
 7   0.0129  0.0392  0.0088  0.0164  0.1398  0.1591     -    

Average distances (expected heterozygosity) between individuals in same cluster:
cluster  1  : 0.3393 
cluster  2  : 0.2644 
cluster  3  : 0.3540 
cluster  4  : 0.3296 
cluster  5  : 0.1913 
cluster  6  : 0.1105 
cluster  7  : 0.4002 

--------------------------------------------
Estimated Ln Prob of Data   = -357.6
Mean value of ln likelihood = -233.8
Variance of ln likelihood   = 247.7
Mean value of alpha         = 0.0395

Mean value of Fst_1         = 0.3031
Mean value of Fst_2         = 0.5078
Mean value of Fst_3         = 0.2708
Mean value of Fst_4         = 0.3459
Mean value of Fst_5         = 0.5859
Mean value of Fst_6         = 0.7173
Mean value of Fst_7         = 0.0581


Inferred ancestry of individuals:
        Label (%Miss) :  Inferred clusters
  1 torg1245   (21)   :  0.231 0.289 0.168 0.239 0.015 0.015 0.044 
  2 oldj1239   (14)   :  0.106 0.088 0.114 0.103 0.380 0.053 0.156 
  3 crim1257    (0)   :  0.104 0.506 0.063 0.272 0.007 0.007 0.041 
  4 bash1264    (7)   :  0.101 0.503 0.067 0.271 0.007 0.006 0.045 
  5 anat1259    (0)   :  0.099 0.476 0.071 0.266 0.007 0.023 0.057 
  6 okin1246    (0)   :  0.010 0.009 0.009 0.010 0.008 0.943 0.011 
  7 yaku1245    (0)   :  0.275 0.180 0.243 0.183 0.040 0.013 0.064 
  8 daur1238    (0)   :  0.299 0.090 0.304 0.136 0.011 0.007 0.154 
  9 east2337   (14)   :  0.183 0.132 0.209 0.177 0.021 0.009 0.269 
 10 ikem1235    (7)   :  0.015 0.011 0.013 0.014 0.007 0.924 0.017 
 11 sibe1251    (0)   :  0.017 0.015 0.017 0.015 0.919 0.005 0.012 
 12 nort2697    (0)   :  0.101 0.473 0.070 0.274 0.006 0.022 0.053 
 13 bona1250    (0)   :  0.163 0.139 0.187 0.173 0.036 0.041 0.262 
 14 ulch1241   (14)   :  0.129 0.091 0.132 0.104 0.452 0.010 0.082 
 15 nort2935   (14)   :  0.016 0.013 0.014 0.014 0.017 0.906 0.019 
 16 gaga1249    (0)   :  0.182 0.334 0.121 0.245 0.010 0.055 0.052 
 17 tara1319    (0)   :  0.010 0.009 0.009 0.010 0.006 0.941 0.014 
 18 moma1245   (21)   :  0.030 0.026 0.034 0.033 0.829 0.012 0.036 
 19 manc1252    (0)   :  0.141 0.163 0.131 0.145 0.193 0.018 0.209 
 20 shor1247    (0)   :  0.235 0.314 0.159 0.244 0.010 0.009 0.029 
 21 kaza1248    (0)   :  0.097 0.510 0.065 0.269 0.007 0.006 0.045 
 22 midd1351   (14)   :  0.143 0.354 0.119 0.212 0.025 0.023 0.124 
 23 chag1247   (71)   :  0.180 0.156 0.188 0.166 0.034 0.076 0.199 
 24 huih1238   (14)   :  0.051 0.041 0.052 0.051 0.726 0.022 0.058 
 25 ordo1245    (0)   :  0.299 0.086 0.309 0.135 0.011 0.007 0.153 
 26 turk1303    (0)   :  0.234 0.312 0.160 0.241 0.010 0.009 0.034 
 27 negi1245    (0)   :  0.012 0.010 0.013 0.012 0.920 0.019 0.014 
 28 nana1257    (0)   :  0.017 0.016 0.018 0.016 0.904 0.012 0.018 
 29 nort2690    (7)   :  0.145 0.243 0.164 0.193 0.011 0.054 0.191 
 30 shur1243    (0)   :  0.011 0.009 0.010 0.010 0.012 0.937 0.011 
 31 minh1238    (0)   :  0.176 0.132 0.201 0.168 0.007 0.064 0.253 
 32 udih1248    (0)   :  0.032 0.026 0.028 0.026 0.843 0.017 0.029 
 33 oira1262   (14)   :  0.262 0.176 0.245 0.182 0.013 0.010 0.113 
 34 hate1238    (7)   :  0.047 0.048 0.040 0.048 0.029 0.729 0.058 
 35 tata1255    (0)   :  0.104 0.504 0.067 0.268 0.007 0.006 0.044 
 36 turk1304    (0)   :  0.226 0.315 0.165 0.245 0.010 0.008 0.030 
 37 oroc1248    (0)   :  0.023 0.024 0.022 0.023 0.869 0.015 0.025 
 38 chuv1255    (0)   :  0.207 0.180 0.199 0.185 0.012 0.021 0.195 
 39 noga1249   (14)   :  0.128 0.361 0.118 0.219 0.023 0.022 0.129 
 40 dong1285    (7)   :  0.176 0.134 0.211 0.176 0.017 0.013 0.274 
 41 halh1238   (14)   :  0.203 0.127 0.230 0.153 0.018 0.014 0.256 
 42 ogam1239    (0)   :  0.048 0.037 0.046 0.045 0.009 0.742 0.072 
 43 cent2126    (7)   :  0.013 0.012 0.011 0.013 0.010 0.927 0.014 
 44 yona1241   (14)   :  0.166 0.119 0.193 0.170 0.028 0.026 0.297 
 45 kore1280    (0)   :  0.192 0.124 0.217 0.158 0.009 0.028 0.273 
 46 tuvi1240    (0)   :  0.292 0.114 0.295 0.152 0.020 0.010 0.117 
 47 huzh1238    (7)   :  0.176 0.145 0.198 0.170 0.010 0.032 0.270 
 48 khak1248    (0)   :  0.235 0.301 0.164 0.249 0.010 0.009 0.033 
 49 oldu1238    (7)   :  0.231 0.313 0.157 0.250 0.013 0.008 0.029 
 50 nucl1643    (0)   :  0.009 0.009 0.009 0.010 0.007 0.945 0.011 
 51 orok1265   (14)   :  0.010 0.008 0.009 0.009 0.939 0.013 0.010 
 52 midd1372   (14)   :  0.186 0.125 0.198 0.177 0.015 0.014 0.284 
 53 mogh1245   (28)   :  0.135 0.270 0.126 0.186 0.072 0.037 0.175 
 54 uigh1240    (7)   :  0.103 0.507 0.062 0.268 0.007 0.008 0.046 
 55 kara1467   (14)   :  0.103 0.501 0.072 0.262 0.008 0.007 0.047 
 56 russ1264   (14)   :  0.235 0.292 0.167 0.242 0.016 0.011 0.038 
 57 sout2954    (0)   :  0.011 0.009 0.010 0.010 0.012 0.935 0.013 
 58 berj1234    (0)   :  0.015 0.011 0.014 0.015 0.918 0.010 0.016 
 59 kham1281    (0)   :  0.269 0.181 0.242 0.191 0.040 0.014 0.063 
 60 dolg1241    (0)   :  0.230 0.313 0.161 0.249 0.010 0.009 0.028 


Estimated Allele Frequencies in each cluster
First column gives estimated ancestral frequencies


Locus 1 : TE003 
2 alleles
3.3% missing data
   1   (0.409) 0.652 0.748 0.632 0.668 0.058 0.020 0.432 
   0   (0.591) 0.348 0.252 0.368 0.332 0.942 0.980 0.568 

Locus 2 : TE004 
2 alleles
3.3% missing data
   0   (0.822) 0.901 0.938 0.891 0.902 0.317 0.992 0.837 
   1   (0.178) 0.099 0.062 0.109 0.098 0.683 0.008 0.163 

Locus 3 : TE005 
2 alleles
18.3% missing data
   0   (0.793) 0.876 0.914 0.859 0.873 0.113 0.990 0.806 
   1   (0.207) 0.124 0.086 0.141 0.127 0.887 0.010 0.194 

Locus 4 : TE006 
2 alleles
26.7% missing data
   0   (0.637) 0.777 0.842 0.742 0.771 0.970 0.096 0.645 
   1   (0.363) 0.223 0.158 0.258 0.229 0.030 0.904 0.355 

Locus 5 : TE007 
2 alleles
6.7% missing data
   0   (0.717) 0.831 0.870 0.812 0.827 0.975 0.709 0.726 
   1   (0.283) 0.169 0.130 0.188 0.173 0.025 0.291 0.274 

Locus 6 : TE008 
2 alleles
1.7% missing data
   1   (0.564) 0.624 0.823 0.586 0.728 0.965 0.934 0.575 
   0   (0.436) 0.376 0.177 0.414 0.272 0.035 0.066 0.425 

Locus 7 : TE031 
2 alleles
1.7% missing data
   1   (0.779) 0.857 0.840 0.851 0.827 0.982 0.036 0.791 
   0   (0.221) 0.143 0.160 0.149 0.173 0.018 0.964 0.209 

Locus 8 : TE037 
2 alleles
1.7% missing data
   1   (0.538) 0.587 0.804 0.538 0.688 0.112 0.611 0.557 
   0   (0.462) 0.413 0.196 0.462 0.312 0.888 0.389 0.443 

Locus 9 : TE038 
2 alleles
1.7% missing data
   1   (0.709) 0.818 0.891 0.812 0.834 0.663 0.034 0.731 
   0   (0.291) 0.182 0.109 0.188 0.166 0.337 0.966 0.269 

Locus 10 : TE039 
2 alleles
5.0% missing data
   1   (0.553) 0.652 0.405 0.656 0.530 0.932 0.972 0.541 
   0   (0.447) 0.348 0.595 0.344 0.470 0.068 0.028 0.459 

Locus 11 : TE078 
2 alleles
3.3% missing data
   0   (0.799) 0.880 0.911 0.872 0.886 0.984 0.991 0.803 
   1   (0.201) 0.120 0.089 0.128 0.114 0.016 0.009 0.197 

Locus 12 : TS079 
2 alleles
10.0% missing data
   0   (0.864) 0.911 0.953 0.911 0.926 0.492 0.994 0.875 
   1   (0.136) 0.089 0.047 0.089 0.074 0.508 0.006 0.125 

Locus 13 : TS080 
2 alleles
10.0% missing data
   0   (0.698) 0.451 0.333 0.503 0.441 0.772 0.987 0.676 
   1   (0.302) 0.549 0.667 0.497 0.559 0.228 0.013 0.324 

Locus 14 : TS088 
2 alleles
1.7% missing data
   0   (0.551) 0.650 0.807 0.577 0.706 0.964 0.979 0.556 
   1   (0.449) 0.350 0.193 0.423 0.294 0.036 0.021 0.444 

Values of parameters used in structure:
DATAFILE=phonology_structure,	OUTFILE=outfile_phonology_structure_K7_run3,	NUMINDS=60,	NUMLOCI=14,	MISSING=-9,	LABEL=1,	POPDATA=0,	POPFLAG=0,	PHENOTYPE=0,	EXTRACOLS=0,	MAXPOPS=7,	BURNIN=10000,	NUMREPS=100000,	USEPOPINFO=0,	INFERALPHA=1,	INFERLAMBDA=0,	POPSPECIFICLAMBDA=0,	POPALPHAS=0,	COMPUTEPROB=1,	NOADMIX=0,	ADMBURNIN=500,	UPDATEFREQ=100,	PRINTLIKES=0,	INTERMEDSAVE=0,	PRINTKLD=0,	PRINTNET=1,	PRINTLAMBDA=1,	ANCESTDIST=0,	NUMBOXES=1000,	ANCESTPINT=0.90000,	GENSBACK=2,	MIGRPRIOR=0.01000,	PRINTQHAT=0,	PRINTQSUM=1,	ALPHA=1.0000,	FREQSCORR=1,	FPRIORMEAN=0.0100,	FPRIORSD=0.0500,	ONEFST=0,	LAMBDA=1.0000,	UNIFPRIORALPHA=1,	ALPHAMAX=10.0000,	ALPHAPRIORA=1.0000,	ALPHAPRIORB=2.0000,	ALPHAPROPSD=0.0250,	STARTATPOPINFO=0,	RANDOMIZE=1,	LINKAGE=0,	METROFREQ=10,	REPORTHITRATE=0,	MARKOVPHASE=0,	PHASED=0,	PLOIDY=1,	PHASEINFO=0	LOCPRIOR=0, 	LOCPRIORINIT=1.000000, 	LOCDATA=0, 	LOCISPOP=0, 	LOCPRIORSTEP=0.100000, 	MAXLOCPRIOR=20.000000, 	SEED=1641218106,	
[STRAT parameters]:    NUMSIMSTATS=1000,	PHENOTYPECOL=-9,	POOLFREQ=10,	LOCUSxONLY=0,	EMERROR=0.00100,	MISSINGPHENO=-9,	