

----------------------------------------------------
STRUCTURE by Pritchard, Stephens and Donnelly (2000)
     and Falush, Stephens and Pritchard (2003)
       Code by Pritchard, Falush and Hubisz
             Version 2.3.4 (Jul 2012)
----------------------------------------------------



Command line arguments:   ./structure -m mainparams -K 7 -i phonology_structure -L 14 -o outfile_phonology_structure_K7_run7 
Input File:    phonology_structure

Run parameters:
   60 individuals
   14 loci
   7 populations assumed
   10000 Burn-in period
   100000 Reps


--------------------------------------------
Overall proportion of membership of the
sample in each of the 7 clusters

Inferred Clusters
  1      2      3      4      5      6      7    
0.149  0.134  0.180  0.134  0.123  0.152  0.128  

--------------------------------------------

Allele-freq. divergence among pops (Net nucleotide distance),
computed using point estimates of P.

      1       2       3       4       5       6       7      
 1      -    0.0272  0.0493  0.0273  0.0250  0.0493  0.0235  
 2   0.0272     -    0.0125  0.0005  0.0034  0.0373  0.0007  
 3   0.0493  0.0125     -    0.0106  0.0225  0.0590  0.0135  
 4   0.0273  0.0005  0.0106     -    0.0027  0.0344  0.0003  
 5   0.0250  0.0034  0.0225  0.0027     -    0.0280  0.0016  
 6   0.0493  0.0373  0.0590  0.0344  0.0280     -    0.0311  
 7   0.0235  0.0007  0.0135  0.0003  0.0016  0.0311     -    

Average distances (expected heterozygosity) between individuals in same cluster:
cluster  1  : 0.3448 
cluster  2  : 0.3563 
cluster  3  : 0.2781 
cluster  4  : 0.3565 
cluster  5  : 0.3882 
cluster  6  : 0.3234 
cluster  7  : 0.3669 

--------------------------------------------
Estimated Ln Prob of Data   = -4544.8
Mean value of ln likelihood = -336.3
Variance of ln likelihood   = 8417.1
Mean value of alpha         = 1.7190

Mean value of Fst_1         = 0.2533
Mean value of Fst_2         = 0.1540
Mean value of Fst_3         = 0.3393
Mean value of Fst_4         = 0.1571
Mean value of Fst_5         = 0.0612
Mean value of Fst_6         = 0.3201
Mean value of Fst_7         = 0.0978


Inferred ancestry of individuals:
        Label (%Miss) :  Inferred clusters
  1 torg1245   (21)   :  0.089 0.154 0.275 0.154 0.098 0.088 0.141 
  2 oldj1239   (14)   :  0.236 0.125 0.093 0.127 0.156 0.105 0.158 
  3 crim1257    (0)   :  0.086 0.106 0.402 0.135 0.089 0.084 0.097 
  4 bash1264    (7)   :  0.086 0.105 0.405 0.134 0.088 0.085 0.097 
  5 anat1259    (0)   :  0.086 0.107 0.396 0.130 0.090 0.091 0.099 
  6 okin1246    (0)   :  0.086 0.086 0.086 0.086 0.087 0.483 0.086 
  7 yaku1245    (0)   :  0.098 0.212 0.177 0.163 0.101 0.088 0.159 
  8 daur1238    (0)   :  0.087 0.248 0.102 0.177 0.132 0.085 0.169 
  9 east2337   (14)   :  0.092 0.157 0.091 0.168 0.226 0.087 0.179 
 10 ikem1235    (7)   :  0.085 0.088 0.086 0.088 0.091 0.476 0.087 
 11 sibe1251    (0)   :  0.470 0.088 0.090 0.089 0.089 0.085 0.089 
 12 nort2697    (0)   :  0.085 0.108 0.397 0.130 0.092 0.090 0.097 
 13 bona1250    (0)   :  0.097 0.158 0.088 0.161 0.218 0.100 0.178 
 14 ulch1241   (14)   :  0.260 0.146 0.121 0.125 0.117 0.087 0.145 
 15 nort2935   (14)   :  0.089 0.088 0.087 0.089 0.091 0.467 0.089 
 16 gaga1249    (0)   :  0.087 0.135 0.319 0.135 0.095 0.101 0.129 
 17 tara1319    (0)   :  0.085 0.086 0.086 0.088 0.089 0.478 0.088 
 18 moma1245   (21)   :  0.418 0.098 0.091 0.099 0.101 0.088 0.105 
 19 manc1252    (0)   :  0.162 0.140 0.129 0.149 0.152 0.090 0.178 
 20 shor1247    (0)   :  0.086 0.152 0.297 0.150 0.088 0.086 0.140 
 21 kaza1248    (0)   :  0.085 0.108 0.412 0.127 0.089 0.084 0.094 
 22 midd1351   (14)   :  0.092 0.124 0.267 0.167 0.127 0.091 0.131 
 23 chag1247   (71)   :  0.099 0.159 0.135 0.161 0.175 0.113 0.159 
 24 huih1238   (14)   :  0.377 0.108 0.097 0.108 0.108 0.091 0.111 
 25 ordo1245    (0)   :  0.087 0.246 0.097 0.177 0.140 0.085 0.168 
 26 turk1303    (0)   :  0.087 0.155 0.296 0.145 0.088 0.086 0.144 
 27 negi1245    (0)   :  0.466 0.089 0.087 0.089 0.089 0.090 0.090 
 28 nana1257    (0)   :  0.457 0.090 0.088 0.091 0.093 0.087 0.093 
 29 nort2690    (7)   :  0.087 0.136 0.179 0.163 0.179 0.104 0.151 
 30 shur1243    (0)   :  0.087 0.087 0.085 0.086 0.088 0.480 0.087 
 31 minh1238    (0)   :  0.086 0.153 0.087 0.160 0.232 0.109 0.172 
 32 udih1248    (0)   :  0.436 0.095 0.092 0.095 0.096 0.090 0.098 
 33 oira1262   (14)   :  0.089 0.196 0.172 0.167 0.128 0.087 0.161 
 34 hate1238    (7)   :  0.096 0.099 0.102 0.104 0.106 0.389 0.104 
 35 tata1255    (0)   :  0.085 0.109 0.406 0.134 0.089 0.084 0.094 
 36 turk1304    (0)   :  0.086 0.154 0.289 0.152 0.089 0.086 0.144 
 37 oroc1248    (0)   :  0.449 0.091 0.094 0.092 0.094 0.088 0.093 
 38 chuv1255    (0)   :  0.088 0.188 0.169 0.161 0.148 0.091 0.155 
 39 noga1249   (14)   :  0.095 0.121 0.277 0.162 0.127 0.092 0.126 
 40 dong1285    (7)   :  0.091 0.152 0.090 0.162 0.244 0.089 0.173 
 41 halh1238   (14)   :  0.090 0.195 0.097 0.172 0.185 0.089 0.170 
 42 ogam1239    (0)   :  0.086 0.103 0.085 0.106 0.120 0.393 0.107 
 43 cent2126    (7)   :  0.086 0.087 0.088 0.088 0.088 0.475 0.088 
 44 yona1241   (14)   :  0.094 0.154 0.088 0.160 0.225 0.093 0.186 
 45 kore1280    (0)   :  0.087 0.164 0.086 0.170 0.226 0.094 0.173 
 46 tuvi1240    (0)   :  0.090 0.248 0.116 0.180 0.117 0.086 0.163 
 47 huzh1238    (7)   :  0.088 0.158 0.089 0.165 0.241 0.096 0.163 
 48 khak1248    (0)   :  0.087 0.149 0.293 0.154 0.090 0.085 0.142 
 49 oldu1238    (7)   :  0.088 0.156 0.293 0.149 0.091 0.085 0.138 
 50 nucl1643    (0)   :  0.085 0.087 0.086 0.087 0.088 0.481 0.086 
 51 orok1265   (14)   :  0.470 0.088 0.086 0.088 0.088 0.088 0.091 
 52 midd1372   (14)   :  0.090 0.164 0.088 0.165 0.236 0.088 0.169 
 53 mogh1245   (28)   :  0.116 0.130 0.207 0.156 0.147 0.098 0.146 
 54 uigh1240    (7)   :  0.085 0.108 0.400 0.137 0.091 0.085 0.094 
 55 kara1467   (14)   :  0.085 0.110 0.397 0.138 0.089 0.085 0.096 
 56 russ1264   (14)   :  0.089 0.152 0.287 0.153 0.092 0.087 0.140 
 57 sout2954    (0)   :  0.087 0.087 0.086 0.086 0.088 0.479 0.087 
 58 berj1234    (0)   :  0.466 0.090 0.088 0.089 0.090 0.086 0.091 
 59 kham1281    (0)   :  0.098 0.212 0.179 0.166 0.104 0.087 0.154 
 60 dolg1241    (0)   :  0.086 0.156 0.294 0.149 0.089 0.086 0.141 


Estimated Allele Frequencies in each cluster
First column gives estimated ancestral frequencies


Locus 1 : TE003 
2 alleles
3.3% missing data
   1   (0.504) 0.338 0.599 0.718 0.587 0.501 0.317 0.558 
   0   (0.496) 0.662 0.401 0.282 0.413 0.499 0.683 0.442 

Locus 2 : TE004 
2 alleles
3.3% missing data
   0   (0.825) 0.624 0.865 0.906 0.867 0.839 0.908 0.847 
   1   (0.175) 0.376 0.135 0.094 0.133 0.161 0.092 0.153 

Locus 3 : TE005 
2 alleles
18.3% missing data
   0   (0.756) 0.490 0.804 0.857 0.803 0.766 0.860 0.780 
   1   (0.244) 0.510 0.196 0.143 0.197 0.234 0.140 0.220 

Locus 4 : TE006 
2 alleles
26.7% missing data
   0   (0.695) 0.835 0.756 0.841 0.739 0.672 0.467 0.730 
   1   (0.305) 0.165 0.244 0.159 0.261 0.328 0.533 0.270 

Locus 5 : TE007 
2 alleles
6.7% missing data
   0   (0.796) 0.900 0.840 0.908 0.834 0.781 0.791 0.825 
   1   (0.204) 0.100 0.160 0.092 0.166 0.219 0.209 0.175 

Locus 6 : TE008 
2 alleles
1.7% missing data
   1   (0.741) 0.875 0.714 0.879 0.747 0.713 0.864 0.752 
   0   (0.259) 0.125 0.286 0.121 0.253 0.287 0.136 0.248 

Locus 7 : TE031 
2 alleles
1.7% missing data
   1   (0.743) 0.833 0.783 0.776 0.778 0.756 0.437 0.767 
   0   (0.257) 0.167 0.217 0.224 0.222 0.244 0.563 0.233 

Locus 8 : TE037 
2 alleles
1.7% missing data
   1   (0.557) 0.383 0.543 0.735 0.589 0.557 0.591 0.571 
   0   (0.443) 0.617 0.457 0.265 0.411 0.443 0.409 0.429 

Locus 9 : TE038 
2 alleles
1.7% missing data
   1   (0.694) 0.687 0.755 0.827 0.751 0.700 0.421 0.727 
   0   (0.306) 0.313 0.245 0.173 0.249 0.300 0.579 0.273 

Locus 10 : TE039 
2 alleles
5.0% missing data
   1   (0.622) 0.773 0.675 0.535 0.634 0.615 0.793 0.655 
   0   (0.378) 0.227 0.325 0.465 0.366 0.385 0.207 0.345 

Locus 11 : TE078 
2 alleles
3.3% missing data
   0   (0.871) 0.943 0.900 0.949 0.897 0.861 0.946 0.889 
   1   (0.129) 0.057 0.100 0.051 0.103 0.139 0.054 0.111 

Locus 12 : TS079 
2 alleles
10.0% missing data
   0   (0.876) 0.728 0.908 0.940 0.907 0.887 0.941 0.894 
   1   (0.124) 0.272 0.092 0.060 0.093 0.113 0.059 0.106 

Locus 13 : TS080 
2 alleles
10.0% missing data
   0   (0.622) 0.649 0.515 0.360 0.540 0.632 0.739 0.556 
   1   (0.378) 0.351 0.485 0.640 0.460 0.368 0.261 0.444 

Locus 14 : TS088 
2 alleles
1.7% missing data
   0   (0.692) 0.857 0.697 0.864 0.723 0.655 0.866 0.713 
   1   (0.308) 0.143 0.303 0.136 0.277 0.345 0.134 0.287 

Values of parameters used in structure:
DATAFILE=phonology_structure,	OUTFILE=outfile_phonology_structure_K7_run7,	NUMINDS=60,	NUMLOCI=14,	MISSING=-9,	LABEL=1,	POPDATA=0,	POPFLAG=0,	PHENOTYPE=0,	EXTRACOLS=0,	MAXPOPS=7,	BURNIN=10000,	NUMREPS=100000,	USEPOPINFO=0,	INFERALPHA=1,	INFERLAMBDA=0,	POPSPECIFICLAMBDA=0,	POPALPHAS=0,	COMPUTEPROB=1,	NOADMIX=0,	ADMBURNIN=500,	UPDATEFREQ=100,	PRINTLIKES=0,	INTERMEDSAVE=0,	PRINTKLD=0,	PRINTNET=1,	PRINTLAMBDA=1,	ANCESTDIST=0,	NUMBOXES=1000,	ANCESTPINT=0.90000,	GENSBACK=2,	MIGRPRIOR=0.01000,	PRINTQHAT=0,	PRINTQSUM=1,	ALPHA=1.0000,	FREQSCORR=1,	FPRIORMEAN=0.0100,	FPRIORSD=0.0500,	ONEFST=0,	LAMBDA=1.0000,	UNIFPRIORALPHA=1,	ALPHAMAX=10.0000,	ALPHAPRIORA=1.0000,	ALPHAPRIORB=2.0000,	ALPHAPROPSD=0.0250,	STARTATPOPINFO=0,	RANDOMIZE=1,	LINKAGE=0,	METROFREQ=10,	REPORTHITRATE=0,	MARKOVPHASE=0,	PHASED=0,	PLOIDY=1,	PHASEINFO=0	LOCPRIOR=0, 	LOCPRIORINIT=1.000000, 	LOCDATA=0, 	LOCISPOP=0, 	LOCPRIORSTEP=0.100000, 	MAXLOCPRIOR=20.000000, 	SEED=1641220379,	
[STRAT parameters]:    NUMSIMSTATS=1000,	PHENOTYPECOL=-9,	POOLFREQ=10,	LOCUSxONLY=0,	EMERROR=0.00100,	MISSINGPHENO=-9,	