

----------------------------------------------------
STRUCTURE by Pritchard, Stephens and Donnelly (2000)
     and Falush, Stephens and Pritchard (2003)
       Code by Pritchard, Falush and Hubisz
             Version 2.3.4 (Jul 2012)
----------------------------------------------------



Command line arguments:   ./structure -m mainparams -K 6 -i phonology_structure -L 14 -o outfile_phonology_structure_K6_run27 
Input File:    phonology_structure

Run parameters:
   60 individuals
   14 loci
   6 populations assumed
   10000 Burn-in period
   100000 Reps


--------------------------------------------
Overall proportion of membership of the
sample in each of the 6 clusters

Inferred Clusters
  1      2      3      4      5      6    
0.164  0.166  0.268  0.165  0.115  0.122  

--------------------------------------------

Allele-freq. divergence among pops (Net nucleotide distance),
computed using point estimates of P.

      1       2       3       4       5       6      
 1      -    0.1945  0.0360  0.1521  0.0192  0.0080  
 2   0.1945     -    0.3055  0.2733  0.1507  0.1776  
 3   0.0360  0.3055     -    0.2428  0.1070  0.0748  
 4   0.1521  0.2733  0.2428     -    0.1335  0.1377  
 5   0.0192  0.1507  0.1070  0.1335     -    0.0061  
 6   0.0080  0.1776  0.0748  0.1377  0.0061     -    

Average distances (expected heterozygosity) between individuals in same cluster:
cluster  1  : 0.3446 
cluster  2  : 0.1119 
cluster  3  : 0.1395 
cluster  4  : 0.1980 
cluster  5  : 0.4096 
cluster  6  : 0.3818 

--------------------------------------------
Estimated Ln Prob of Data   = -338.4
Mean value of ln likelihood = -232.8
Variance of ln likelihood   = 211.3
Mean value of alpha         = 0.0389

Mean value of Fst_1         = 0.3188
Mean value of Fst_2         = 0.7095
Mean value of Fst_3         = 0.6994
Mean value of Fst_4         = 0.5662
Mean value of Fst_5         = 0.0488
Mean value of Fst_6         = 0.1919


Inferred ancestry of individuals:
        Label (%Miss) :  Inferred clusters
  1 torg1245   (21)   :  0.227 0.015 0.621 0.016 0.037 0.084 
  2 oldj1239   (14)   :  0.132 0.049 0.030 0.404 0.227 0.159 
  3 crim1257    (0)   :  0.249 0.006 0.706 0.007 0.013 0.019 
  4 bash1264    (7)   :  0.242 0.006 0.713 0.007 0.013 0.019 
  5 anat1259    (0)   :  0.248 0.022 0.672 0.006 0.022 0.030 
  6 okin1246    (0)   :  0.010 0.952 0.009 0.008 0.011 0.009 
  7 yaku1245    (0)   :  0.223 0.014 0.423 0.043 0.064 0.233 
  8 daur1238    (0)   :  0.241 0.006 0.199 0.011 0.170 0.373 
  9 east2337   (14)   :  0.230 0.009 0.033 0.021 0.416 0.291 
 10 ikem1235    (7)   :  0.015 0.934 0.009 0.007 0.018 0.017 
 11 sibe1251    (0)   :  0.016 0.005 0.018 0.934 0.012 0.014 
 12 nort2697    (0)   :  0.246 0.022 0.678 0.006 0.022 0.027 
 13 bona1250    (0)   :  0.223 0.038 0.021 0.038 0.392 0.288 
 14 ulch1241   (14)   :  0.125 0.010 0.159 0.472 0.091 0.143 
 15 nort2935   (14)   :  0.017 0.914 0.010 0.017 0.022 0.019 
 16 gaga1249    (0)   :  0.233 0.042 0.620 0.010 0.035 0.060 
 17 tara1319    (0)   :  0.011 0.949 0.007 0.006 0.015 0.012 
 18 moma1245   (21)   :  0.033 0.012 0.020 0.855 0.036 0.043 
 19 manc1252    (0)   :  0.201 0.020 0.119 0.222 0.261 0.176 
 20 shor1247    (0)   :  0.237 0.009 0.649 0.010 0.021 0.074 
 21 kaza1248    (0)   :  0.248 0.006 0.704 0.007 0.013 0.022 
 22 midd1351   (14)   :  0.260 0.024 0.458 0.029 0.127 0.101 
 23 chag1247   (71)   :  0.225 0.084 0.157 0.037 0.252 0.246 
 24 huih1238   (14)   :  0.058 0.022 0.042 0.754 0.065 0.060 
 25 ordo1245    (0)   :  0.239 0.006 0.201 0.012 0.174 0.367 
 26 turk1303    (0)   :  0.231 0.009 0.656 0.011 0.019 0.074 
 27 negi1245    (0)   :  0.014 0.020 0.008 0.926 0.018 0.015 
 28 nana1257    (0)   :  0.020 0.011 0.013 0.908 0.025 0.023 
 29 nort2690    (7)   :  0.239 0.068 0.244 0.013 0.238 0.198 
 30 shur1243    (0)   :  0.010 0.943 0.007 0.012 0.013 0.014 
 31 minh1238    (0)   :  0.215 0.055 0.023 0.007 0.416 0.284 
 32 udih1248    (0)   :  0.030 0.016 0.023 0.867 0.032 0.031 
 33 oira1262   (14)   :  0.236 0.010 0.385 0.013 0.131 0.224 
 34 hate1238    (7)   :  0.052 0.749 0.044 0.034 0.068 0.053 
 35 tata1255    (0)   :  0.252 0.006 0.702 0.007 0.013 0.020 
 36 turk1304    (0)   :  0.232 0.009 0.656 0.011 0.019 0.073 
 37 oroc1248    (0)   :  0.025 0.015 0.022 0.884 0.030 0.025 
 38 chuv1255    (0)   :  0.240 0.023 0.252 0.012 0.201 0.271 
 39 noga1249   (14)   :  0.248 0.024 0.464 0.027 0.121 0.116 
 40 dong1285    (7)   :  0.231 0.012 0.035 0.018 0.414 0.291 
 41 halh1238   (14)   :  0.240 0.015 0.093 0.019 0.329 0.304 
 42 ogam1239    (0)   :  0.054 0.749 0.013 0.010 0.096 0.079 
 43 cent2126    (7)   :  0.013 0.942 0.010 0.010 0.013 0.012 
 44 yona1241   (14)   :  0.233 0.023 0.028 0.025 0.384 0.306 
 45 kore1280    (0)   :  0.220 0.026 0.033 0.009 0.411 0.302 
 46 tuvi1240    (0)   :  0.229 0.009 0.266 0.021 0.130 0.345 
 47 huzh1238    (7)   :  0.232 0.032 0.027 0.010 0.406 0.292 
 48 khak1248    (0)   :  0.243 0.009 0.653 0.010 0.019 0.066 
 49 oldu1238    (7)   :  0.236 0.009 0.642 0.013 0.021 0.078 
 50 nucl1643    (0)   :  0.011 0.950 0.009 0.008 0.011 0.011 
 51 orok1265   (14)   :  0.009 0.014 0.008 0.946 0.012 0.011 
 52 midd1372   (14)   :  0.240 0.012 0.029 0.015 0.411 0.293 
 53 mogh1245   (28)   :  0.225 0.044 0.288 0.099 0.200 0.144 
 54 uigh1240    (7)   :  0.246 0.007 0.702 0.007 0.016 0.022 
 55 kara1467   (14)   :  0.252 0.007 0.693 0.009 0.016 0.023 
 56 russ1264   (14)   :  0.232 0.012 0.631 0.014 0.027 0.084 
 57 sout2954    (0)   :  0.011 0.941 0.007 0.012 0.015 0.013 
 58 berj1234    (0)   :  0.014 0.009 0.010 0.936 0.015 0.015 
 59 kham1281    (0)   :  0.212 0.015 0.436 0.045 0.062 0.229 
 60 dolg1241    (0)   :  0.233 0.009 0.661 0.011 0.020 0.066 


Estimated Allele Frequencies in each cluster
First column gives estimated ancestral frequencies


Locus 1 : TE003 
2 alleles
3.3% missing data
   1   (0.411) 0.642 0.021 0.949 0.065 0.416 0.555 
   0   (0.589) 0.358 0.979 0.051 0.935 0.584 0.445 

Locus 2 : TE004 
2 alleles
3.3% missing data
   0   (0.816) 0.894 0.992 0.986 0.334 0.828 0.873 
   1   (0.184) 0.106 0.008 0.014 0.666 0.172 0.127 

Locus 3 : TE005 
2 alleles
18.3% missing data
   0   (0.756) 0.861 0.988 0.978 0.122 0.768 0.816 
   1   (0.244) 0.139 0.012 0.022 0.878 0.232 0.184 

Locus 4 : TE006 
2 alleles
26.7% missing data
   0   (0.614) 0.776 0.100 0.960 0.967 0.598 0.690 
   1   (0.386) 0.224 0.900 0.040 0.033 0.402 0.310 

Locus 5 : TE007 
2 alleles
6.7% missing data
   0   (0.698) 0.821 0.711 0.975 0.971 0.684 0.765 
   1   (0.302) 0.179 0.289 0.025 0.029 0.316 0.235 

Locus 6 : TE008 
2 alleles
1.7% missing data
   1   (0.604) 0.690 0.932 0.896 0.966 0.572 0.549 
   0   (0.396) 0.310 0.068 0.104 0.034 0.428 0.451 

Locus 7 : TE031 
2 alleles
1.7% missing data
   1   (0.767) 0.825 0.037 0.871 0.980 0.784 0.818 
   0   (0.233) 0.175 0.963 0.129 0.020 0.216 0.182 

Locus 8 : TE037 
2 alleles
1.7% missing data
   1   (0.510) 0.628 0.613 0.843 0.120 0.508 0.452 
   0   (0.490) 0.372 0.387 0.157 0.880 0.492 0.548 

Locus 9 : TE038 
2 alleles
1.7% missing data
   1   (0.660) 0.811 0.033 0.975 0.666 0.671 0.751 
   0   (0.340) 0.189 0.967 0.025 0.334 0.329 0.249 

Locus 10 : TE039 
2 alleles
5.0% missing data
   1   (0.568) 0.563 0.971 0.519 0.923 0.564 0.648 
   0   (0.432) 0.437 0.029 0.481 0.077 0.436 0.352 

Locus 11 : TE078 
2 alleles
3.3% missing data
   0   (0.817) 0.882 0.991 0.984 0.984 0.804 0.848 
   1   (0.183) 0.118 0.009 0.016 0.016 0.196 0.152 

Locus 12 : TS079 
2 alleles
10.0% missing data
   0   (0.853) 0.920 0.993 0.988 0.504 0.867 0.900 
   1   (0.147) 0.080 0.007 0.012 0.496 0.133 0.100 

Locus 13 : TS080 
2 alleles
10.0% missing data
   0   (0.727) 0.474 0.988 0.115 0.767 0.737 0.583 
   1   (0.273) 0.526 0.012 0.885 0.233 0.263 0.417 

Locus 14 : TS088 
2 alleles
1.7% missing data
   0   (0.525) 0.643 0.977 0.902 0.959 0.482 0.518 
   1   (0.475) 0.357 0.023 0.098 0.041 0.518 0.482 

Values of parameters used in structure:
DATAFILE=phonology_structure,	OUTFILE=outfile_phonology_structure_K6_run27,	NUMINDS=60,	NUMLOCI=14,	MISSING=-9,	LABEL=1,	POPDATA=0,	POPFLAG=0,	PHENOTYPE=0,	EXTRACOLS=0,	MAXPOPS=6,	BURNIN=10000,	NUMREPS=100000,	USEPOPINFO=0,	INFERALPHA=1,	INFERLAMBDA=0,	POPSPECIFICLAMBDA=0,	POPALPHAS=0,	COMPUTEPROB=1,	NOADMIX=0,	ADMBURNIN=500,	UPDATEFREQ=100,	PRINTLIKES=0,	INTERMEDSAVE=0,	PRINTKLD=0,	PRINTNET=1,	PRINTLAMBDA=1,	ANCESTDIST=0,	NUMBOXES=1000,	ANCESTPINT=0.90000,	GENSBACK=2,	MIGRPRIOR=0.01000,	PRINTQHAT=0,	PRINTQSUM=1,	ALPHA=1.0000,	FREQSCORR=1,	FPRIORMEAN=0.0100,	FPRIORSD=0.0500,	ONEFST=0,	LAMBDA=1.0000,	UNIFPRIORALPHA=1,	ALPHAMAX=10.0000,	ALPHAPRIORA=1.0000,	ALPHAPRIORB=2.0000,	ALPHAPROPSD=0.0250,	STARTATPOPINFO=0,	RANDOMIZE=1,	LINKAGE=0,	METROFREQ=10,	REPORTHITRATE=0,	MARKOVPHASE=0,	PHASED=0,	PLOIDY=1,	PHASEINFO=0	LOCPRIOR=0, 	LOCPRIORINIT=1.000000, 	LOCDATA=0, 	LOCISPOP=0, 	LOCPRIORSTEP=0.100000, 	MAXLOCPRIOR=20.000000, 	SEED=1641274379,	
[STRAT parameters]:    NUMSIMSTATS=1000,	PHENOTYPECOL=-9,	POOLFREQ=10,	LOCUSxONLY=0,	EMERROR=0.00100,	MISSINGPHENO=-9,	