

----------------------------------------------------
STRUCTURE by Pritchard, Stephens and Donnelly (2000)
     and Falush, Stephens and Pritchard (2003)
       Code by Pritchard, Falush and Hubisz
             Version 2.3.4 (Jul 2012)
----------------------------------------------------



Command line arguments:   ./structure -m mainparams -K 5 -i phonology_structure -L 14 -o outfile_phonology_structure_K5_run29 
Input File:    phonology_structure

Run parameters:
   60 individuals
   14 loci
   5 populations assumed
   10000 Burn-in period
   100000 Reps


--------------------------------------------
Overall proportion of membership of the
sample in each of the 5 clusters

Inferred Clusters
  1      2      3      4      5    
0.180  0.173  0.185  0.291  0.171  

--------------------------------------------

Allele-freq. divergence among pops (Net nucleotide distance),
computed using point estimates of P.

      1       2       3       4       5      
 1      -    0.2649  0.1539  0.2486  0.1472  
 2   0.2649     -    0.2059  0.3061  0.1786  
 3   0.1539  0.2059     -    0.0575  0.0077  
 4   0.2486  0.3061  0.0575     -    0.0952  
 5   0.1472  0.1786  0.0077  0.0952     -    

Average distances (expected heterozygosity) between individuals in same cluster:
cluster  1  : 0.2049 
cluster  2  : 0.1156 
cluster  3  : 0.3410 
cluster  4  : 0.1273 
cluster  5  : 0.3868 

--------------------------------------------
Estimated Ln Prob of Data   = -309.8
Mean value of ln likelihood = -224.2
Variance of ln likelihood   = 171.3
Mean value of alpha         = 0.0408

Mean value of Fst_1         = 0.5444
Mean value of Fst_2         = 0.6945
Mean value of Fst_3         = 0.3562
Mean value of Fst_4         = 0.6878
Mean value of Fst_5         = 0.2454


Inferred ancestry of individuals:
        Label (%Miss) :  Inferred clusters
  1 torg1245   (21)   :  0.016 0.017 0.226 0.613 0.127 
  2 oldj1239   (14)   :  0.571 0.063 0.127 0.044 0.195 
  3 crim1257    (0)   :  0.008 0.006 0.112 0.851 0.022 
  4 bash1264    (7)   :  0.007 0.007 0.117 0.848 0.021 
  5 anat1259    (0)   :  0.006 0.022 0.119 0.827 0.026 
  6 okin1246    (0)   :  0.009 0.963 0.009 0.010 0.009 
  7 yaku1245    (0)   :  0.045 0.014 0.415 0.255 0.270 
  8 daur1238    (0)   :  0.011 0.006 0.490 0.088 0.405 
  9 east2337   (14)   :  0.028 0.011 0.377 0.048 0.536 
 10 ikem1235    (7)   :  0.008 0.955 0.012 0.010 0.016 
 11 sibe1251    (0)   :  0.948 0.006 0.016 0.017 0.013 
 12 nort2697    (0)   :  0.006 0.022 0.120 0.826 0.025 
 13 bona1250    (0)   :  0.049 0.041 0.345 0.035 0.530 
 14 ulch1241   (14)   :  0.554 0.011 0.192 0.104 0.139 
 15 nort2935   (14)   :  0.019 0.937 0.017 0.010 0.017 
 16 gaga1249    (0)   :  0.010 0.042 0.173 0.695 0.080 
 17 tara1319    (0)   :  0.006 0.963 0.011 0.008 0.011 
 18 moma1245   (21)   :  0.909 0.013 0.029 0.019 0.030 
 19 manc1252    (0)   :  0.378 0.026 0.168 0.235 0.193 
 20 shor1247    (0)   :  0.011 0.009 0.234 0.626 0.120 
 21 kaza1248    (0)   :  0.008 0.006 0.116 0.853 0.017 
 22 midd1351   (14)   :  0.034 0.026 0.150 0.692 0.098 
 23 chag1247   (71)   :  0.049 0.101 0.276 0.247 0.326 
 24 huih1238   (14)   :  0.834 0.025 0.050 0.040 0.051 
 25 ordo1245    (0)   :  0.012 0.006 0.494 0.088 0.399 
 26 turk1303    (0)   :  0.013 0.010 0.220 0.643 0.114 
 27 negi1245    (0)   :  0.949 0.018 0.010 0.008 0.015 
 28 nana1257    (0)   :  0.947 0.012 0.014 0.013 0.014 
 29 nort2690    (7)   :  0.014 0.080 0.236 0.406 0.264 
 30 shur1243    (0)   :  0.013 0.959 0.010 0.008 0.011 
 31 minh1238    (0)   :  0.007 0.065 0.356 0.039 0.532 
 32 udih1248    (0)   :  0.909 0.017 0.027 0.023 0.024 
 33 oira1262   (14)   :  0.015 0.011 0.400 0.264 0.311 
 34 hate1238    (7)   :  0.035 0.825 0.042 0.058 0.039 
 35 tata1255    (0)   :  0.008 0.006 0.116 0.848 0.022 
 36 turk1304    (0)   :  0.011 0.010 0.223 0.641 0.115 
 37 oroc1248    (0)   :  0.918 0.016 0.021 0.025 0.020 
 38 chuv1255    (0)   :  0.017 0.031 0.365 0.302 0.285 
 39 noga1249   (14)   :  0.032 0.026 0.151 0.690 0.102 
 40 dong1285    (7)   :  0.022 0.013 0.364 0.040 0.561 
 41 halh1238   (14)   :  0.024 0.019 0.391 0.078 0.488 
 42 ogam1239    (0)   :  0.010 0.806 0.074 0.013 0.097 
 43 cent2126    (7)   :  0.010 0.955 0.012 0.012 0.011 
 44 yona1241   (14)   :  0.035 0.028 0.348 0.030 0.558 
 45 kore1280    (0)   :  0.010 0.028 0.374 0.034 0.554 
 46 tuvi1240    (0)   :  0.019 0.010 0.489 0.123 0.359 
 47 huzh1238    (7)   :  0.011 0.036 0.370 0.038 0.545 
 48 khak1248    (0)   :  0.011 0.009 0.219 0.638 0.123 
 49 oldu1238    (7)   :  0.015 0.009 0.223 0.640 0.112 
 50 nucl1643    (0)   :  0.008 0.963 0.010 0.010 0.009 
 51 orok1265   (14)   :  0.960 0.013 0.010 0.008 0.010 
 52 midd1372   (14)   :  0.019 0.013 0.370 0.026 0.571 
 53 mogh1245   (28)   :  0.149 0.056 0.175 0.462 0.158 
 54 uigh1240    (7)   :  0.008 0.007 0.116 0.846 0.024 
 55 kara1467   (14)   :  0.009 0.008 0.110 0.850 0.022 
 56 russ1264   (14)   :  0.017 0.012 0.225 0.623 0.123 
 57 sout2954    (0)   :  0.013 0.956 0.012 0.008 0.012 
 58 berj1234    (0)   :  0.954 0.009 0.013 0.010 0.013 
 59 kham1281    (0)   :  0.044 0.014 0.403 0.270 0.268 
 60 dolg1241    (0)   :  0.012 0.009 0.222 0.640 0.117 


Estimated Allele Frequencies in each cluster
First column gives estimated ancestral frequencies


Locus 1 : TE003 
2 alleles
3.3% missing data
   1   (0.434) 0.072 0.024 0.696 0.947 0.558 
   0   (0.566) 0.928 0.976 0.304 0.053 0.442 

Locus 2 : TE004 
2 alleles
3.3% missing data
   0   (0.810) 0.352 0.991 0.918 0.985 0.885 
   1   (0.190) 0.648 0.009 0.082 0.015 0.115 

Locus 3 : TE005 
2 alleles
18.3% missing data
   0   (0.748) 0.135 0.987 0.874 0.981 0.825 
   1   (0.252) 0.865 0.013 0.126 0.019 0.175 

Locus 4 : TE006 
2 alleles
26.7% missing data
   0   (0.594) 0.964 0.109 0.742 0.953 0.620 
   1   (0.406) 0.036 0.891 0.258 0.047 0.380 

Locus 5 : TE007 
2 alleles
6.7% missing data
   0   (0.699) 0.971 0.709 0.814 0.974 0.715 
   1   (0.301) 0.029 0.291 0.186 0.026 0.285 

Locus 6 : TE008 
2 alleles
1.7% missing data
   1   (0.615) 0.966 0.925 0.576 0.942 0.525 
   0   (0.385) 0.034 0.075 0.424 0.058 0.475 

Locus 7 : TE031 
2 alleles
1.7% missing data
   1   (0.732) 0.977 0.038 0.851 0.841 0.841 
   0   (0.268) 0.023 0.962 0.149 0.159 0.159 

Locus 8 : TE037 
2 alleles
1.7% missing data
   1   (0.514) 0.134 0.610 0.504 0.925 0.487 
   0   (0.486) 0.866 0.390 0.496 0.075 0.513 

Locus 9 : TE038 
2 alleles
1.7% missing data
   1   (0.659) 0.664 0.035 0.833 0.976 0.762 
   0   (0.341) 0.336 0.965 0.167 0.024 0.238 

Locus 10 : TE039 
2 alleles
5.0% missing data
   1   (0.612) 0.904 0.970 0.693 0.390 0.649 
   0   (0.388) 0.096 0.030 0.307 0.610 0.351 

Locus 11 : TE078 
2 alleles
3.3% missing data
   0   (0.799) 0.983 0.990 0.867 0.984 0.795 
   1   (0.201) 0.017 0.010 0.133 0.016 0.205 

Locus 12 : TS079 
2 alleles
10.0% missing data
   0   (0.830) 0.525 0.992 0.926 0.988 0.906 
   1   (0.170) 0.475 0.008 0.074 0.012 0.094 

Locus 13 : TS080 
2 alleles
10.0% missing data
   0   (0.698) 0.774 0.986 0.435 0.159 0.611 
   1   (0.302) 0.226 0.014 0.565 0.841 0.389 

Locus 14 : TS088 
2 alleles
1.7% missing data
   0   (0.555) 0.961 0.977 0.567 0.941 0.447 
   1   (0.445) 0.039 0.023 0.433 0.059 0.553 

Values of parameters used in structure:
DATAFILE=phonology_structure,	OUTFILE=outfile_phonology_structure_K5_run29,	NUMINDS=60,	NUMLOCI=14,	MISSING=-9,	LABEL=1,	POPDATA=0,	POPFLAG=0,	PHENOTYPE=0,	EXTRACOLS=0,	MAXPOPS=5,	BURNIN=10000,	NUMREPS=100000,	USEPOPINFO=0,	INFERALPHA=1,	INFERLAMBDA=0,	POPSPECIFICLAMBDA=0,	POPALPHAS=0,	COMPUTEPROB=1,	NOADMIX=0,	ADMBURNIN=500,	UPDATEFREQ=100,	PRINTLIKES=0,	INTERMEDSAVE=0,	PRINTKLD=0,	PRINTNET=1,	PRINTLAMBDA=1,	ANCESTDIST=0,	NUMBOXES=1000,	ANCESTPINT=0.90000,	GENSBACK=2,	MIGRPRIOR=0.01000,	PRINTQHAT=0,	PRINTQSUM=1,	ALPHA=1.0000,	FREQSCORR=1,	FPRIORMEAN=0.0100,	FPRIORSD=0.0500,	ONEFST=0,	LAMBDA=1.0000,	UNIFPRIORALPHA=1,	ALPHAMAX=10.0000,	ALPHAPRIORA=1.0000,	ALPHAPRIORB=2.0000,	ALPHAPROPSD=0.0250,	STARTATPOPINFO=0,	RANDOMIZE=1,	LINKAGE=0,	METROFREQ=10,	REPORTHITRATE=0,	MARKOVPHASE=0,	PHASED=0,	PLOIDY=1,	PHASEINFO=0	LOCPRIOR=0, 	LOCPRIORINIT=1.000000, 	LOCDATA=0, 	LOCISPOP=0, 	LOCPRIORSTEP=0.100000, 	MAXLOCPRIOR=20.000000, 	SEED=1641275504,	
[STRAT parameters]:    NUMSIMSTATS=1000,	PHENOTYPECOL=-9,	POOLFREQ=10,	LOCUSxONLY=0,	EMERROR=0.00100,	MISSINGPHENO=-9,	