

----------------------------------------------------
STRUCTURE by Pritchard, Stephens and Donnelly (2000)
     and Falush, Stephens and Pritchard (2003)
       Code by Pritchard, Falush and Hubisz
             Version 2.3.4 (Jul 2012)
----------------------------------------------------



Command line arguments:   ./structure -m mainparams -K 5 -i phonology_structure -L 14 -o outfile_phonology_structure_K5_run24 
Input File:    phonology_structure

Run parameters:
   60 individuals
   14 loci
   5 populations assumed
   10000 Burn-in period
   100000 Reps


--------------------------------------------
Overall proportion of membership of the
sample in each of the 5 clusters

Inferred Clusters
  1      2      3      4      5    
0.290  0.180  0.169  0.173  0.189  

--------------------------------------------

Allele-freq. divergence among pops (Net nucleotide distance),
computed using point estimates of P.

      1       2       3       4       5      
 1      -    0.2346  0.0847  0.2908  0.0402  
 2   0.2346     -    0.1455  0.2653  0.1590  
 3   0.0847  0.1455     -    0.1752  0.0124  
 4   0.2908  0.2653  0.1752     -    0.2150  
 5   0.0402  0.1590  0.0124  0.2150     -    

Average distances (expected heterozygosity) between individuals in same cluster:
cluster  1  : 0.1589 
cluster  2  : 0.2055 
cluster  3  : 0.3911 
cluster  4  : 0.1144 
cluster  5  : 0.3274 

--------------------------------------------
Estimated Ln Prob of Data   = -317.2
Mean value of ln likelihood = -224.9
Variance of ln likelihood   = 184.7
Mean value of alpha         = 0.0417

Mean value of Fst_1         = 0.6633
Mean value of Fst_2         = 0.5413
Mean value of Fst_3         = 0.2222
Mean value of Fst_4         = 0.7003
Mean value of Fst_5         = 0.3830


Inferred ancestry of individuals:
        Label (%Miss) :  Inferred clusters
  1 torg1245   (21)   :  0.593 0.019 0.111 0.017 0.261 
  2 oldj1239   (14)   :  0.058 0.557 0.199 0.066 0.120 
  3 crim1257    (0)   :  0.813 0.008 0.021 0.007 0.151 
  4 bash1264    (7)   :  0.817 0.008 0.021 0.006 0.148 
  5 anat1259    (0)   :  0.771 0.007 0.034 0.022 0.166 
  6 okin1246    (0)   :  0.009 0.008 0.009 0.964 0.009 
  7 yaku1245    (0)   :  0.306 0.044 0.244 0.014 0.392 
  8 daur1238    (0)   :  0.084 0.013 0.374 0.007 0.522 
  9 east2337   (14)   :  0.096 0.029 0.538 0.011 0.326 
 10 ikem1235    (7)   :  0.009 0.008 0.015 0.956 0.012 
 11 sibe1251    (0)   :  0.017 0.946 0.014 0.006 0.018 
 12 nort2697    (0)   :  0.781 0.007 0.031 0.023 0.158 
 13 bona1250    (0)   :  0.090 0.049 0.535 0.040 0.285 
 14 ulch1241   (14)   :  0.114 0.546 0.144 0.011 0.185 
 15 nort2935   (14)   :  0.010 0.020 0.018 0.938 0.014 
 16 gaga1249    (0)   :  0.647 0.011 0.077 0.044 0.221 
 17 tara1319    (0)   :  0.008 0.006 0.013 0.961 0.012 
 18 moma1245   (21)   :  0.019 0.906 0.032 0.013 0.029 
 19 manc1252    (0)   :  0.217 0.389 0.206 0.026 0.163 
 20 shor1247    (0)   :  0.625 0.012 0.101 0.010 0.253 
 21 kaza1248    (0)   :  0.810 0.008 0.022 0.007 0.153 
 22 midd1351   (14)   :  0.629 0.036 0.106 0.028 0.200 
 23 chag1247   (71)   :  0.240 0.049 0.311 0.105 0.295 
 24 huih1238   (14)   :  0.040 0.831 0.052 0.024 0.053 
 25 ordo1245    (0)   :  0.082 0.013 0.380 0.007 0.518 
 26 turk1303    (0)   :  0.631 0.011 0.102 0.010 0.247 
 27 negi1245    (0)   :  0.009 0.949 0.011 0.021 0.010 
 28 nana1257    (0)   :  0.013 0.943 0.017 0.011 0.016 
 29 nort2690    (7)   :  0.386 0.015 0.280 0.084 0.235 
 30 shur1243    (0)   :  0.009 0.013 0.011 0.959 0.009 
 31 minh1238    (0)   :  0.092 0.008 0.547 0.061 0.293 
 32 udih1248    (0)   :  0.022 0.909 0.026 0.016 0.026 
 33 oira1262   (14)   :  0.275 0.016 0.273 0.010 0.426 
 34 hate1238    (7)   :  0.061 0.038 0.043 0.816 0.041 
 35 tata1255    (0)   :  0.820 0.007 0.023 0.006 0.143 
 36 turk1304    (0)   :  0.629 0.011 0.104 0.010 0.246 
 37 oroc1248    (0)   :  0.025 0.918 0.021 0.016 0.020 
 38 chuv1255    (0)   :  0.292 0.014 0.297 0.032 0.365 
 39 noga1249   (14)   :  0.633 0.036 0.109 0.027 0.196 
 40 dong1285    (7)   :  0.099 0.023 0.567 0.015 0.296 
 41 halh1238   (14)   :  0.099 0.025 0.448 0.018 0.410 
 42 ogam1239    (0)   :  0.019 0.011 0.110 0.795 0.064 
 43 cent2126    (7)   :  0.012 0.011 0.013 0.954 0.010 
 44 yona1241   (14)   :  0.094 0.039 0.557 0.030 0.280 
 45 kore1280    (0)   :  0.092 0.010 0.561 0.027 0.310 
 46 tuvi1240    (0)   :  0.137 0.021 0.333 0.011 0.498 
 47 huzh1238    (7)   :  0.095 0.011 0.560 0.034 0.301 
 48 khak1248    (0)   :  0.617 0.011 0.105 0.009 0.257 
 49 oldu1238    (7)   :  0.613 0.016 0.106 0.009 0.256 
 50 nucl1643    (0)   :  0.010 0.008 0.010 0.962 0.009 
 51 orok1265   (14)   :  0.008 0.959 0.010 0.013 0.010 
 52 midd1372   (14)   :  0.092 0.021 0.588 0.013 0.287 
 53 mogh1245   (28)   :  0.436 0.152 0.171 0.052 0.189 
 54 uigh1240    (7)   :  0.809 0.008 0.026 0.008 0.148 
 55 kara1467   (14)   :  0.805 0.009 0.025 0.008 0.153 
 56 russ1264   (14)   :  0.610 0.017 0.109 0.013 0.252 
 57 sout2954    (0)   :  0.008 0.013 0.011 0.960 0.009 
 58 berj1234    (0)   :  0.010 0.955 0.013 0.009 0.013 
 59 kham1281    (0)   :  0.313 0.041 0.238 0.014 0.394 
 60 dolg1241    (0)   :  0.624 0.012 0.109 0.009 0.246 


Estimated Allele Frequencies in each cluster
First column gives estimated ancestral frequencies


Locus 1 : TE003 
2 alleles
3.3% missing data
   1   (0.445) 0.913 0.073 0.546 0.024 0.729 
   0   (0.555) 0.087 0.927 0.454 0.976 0.271 

Locus 2 : TE004 
2 alleles
3.3% missing data
   0   (0.811) 0.979 0.352 0.881 0.991 0.929 
   1   (0.189) 0.021 0.648 0.119 0.009 0.071 

Locus 3 : TE005 
2 alleles
18.3% missing data
   0   (0.746) 0.968 0.136 0.818 0.987 0.884 
   1   (0.254) 0.032 0.864 0.182 0.013 0.116 

Locus 4 : TE006 
2 alleles
26.7% missing data
   0   (0.604) 0.921 0.964 0.608 0.107 0.769 
   1   (0.396) 0.079 0.036 0.392 0.893 0.231 

Locus 5 : TE007 
2 alleles
6.7% missing data
   0   (0.704) 0.950 0.971 0.707 0.710 0.828 
   1   (0.296) 0.050 0.029 0.293 0.290 0.172 

Locus 6 : TE008 
2 alleles
1.7% missing data
   1   (0.615) 0.919 0.966 0.525 0.927 0.597 
   0   (0.385) 0.081 0.034 0.475 0.073 0.403 

Locus 7 : TE031 
2 alleles
1.7% missing data
   1   (0.740) 0.848 0.978 0.834 0.037 0.860 
   0   (0.260) 0.152 0.022 0.166 0.963 0.140 

Locus 8 : TE037 
2 alleles
1.7% missing data
   1   (0.510) 0.901 0.136 0.488 0.610 0.538 
   0   (0.490) 0.099 0.864 0.512 0.390 0.462 

Locus 9 : TE038 
2 alleles
1.7% missing data
   1   (0.662) 0.958 0.665 0.751 0.035 0.854 
   0   (0.338) 0.042 0.335 0.249 0.965 0.146 

Locus 10 : TE039 
2 alleles
5.0% missing data
   1   (0.613) 0.404 0.902 0.635 0.971 0.670 
   0   (0.387) 0.596 0.098 0.365 0.029 0.330 

Locus 11 : TE078 
2 alleles
3.3% missing data
   0   (0.807) 0.965 0.983 0.792 0.991 0.882 
   1   (0.193) 0.035 0.017 0.208 0.009 0.118 

Locus 12 : TS079 
2 alleles
10.0% missing data
   0   (0.830) 0.983 0.526 0.901 0.992 0.936 
   1   (0.170) 0.017 0.474 0.099 0.008 0.064 

Locus 13 : TS080 
2 alleles
10.0% missing data
   0   (0.695) 0.189 0.774 0.631 0.986 0.417 
   1   (0.305) 0.811 0.226 0.369 0.014 0.583 

Locus 14 : TS088 
2 alleles
1.7% missing data
   0   (0.560) 0.907 0.961 0.453 0.978 0.587 
   1   (0.440) 0.093 0.039 0.547 0.022 0.413 

Values of parameters used in structure:
DATAFILE=phonology_structure,	OUTFILE=outfile_phonology_structure_K5_run24,	NUMINDS=60,	NUMLOCI=14,	MISSING=-9,	LABEL=1,	POPDATA=0,	POPFLAG=0,	PHENOTYPE=0,	EXTRACOLS=0,	MAXPOPS=5,	BURNIN=10000,	NUMREPS=100000,	USEPOPINFO=0,	INFERALPHA=1,	INFERLAMBDA=0,	POPSPECIFICLAMBDA=0,	POPALPHAS=0,	COMPUTEPROB=1,	NOADMIX=0,	ADMBURNIN=500,	UPDATEFREQ=100,	PRINTLIKES=0,	INTERMEDSAVE=0,	PRINTKLD=0,	PRINTNET=1,	PRINTLAMBDA=1,	ANCESTDIST=0,	NUMBOXES=1000,	ANCESTPINT=0.90000,	GENSBACK=2,	MIGRPRIOR=0.01000,	PRINTQHAT=0,	PRINTQSUM=1,	ALPHA=1.0000,	FREQSCORR=1,	FPRIORMEAN=0.0100,	FPRIORSD=0.0500,	ONEFST=0,	LAMBDA=1.0000,	UNIFPRIORALPHA=1,	ALPHAMAX=10.0000,	ALPHAPRIORA=1.0000,	ALPHAPRIORB=2.0000,	ALPHAPROPSD=0.0250,	STARTATPOPINFO=0,	RANDOMIZE=1,	LINKAGE=0,	METROFREQ=10,	REPORTHITRATE=0,	MARKOVPHASE=0,	PHASED=0,	PLOIDY=1,	PHASEINFO=0	LOCPRIOR=0, 	LOCPRIORINIT=1.000000, 	LOCDATA=0, 	LOCISPOP=0, 	LOCPRIORSTEP=0.100000, 	MAXLOCPRIOR=20.000000, 	SEED=1641265265,	
[STRAT parameters]:    NUMSIMSTATS=1000,	PHENOTYPECOL=-9,	POOLFREQ=10,	LOCUSxONLY=0,	EMERROR=0.00100,	MISSINGPHENO=-9,	