

----------------------------------------------------
STRUCTURE by Pritchard, Stephens and Donnelly (2000)
     and Falush, Stephens and Pritchard (2003)
       Code by Pritchard, Falush and Hubisz
             Version 2.3.4 (Jul 2012)
----------------------------------------------------



Command line arguments:   ./structure -m mainparams -K 6 -i phonology_structure -L 14 -o outfile_phonology_structure_K6_run16 
Input File:    phonology_structure

Run parameters:
   60 individuals
   14 loci
   6 populations assumed
   10000 Burn-in period
   100000 Reps


--------------------------------------------
Overall proportion of membership of the
sample in each of the 6 clusters

Inferred Clusters
  1      2      3      4      5      6    
0.196  0.177  0.167  0.167  0.175  0.118  

--------------------------------------------

Allele-freq. divergence among pops (Net nucleotide distance),
computed using point estimates of P.

      1       2       3       4       5       6      
 1      -    0.0035  0.1800  0.2207  0.0022  0.0291  
 2   0.0035     -    0.1637  0.1981  0.0034  0.0127  
 3   0.1800  0.1637     -    0.2746  0.1738  0.1389  
 4   0.2207  0.1981  0.2746     -    0.2268  0.1647  
 5   0.0022  0.0034  0.1738  0.2268     -    0.0247  
 6   0.0291  0.0127  0.1389  0.1647  0.0247     -    

Average distances (expected heterozygosity) between individuals in same cluster:
cluster  1  : 0.2933 
cluster  2  : 0.3418 
cluster  3  : 0.1953 
cluster  4  : 0.1118 
cluster  5  : 0.2948 
cluster  6  : 0.3979 

--------------------------------------------
Estimated Ln Prob of Data   = -336.6
Mean value of ln likelihood = -229.5
Variance of ln likelihood   = 214.1
Mean value of alpha         = 0.0394

Mean value of Fst_1         = 0.4489
Mean value of Fst_2         = 0.3471
Mean value of Fst_3         = 0.5755
Mean value of Fst_4         = 0.7120
Mean value of Fst_5         = 0.4456
Mean value of Fst_6         = 0.1193


Inferred ancestry of individuals:
        Label (%Miss) :  Inferred clusters
  1 torg1245   (21)   :  0.331 0.269 0.015 0.015 0.300 0.069 
  2 oldj1239   (14)   :  0.116 0.122 0.420 0.052 0.099 0.191 
  3 crim1257    (0)   :  0.418 0.307 0.007 0.006 0.245 0.016 
  4 bash1264    (7)   :  0.416 0.307 0.007 0.006 0.245 0.019 
  5 anat1259    (0)   :  0.404 0.300 0.007 0.021 0.236 0.032 
  6 okin1246    (0)   :  0.010 0.010 0.008 0.952 0.010 0.010 
  7 yaku1245    (0)   :  0.252 0.197 0.040 0.014 0.354 0.143 
  8 daur1238    (0)   :  0.169 0.216 0.011 0.006 0.332 0.266 
  9 east2337   (14)   :  0.186 0.233 0.022 0.010 0.177 0.372 
 10 ikem1235    (7)   :  0.013 0.012 0.007 0.940 0.012 0.015 
 11 sibe1251    (0)   :  0.015 0.016 0.932 0.006 0.017 0.014 
 12 nort2697    (0)   :  0.406 0.303 0.006 0.022 0.238 0.025 
 13 bona1250    (0)   :  0.171 0.237 0.040 0.040 0.160 0.352 
 14 ulch1241   (14)   :  0.123 0.102 0.488 0.010 0.158 0.119 
 15 nort2935   (14)   :  0.015 0.016 0.018 0.917 0.013 0.021 
 16 gaga1249    (0)   :  0.349 0.279 0.010 0.046 0.265 0.052 
 17 tara1319    (0)   :  0.009 0.010 0.007 0.953 0.010 0.011 
 18 moma1245   (21)   :  0.027 0.028 0.862 0.013 0.031 0.039 
 19 manc1252    (0)   :  0.191 0.174 0.256 0.022 0.155 0.202 
 20 shor1247    (0)   :  0.346 0.276 0.010 0.009 0.313 0.047 
 21 kaza1248    (0)   :  0.417 0.306 0.008 0.006 0.247 0.017 
 22 midd1351   (14)   :  0.333 0.262 0.028 0.023 0.244 0.110 
 23 chag1247   (71)   :  0.206 0.208 0.041 0.085 0.205 0.256 
 24 huih1238   (14)   :  0.043 0.047 0.771 0.022 0.050 0.066 
 25 ordo1245    (0)   :  0.171 0.208 0.012 0.006 0.332 0.270 
 26 turk1303    (0)   :  0.353 0.272 0.011 0.008 0.310 0.046 
 27 negi1245    (0)   :  0.012 0.011 0.933 0.019 0.010 0.015 
 28 nana1257    (0)   :  0.016 0.016 0.919 0.011 0.018 0.021 
 29 nort2690    (7)   :  0.269 0.225 0.012 0.066 0.217 0.211 
 30 shur1243    (0)   :  0.011 0.009 0.012 0.945 0.010 0.013 
 31 minh1238    (0)   :  0.182 0.247 0.007 0.059 0.170 0.336 
 32 udih1248    (0)   :  0.027 0.028 0.863 0.016 0.031 0.035 
 33 oira1262   (14)   :  0.242 0.226 0.014 0.010 0.342 0.165 
 34 hate1238    (7)   :  0.060 0.050 0.031 0.746 0.054 0.059 
 35 tata1255    (0)   :  0.415 0.304 0.007 0.006 0.248 0.020 
 36 turk1304    (0)   :  0.346 0.267 0.010 0.009 0.316 0.052 
 37 oroc1248    (0)   :  0.024 0.025 0.883 0.015 0.024 0.028 
 38 chuv1255    (0)   :  0.229 0.225 0.013 0.025 0.257 0.252 
 39 noga1249   (14)   :  0.333 0.251 0.027 0.024 0.254 0.111 
 40 dong1285    (7)   :  0.183 0.284 0.018 0.013 0.165 0.337 
 41 halh1238   (14)   :  0.176 0.226 0.020 0.016 0.223 0.339 
 42 ogam1239    (0)   :  0.044 0.058 0.009 0.756 0.042 0.090 
 43 cent2126    (7)   :  0.012 0.012 0.010 0.942 0.011 0.014 
 44 yona1241   (14)   :  0.192 0.268 0.027 0.026 0.159 0.329 
 45 kore1280    (0)   :  0.176 0.273 0.010 0.026 0.165 0.349 
 46 tuvi1240    (0)   :  0.194 0.189 0.019 0.009 0.357 0.232 
 47 huzh1238    (7)   :  0.160 0.253 0.011 0.033 0.185 0.358 
 48 khak1248    (0)   :  0.346 0.269 0.010 0.009 0.316 0.049 
 49 oldu1238    (7)   :  0.349 0.273 0.013 0.009 0.305 0.050 
 50 nucl1643    (0)   :  0.009 0.010 0.008 0.954 0.009 0.010 
 51 orok1265   (14)   :  0.009 0.010 0.947 0.013 0.010 0.011 
 52 midd1372   (14)   :  0.179 0.265 0.017 0.014 0.162 0.362 
 53 mogh1245   (28)   :  0.266 0.228 0.102 0.043 0.203 0.157 
 54 uigh1240    (7)   :  0.415 0.300 0.007 0.008 0.249 0.021 
 55 kara1467   (14)   :  0.414 0.301 0.009 0.007 0.246 0.023 
 56 russ1264   (14)   :  0.330 0.273 0.015 0.010 0.315 0.057 
 57 sout2954    (0)   :  0.011 0.010 0.012 0.946 0.010 0.012 
 58 berj1234    (0)   :  0.013 0.013 0.941 0.009 0.011 0.013 
 59 kham1281    (0)   :  0.257 0.196 0.038 0.014 0.351 0.144 
 60 dolg1241    (0)   :  0.344 0.278 0.011 0.008 0.310 0.049 


Estimated Allele Frequencies in each cluster
First column gives estimated ancestral frequencies


Locus 1 : TE003 
2 alleles
3.3% missing data
   1   (0.457) 0.764 0.672 0.066 0.023 0.773 0.521 
   0   (0.543) 0.236 0.328 0.934 0.977 0.227 0.479 

Locus 2 : TE004 
2 alleles
3.3% missing data
   0   (0.824) 0.929 0.904 0.329 0.992 0.932 0.857 
   1   (0.176) 0.071 0.096 0.671 0.008 0.068 0.143 

Locus 3 : TE005 
2 alleles
18.3% missing data
   0   (0.758) 0.894 0.871 0.119 0.988 0.900 0.795 
   1   (0.242) 0.106 0.129 0.881 0.012 0.100 0.205 

Locus 4 : TE006 
2 alleles
26.7% missing data
   0   (0.609) 0.808 0.747 0.968 0.099 0.825 0.636 
   1   (0.391) 0.192 0.253 0.032 0.901 0.175 0.364 

Locus 5 : TE007 
2 alleles
6.7% missing data
   0   (0.710) 0.871 0.812 0.974 0.709 0.868 0.728 
   1   (0.290) 0.129 0.188 0.026 0.291 0.132 0.272 

Locus 6 : TE008 
2 alleles
1.7% missing data
   1   (0.594) 0.776 0.695 0.966 0.930 0.704 0.554 
   0   (0.406) 0.224 0.305 0.034 0.070 0.296 0.446 

Locus 7 : TE031 
2 alleles
1.7% missing data
   1   (0.759) 0.832 0.822 0.981 0.036 0.857 0.796 
   0   (0.241) 0.168 0.178 0.019 0.964 0.143 0.204 

Locus 8 : TE037 
2 alleles
1.7% missing data
   1   (0.508) 0.716 0.652 0.117 0.611 0.628 0.482 
   0   (0.492) 0.284 0.348 0.883 0.389 0.372 0.518 

Locus 9 : TE038 
2 alleles
1.7% missing data
   1   (0.675) 0.853 0.827 0.664 0.033 0.876 0.722 
   0   (0.325) 0.147 0.173 0.336 0.967 0.124 0.278 

Locus 10 : TE039 
2 alleles
5.0% missing data
   1   (0.586) 0.509 0.545 0.927 0.972 0.624 0.620 
   0   (0.414) 0.491 0.455 0.073 0.028 0.376 0.380 

Locus 11 : TE078 
2 alleles
3.3% missing data
   0   (0.810) 0.912 0.870 0.985 0.991 0.914 0.818 
   1   (0.190) 0.088 0.130 0.015 0.009 0.086 0.182 

Locus 12 : TS079 
2 alleles
10.0% missing data
   0   (0.862) 0.947 0.931 0.506 0.994 0.945 0.889 
   1   (0.138) 0.053 0.069 0.494 0.006 0.055 0.111 

Locus 13 : TS080 
2 alleles
10.0% missing data
   0   (0.715) 0.371 0.454 0.775 0.987 0.351 0.649 
   1   (0.285) 0.629 0.546 0.225 0.013 0.649 0.351 

Locus 14 : TS088 
2 alleles
1.7% missing data
   0   (0.522) 0.746 0.645 0.961 0.977 0.699 0.505 
   1   (0.478) 0.254 0.355 0.039 0.023 0.301 0.495 

Values of parameters used in structure:
DATAFILE=phonology_structure,	OUTFILE=outfile_phonology_structure_K6_run16,	NUMINDS=60,	NUMLOCI=14,	MISSING=-9,	LABEL=1,	POPDATA=0,	POPFLAG=0,	PHENOTYPE=0,	EXTRACOLS=0,	MAXPOPS=6,	BURNIN=10000,	NUMREPS=100000,	USEPOPINFO=0,	INFERALPHA=1,	INFERLAMBDA=0,	POPSPECIFICLAMBDA=0,	POPALPHAS=0,	COMPUTEPROB=1,	NOADMIX=0,	ADMBURNIN=500,	UPDATEFREQ=100,	PRINTLIKES=0,	INTERMEDSAVE=0,	PRINTKLD=0,	PRINTNET=1,	PRINTLAMBDA=1,	ANCESTDIST=0,	NUMBOXES=1000,	ANCESTPINT=0.90000,	GENSBACK=2,	MIGRPRIOR=0.01000,	PRINTQHAT=0,	PRINTQSUM=1,	ALPHA=1.0000,	FREQSCORR=1,	FPRIORMEAN=0.0100,	FPRIORSD=0.0500,	ONEFST=0,	LAMBDA=1.0000,	UNIFPRIORALPHA=1,	ALPHAMAX=10.0000,	ALPHAPRIORA=1.0000,	ALPHAPRIORB=2.0000,	ALPHAPROPSD=0.0250,	STARTATPOPINFO=0,	RANDOMIZE=1,	LINKAGE=0,	METROFREQ=10,	REPORTHITRATE=0,	MARKOVPHASE=0,	PHASED=0,	PLOIDY=1,	PHASEINFO=0	LOCPRIOR=0, 	LOCPRIORINIT=1.000000, 	LOCDATA=0, 	LOCISPOP=0, 	LOCPRIORSTEP=0.100000, 	MAXLOCPRIOR=20.000000, 	SEED=1641242821,	
[STRAT parameters]:    NUMSIMSTATS=1000,	PHENOTYPECOL=-9,	POOLFREQ=10,	LOCUSxONLY=0,	EMERROR=0.00100,	MISSINGPHENO=-9,	