

----------------------------------------------------
STRUCTURE by Pritchard, Stephens and Donnelly (2000)
     and Falush, Stephens and Pritchard (2003)
       Code by Pritchard, Falush and Hubisz
             Version 2.3.4 (Jul 2012)
----------------------------------------------------



Command line arguments:   ./structure -m mainparams -K 3 -i phonology_structure -L 14 -o outfile_phonology_structure_K3_run45 
Input File:    phonology_structure

Run parameters:
   60 individuals
   14 loci
   3 populations assumed
   10000 Burn-in period
   100000 Reps


--------------------------------------------
Overall proportion of membership of the
sample in each of the 3 clusters

Inferred Clusters
  1      2      3    
0.249  0.298  0.453  

--------------------------------------------

Allele-freq. divergence among pops (Net nucleotide distance),
computed using point estimates of P.

      1       2       3      
 1      -    0.1380  0.1891  
 2   0.1380     -    0.2175  
 3   0.1891  0.2175     -    

Average distances (expected heterozygosity) between individuals in same cluster:
cluster  1  : 0.2910 
cluster  2  : 0.3132 
cluster  3  : 0.1325 

--------------------------------------------
Estimated Ln Prob of Data   = -303.5
Mean value of ln likelihood = -273.7
Variance of ln likelihood   = 59.5
Mean value of alpha         = 0.0520

Mean value of Fst_1         = 0.3586
Mean value of Fst_2         = 0.3028
Mean value of Fst_3         = 0.6218


Inferred ancestry of individuals:
        Label (%Miss) :  Inferred clusters
  1 torg1245   (21)   :  0.024 0.024 0.952 
  2 oldj1239   (14)   :  0.695 0.277 0.028 
  3 crim1257    (0)   :  0.012 0.010 0.979 
  4 bash1264    (7)   :  0.011 0.010 0.980 
  5 anat1259    (0)   :  0.011 0.022 0.966 
  6 okin1246    (0)   :  0.019 0.965 0.016 
  7 yaku1245    (0)   :  0.046 0.017 0.937 
  8 daur1238    (0)   :  0.120 0.070 0.810 
  9 east2337   (14)   :  0.317 0.614 0.068 
 10 ikem1235    (7)   :  0.017 0.968 0.015 
 11 sibe1251    (0)   :  0.960 0.010 0.031 
 12 nort2697    (0)   :  0.011 0.022 0.968 
 13 bona1250    (0)   :  0.309 0.674 0.018 
 14 ulch1241   (14)   :  0.684 0.030 0.286 
 15 nort2935   (14)   :  0.055 0.925 0.020 
 16 gaga1249    (0)   :  0.013 0.027 0.959 
 17 tara1319    (0)   :  0.013 0.975 0.012 
 18 moma1245   (21)   :  0.947 0.022 0.031 
 19 manc1252    (0)   :  0.658 0.158 0.184 
 20 shor1247    (0)   :  0.014 0.012 0.974 
 21 kaza1248    (0)   :  0.011 0.010 0.979 
 22 midd1351   (14)   :  0.094 0.085 0.821 
 23 chag1247   (71)   :  0.180 0.409 0.411 
 24 huih1238   (14)   :  0.909 0.038 0.053 
 25 ordo1245    (0)   :  0.118 0.072 0.810 
 26 turk1303    (0)   :  0.015 0.011 0.974 
 27 negi1245    (0)   :  0.964 0.025 0.011 
 28 nana1257    (0)   :  0.965 0.018 0.017 
 29 nort2690    (7)   :  0.092 0.455 0.453 
 30 shur1243    (0)   :  0.032 0.955 0.014 
 31 minh1238    (0)   :  0.214 0.771 0.015 
 32 udih1248    (0)   :  0.942 0.024 0.034 
 33 oira1262   (14)   :  0.056 0.038 0.906 
 34 hate1238    (7)   :  0.074 0.862 0.064 
 35 tata1255    (0)   :  0.012 0.009 0.979 
 36 turk1304    (0)   :  0.015 0.012 0.974 
 37 oroc1248    (0)   :  0.956 0.020 0.024 
 38 chuv1255    (0)   :  0.043 0.062 0.894 
 39 noga1249   (14)   :  0.088 0.085 0.826 
 40 dong1285    (7)   :  0.296 0.670 0.035 
 41 halh1238   (14)   :  0.254 0.379 0.367 
 42 ogam1239    (0)   :  0.035 0.955 0.010 
 43 cent2126    (7)   :  0.034 0.941 0.025 
 44 yona1241   (14)   :  0.288 0.696 0.016 
 45 kore1280    (0)   :  0.251 0.724 0.024 
 46 tuvi1240    (0)   :  0.067 0.031 0.903 
 47 huzh1238    (7)   :  0.247 0.734 0.019 
 48 khak1248    (0)   :  0.014 0.011 0.975 
 49 oldu1238    (7)   :  0.018 0.011 0.971 
 50 nucl1643    (0)   :  0.020 0.963 0.017 
 51 orok1265   (14)   :  0.969 0.019 0.011 
 52 midd1372   (14)   :  0.288 0.702 0.010 
 53 mogh1245   (28)   :  0.343 0.228 0.430 
 54 uigh1240    (7)   :  0.011 0.012 0.977 
 55 kara1467   (14)   :  0.014 0.012 0.974 
 56 russ1264   (14)   :  0.022 0.017 0.961 
 57 sout2954    (0)   :  0.030 0.957 0.013 
 58 berj1234    (0)   :  0.971 0.015 0.014 
 59 kham1281    (0)   :  0.040 0.017 0.943 
 60 dolg1241    (0)   :  0.014 0.011 0.975 


Estimated Allele Frequencies in each cluster
First column gives estimated ancestral frequencies


Locus 1 : TE003 
2 alleles
3.3% missing data
   1   (0.331) 0.136 0.150 0.977 
   0   (0.669) 0.864 0.850 0.023 

Locus 2 : TE004 
2 alleles
3.3% missing data
   0   (0.760) 0.467 0.930 0.994 
   1   (0.240) 0.533 0.070 0.006 

Locus 3 : TE005 
2 alleles
18.3% missing data
   0   (0.682) 0.260 0.901 0.987 
   1   (0.318) 0.740 0.099 0.013 

Locus 4 : TE006 
2 alleles
26.7% missing data
   0   (0.584) 0.891 0.220 0.980 
   1   (0.416) 0.109 0.780 0.020 

Locus 5 : TE007 
2 alleles
6.7% missing data
   0   (0.735) 0.909 0.635 0.993 
   1   (0.265) 0.091 0.365 0.007 

Locus 6 : TE008 
2 alleles
1.7% missing data
   1   (0.680) 0.885 0.722 0.860 
   0   (0.320) 0.115 0.278 0.140 

Locus 7 : TE031 
2 alleles
1.7% missing data
   1   (0.663) 0.932 0.363 0.859 
   0   (0.337) 0.068 0.637 0.141 

Locus 8 : TE037 
2 alleles
1.7% missing data
   1   (0.479) 0.235 0.566 0.798 
   0   (0.521) 0.765 0.434 0.202 

Locus 9 : TE038 
2 alleles
1.7% missing data
   1   (0.565) 0.666 0.282 0.990 
   0   (0.435) 0.334 0.718 0.010 

Locus 10 : TE039 
2 alleles
5.0% missing data
   1   (0.647) 0.817 0.757 0.555 
   0   (0.353) 0.183 0.243 0.445 

Locus 11 : TE078 
2 alleles
3.3% missing data
   0   (0.817) 0.936 0.853 0.995 
   1   (0.183) 0.064 0.147 0.005 

Locus 12 : TS079 
2 alleles
10.0% missing data
   0   (0.801) 0.615 0.942 0.994 
   1   (0.199) 0.385 0.058 0.006 

Locus 13 : TS080 
2 alleles
10.0% missing data
   0   (0.769) 0.795 0.952 0.107 
   1   (0.231) 0.205 0.048 0.893 

Locus 14 : TS088 
2 alleles
1.7% missing data
   0   (0.636) 0.856 0.681 0.895 
   1   (0.364) 0.144 0.319 0.105 

Values of parameters used in structure:
DATAFILE=phonology_structure,	OUTFILE=outfile_phonology_structure_K3_run45,	NUMINDS=60,	NUMLOCI=14,	MISSING=-9,	LABEL=1,	POPDATA=0,	POPFLAG=0,	PHENOTYPE=0,	EXTRACOLS=0,	MAXPOPS=3,	BURNIN=10000,	NUMREPS=100000,	USEPOPINFO=0,	INFERALPHA=1,	INFERLAMBDA=0,	POPSPECIFICLAMBDA=0,	POPALPHAS=0,	COMPUTEPROB=1,	NOADMIX=0,	ADMBURNIN=500,	UPDATEFREQ=100,	PRINTLIKES=0,	INTERMEDSAVE=0,	PRINTKLD=0,	PRINTNET=1,	PRINTLAMBDA=1,	ANCESTDIST=0,	NUMBOXES=1000,	ANCESTPINT=0.90000,	GENSBACK=2,	MIGRPRIOR=0.01000,	PRINTQHAT=0,	PRINTQSUM=1,	ALPHA=1.0000,	FREQSCORR=1,	FPRIORMEAN=0.0100,	FPRIORSD=0.0500,	ONEFST=0,	LAMBDA=1.0000,	UNIFPRIORALPHA=1,	ALPHAMAX=10.0000,	ALPHAPRIORA=1.0000,	ALPHAPRIORB=2.0000,	ALPHAPROPSD=0.0250,	STARTATPOPINFO=0,	RANDOMIZE=1,	LINKAGE=0,	METROFREQ=10,	REPORTHITRATE=0,	MARKOVPHASE=0,	PHASED=0,	PLOIDY=1,	PHASEINFO=0	LOCPRIOR=0, 	LOCPRIORINIT=1.000000, 	LOCDATA=0, 	LOCISPOP=0, 	LOCPRIORSTEP=0.100000, 	MAXLOCPRIOR=20.000000, 	SEED=1641289891,	
[STRAT parameters]:    NUMSIMSTATS=1000,	PHENOTYPECOL=-9,	POOLFREQ=10,	LOCUSxONLY=0,	EMERROR=0.00100,	MISSINGPHENO=-9,	