

----------------------------------------------------
STRUCTURE by Pritchard, Stephens and Donnelly (2000)
     and Falush, Stephens and Pritchard (2003)
       Code by Pritchard, Falush and Hubisz
             Version 2.3.4 (Jul 2012)
----------------------------------------------------



Command line arguments:   ./structure -m mainparams -K 3 -i phonology_structure -L 14 -o outfile_phonology_structure_K3_run46 
Input File:    phonology_structure

Run parameters:
   60 individuals
   14 loci
   3 populations assumed
   10000 Burn-in period
   100000 Reps


--------------------------------------------
Overall proportion of membership of the
sample in each of the 3 clusters

Inferred Clusters
  1      2      3    
0.441  0.187  0.372  

--------------------------------------------

Allele-freq. divergence among pops (Net nucleotide distance),
computed using point estimates of P.

      1       2       3      
 1      -    0.3107  0.1475  
 2   0.3107     -    0.1645  
 3   0.1475  0.1645     -    

Average distances (expected heterozygosity) between individuals in same cluster:
cluster  1  : 0.1240 
cluster  2  : 0.1279 
cluster  3  : 0.3990 

--------------------------------------------
Estimated Ln Prob of Data   = -298.5
Mean value of ln likelihood = -276.5
Variance of ln likelihood   = 44.1
Mean value of alpha         = 0.0531

Mean value of Fst_1         = 0.6447
Mean value of Fst_2         = 0.6856
Mean value of Fst_3         = 0.0218


Inferred ancestry of individuals:
        Label (%Miss) :  Inferred clusters
  1 torg1245   (21)   :  0.951 0.020 0.030 
  2 oldj1239   (14)   :  0.023 0.069 0.908 
  3 crim1257    (0)   :  0.980 0.008 0.011 
  4 bash1264    (7)   :  0.977 0.009 0.014 
  5 anat1259    (0)   :  0.958 0.028 0.014 
  6 okin1246    (0)   :  0.012 0.974 0.014 
  7 yaku1245    (0)   :  0.934 0.018 0.048 
  8 daur1238    (0)   :  0.610 0.012 0.378 
  9 east2337   (14)   :  0.037 0.017 0.946 
 10 ikem1235    (7)   :  0.011 0.972 0.016 
 11 sibe1251    (0)   :  0.034 0.010 0.956 
 12 nort2697    (0)   :  0.958 0.028 0.014 
 13 bona1250    (0)   :  0.017 0.069 0.915 
 14 ulch1241   (14)   :  0.326 0.017 0.657 
 15 nort2935   (14)   :  0.014 0.963 0.024 
 16 gaga1249    (0)   :  0.940 0.043 0.017 
 17 tara1319    (0)   :  0.009 0.978 0.013 
 18 moma1245   (21)   :  0.052 0.023 0.925 
 19 manc1252    (0)   :  0.109 0.028 0.864 
 20 shor1247    (0)   :  0.973 0.012 0.015 
 21 kaza1248    (0)   :  0.979 0.008 0.012 
 22 midd1351   (14)   :  0.822 0.036 0.143 
 23 chag1247   (71)   :  0.436 0.160 0.404 
 24 huih1238   (14)   :  0.061 0.029 0.910 
 25 ordo1245    (0)   :  0.610 0.012 0.378 
 26 turk1303    (0)   :  0.974 0.011 0.015 
 27 negi1245    (0)   :  0.013 0.039 0.948 
 28 nana1257    (0)   :  0.020 0.019 0.961 
 29 nort2690    (7)   :  0.547 0.154 0.298 
 30 shur1243    (0)   :  0.010 0.971 0.019 
 31 minh1238    (0)   :  0.024 0.194 0.782 
 32 udih1248    (0)   :  0.036 0.026 0.938 
 33 oira1262   (14)   :  0.855 0.015 0.131 
 34 hate1238    (7)   :  0.070 0.862 0.068 
 35 tata1255    (0)   :  0.979 0.009 0.012 
 36 turk1304    (0)   :  0.974 0.011 0.015 
 37 oroc1248    (0)   :  0.022 0.015 0.963 
 38 chuv1255    (0)   :  0.826 0.040 0.134 
 39 noga1249   (14)   :  0.823 0.038 0.140 
 40 dong1285    (7)   :  0.029 0.018 0.952 
 41 halh1238   (14)   :  0.196 0.027 0.777 
 42 ogam1239    (0)   :  0.011 0.905 0.083 
 43 cent2126    (7)   :  0.015 0.969 0.015 
 44 yona1241   (14)   :  0.015 0.031 0.954 
 45 kore1280    (0)   :  0.022 0.054 0.924 
 46 tuvi1240    (0)   :  0.822 0.017 0.161 
 47 huzh1238    (7)   :  0.019 0.083 0.898 
 48 khak1248    (0)   :  0.974 0.011 0.015 
 49 oldu1238    (7)   :  0.972 0.012 0.016 
 50 nucl1643    (0)   :  0.013 0.976 0.012 
 51 orok1265   (14)   :  0.016 0.034 0.950 
 52 midd1372   (14)   :  0.010 0.021 0.968 
 53 mogh1245   (28)   :  0.465 0.070 0.464 
 54 uigh1240    (7)   :  0.976 0.010 0.014 
 55 kara1467   (14)   :  0.975 0.009 0.016 
 56 russ1264   (14)   :  0.961 0.015 0.025 
 57 sout2954    (0)   :  0.010 0.975 0.015 
 58 berj1234    (0)   :  0.018 0.018 0.963 
 59 kham1281    (0)   :  0.936 0.017 0.046 
 60 dolg1241    (0)   :  0.974 0.011 0.014 


Estimated Allele Frequencies in each cluster
First column gives estimated ancestral frequencies


Locus 1 : TE003 
2 alleles
3.3% missing data
   1   (0.277) 0.976 0.018 0.257 
   0   (0.723) 0.024 0.982 0.743 

Locus 2 : TE004 
2 alleles
3.3% missing data
   0   (0.681) 0.992 0.984 0.663 
   1   (0.319) 0.008 0.016 0.337 

Locus 3 : TE005 
2 alleles
18.3% missing data
   0   (0.505) 0.977 0.973 0.472 
   1   (0.495) 0.023 0.027 0.528 

Locus 4 : TE006 
2 alleles
26.7% missing data
   0   (0.714) 0.985 0.127 0.727 
   1   (0.286) 0.015 0.873 0.273 

Locus 5 : TE007 
2 alleles
6.7% missing data
   0   (0.738) 0.994 0.692 0.745 
   1   (0.262) 0.006 0.308 0.255 

Locus 6 : TE008 
2 alleles
1.7% missing data
   1   (0.660) 0.891 0.896 0.666 
   0   (0.340) 0.109 0.104 0.334 

Locus 7 : TE031 
2 alleles
1.7% missing data
   1   (0.838) 0.872 0.048 0.872 
   0   (0.162) 0.128 0.952 0.128 

Locus 8 : TE037 
2 alleles
1.7% missing data
   1   (0.388) 0.812 0.585 0.371 
   0   (0.612) 0.188 0.415 0.629 

Locus 9 : TE038 
2 alleles
1.7% missing data
   1   (0.665) 0.993 0.043 0.675 
   0   (0.335) 0.007 0.957 0.325 

Locus 10 : TE039 
2 alleles
5.0% missing data
   1   (0.671) 0.542 0.969 0.676 
   0   (0.329) 0.458 0.031 0.324 

Locus 11 : TE078 
2 alleles
3.3% missing data
   0   (0.818) 0.996 0.991 0.818 
   1   (0.182) 0.004 0.009 0.182 

Locus 12 : TS079 
2 alleles
10.0% missing data
   0   (0.759) 0.994 0.989 0.751 
   1   (0.241) 0.006 0.011 0.249 

Locus 13 : TS080 
2 alleles
10.0% missing data
   0   (0.785) 0.103 0.990 0.804 
   1   (0.215) 0.897 0.010 0.196 

Locus 14 : TS088 
2 alleles
1.7% missing data
   0   (0.600) 0.919 0.970 0.588 
   1   (0.400) 0.081 0.030 0.412 

Values of parameters used in structure:
DATAFILE=phonology_structure,	OUTFILE=outfile_phonology_structure_K3_run46,	NUMINDS=60,	NUMLOCI=14,	MISSING=-9,	LABEL=1,	POPDATA=0,	POPFLAG=0,	PHENOTYPE=0,	EXTRACOLS=0,	MAXPOPS=3,	BURNIN=10000,	NUMREPS=100000,	USEPOPINFO=0,	INFERALPHA=1,	INFERLAMBDA=0,	POPSPECIFICLAMBDA=0,	POPALPHAS=0,	COMPUTEPROB=1,	NOADMIX=0,	ADMBURNIN=500,	UPDATEFREQ=100,	PRINTLIKES=0,	INTERMEDSAVE=0,	PRINTKLD=0,	PRINTNET=1,	PRINTLAMBDA=1,	ANCESTDIST=0,	NUMBOXES=1000,	ANCESTPINT=0.90000,	GENSBACK=2,	MIGRPRIOR=0.01000,	PRINTQHAT=0,	PRINTQSUM=1,	ALPHA=1.0000,	FREQSCORR=1,	FPRIORMEAN=0.0100,	FPRIORSD=0.0500,	ONEFST=0,	LAMBDA=1.0000,	UNIFPRIORALPHA=1,	ALPHAMAX=10.0000,	ALPHAPRIORA=1.0000,	ALPHAPRIORB=2.0000,	ALPHAPROPSD=0.0250,	STARTATPOPINFO=0,	RANDOMIZE=1,	LINKAGE=0,	METROFREQ=10,	REPORTHITRATE=0,	MARKOVPHASE=0,	PHASED=0,	PLOIDY=1,	PHASEINFO=0	LOCPRIOR=0, 	LOCPRIORINIT=1.000000, 	LOCDATA=0, 	LOCISPOP=0, 	LOCPRIORSTEP=0.100000, 	MAXLOCPRIOR=20.000000, 	SEED=1641290448,	
[STRAT parameters]:    NUMSIMSTATS=1000,	PHENOTYPECOL=-9,	POOLFREQ=10,	LOCUSxONLY=0,	EMERROR=0.00100,	MISSINGPHENO=-9,	