

----------------------------------------------------
STRUCTURE by Pritchard, Stephens and Donnelly (2000)
     and Falush, Stephens and Pritchard (2003)
       Code by Pritchard, Falush and Hubisz
             Version 2.3.4 (Jul 2012)
----------------------------------------------------



Command line arguments:   ./structure -m mainparams -K 3 -i phonology_structure -L 14 -o outfile_phonology_structure_K3_run39 
Input File:    phonology_structure

Run parameters:
   60 individuals
   14 loci
   3 populations assumed
   10000 Burn-in period
   100000 Reps


--------------------------------------------
Overall proportion of membership of the
sample in each of the 3 clusters

Inferred Clusters
  1      2      3    
0.446  0.298  0.257  

--------------------------------------------

Allele-freq. divergence among pops (Net nucleotide distance),
computed using point estimates of P.

      1       2       3      
 1      -    0.1675  0.2416  
 2   0.1675     -    0.1267  
 3   0.2416  0.1267     -    

Average distances (expected heterozygosity) between individuals in same cluster:
cluster  1  : 0.1277 
cluster  2  : 0.3457 
cluster  3  : 0.2590 

--------------------------------------------
Estimated Ln Prob of Data   = -306.6
Mean value of ln likelihood = -275.9
Variance of ln likelihood   = 61.5
Mean value of alpha         = 0.0530

Mean value of Fst_1         = 0.6367
Mean value of Fst_2         = 0.2328
Mean value of Fst_3         = 0.4331


Inferred ancestry of individuals:
        Label (%Miss) :  Inferred clusters
  1 torg1245   (21)   :  0.951 0.026 0.023 
  2 oldj1239   (14)   :  0.025 0.774 0.201 
  3 crim1257    (0)   :  0.979 0.012 0.010 
  4 bash1264    (7)   :  0.977 0.013 0.010 
  5 anat1259    (0)   :  0.960 0.013 0.026 
  6 okin1246    (0)   :  0.015 0.017 0.968 
  7 yaku1245    (0)   :  0.931 0.049 0.020 
  8 daur1238    (0)   :  0.707 0.231 0.062 
  9 east2337   (14)   :  0.053 0.558 0.389 
 10 ikem1235    (7)   :  0.014 0.017 0.969 
 11 sibe1251    (0)   :  0.033 0.956 0.010 
 12 nort2697    (0)   :  0.962 0.012 0.025 
 13 bona1250    (0)   :  0.017 0.553 0.430 
 14 ulch1241   (14)   :  0.319 0.654 0.027 
 15 nort2935   (14)   :  0.017 0.046 0.937 
 16 gaga1249    (0)   :  0.950 0.014 0.035 
 17 tara1319    (0)   :  0.011 0.014 0.975 
 18 moma1245   (21)   :  0.044 0.932 0.024 
 19 manc1252    (0)   :  0.151 0.714 0.135 
 20 shor1247    (0)   :  0.973 0.015 0.012 
 21 kaza1248    (0)   :  0.979 0.012 0.009 
 22 midd1351   (14)   :  0.828 0.103 0.069 
 23 chag1247   (71)   :  0.416 0.272 0.311 
 24 huih1238   (14)   :  0.055 0.908 0.037 
 25 ordo1245    (0)   :  0.692 0.241 0.067 
 26 turk1303    (0)   :  0.975 0.013 0.012 
 27 negi1245    (0)   :  0.012 0.957 0.031 
 28 nana1257    (0)   :  0.020 0.962 0.018 
 29 nort2690    (7)   :  0.491 0.168 0.341 
 30 shur1243    (0)   :  0.012 0.027 0.961 
 31 minh1238    (0)   :  0.018 0.446 0.536 
 32 udih1248    (0)   :  0.036 0.938 0.025 
 33 oira1262   (14)   :  0.877 0.091 0.032 
 34 hate1238    (7)   :  0.067 0.073 0.860 
 35 tata1255    (0)   :  0.979 0.011 0.010 
 36 turk1304    (0)   :  0.974 0.014 0.013 
 37 oroc1248    (0)   :  0.024 0.958 0.018 
 38 chuv1255    (0)   :  0.842 0.092 0.066 
 39 noga1249   (14)   :  0.826 0.102 0.072 
 40 dong1285    (7)   :  0.028 0.554 0.418 
 41 halh1238   (14)   :  0.281 0.465 0.254 
 42 ogam1239    (0)   :  0.011 0.059 0.931 
 43 cent2126    (7)   :  0.022 0.031 0.946 
 44 yona1241   (14)   :  0.015 0.551 0.434 
 45 kore1280    (0)   :  0.023 0.524 0.453 
 46 tuvi1240    (0)   :  0.846 0.117 0.037 
 47 huzh1238    (7)   :  0.018 0.510 0.471 
 48 khak1248    (0)   :  0.974 0.015 0.012 
 49 oldu1238    (7)   :  0.970 0.018 0.012 
 50 nucl1643    (0)   :  0.015 0.018 0.967 
 51 orok1265   (14)   :  0.013 0.962 0.025 
 52 midd1372   (14)   :  0.010 0.557 0.433 
 53 mogh1245   (28)   :  0.455 0.364 0.181 
 54 uigh1240    (7)   :  0.976 0.013 0.011 
 55 kara1467   (14)   :  0.974 0.015 0.011 
 56 russ1264   (14)   :  0.958 0.025 0.017 
 57 sout2954    (0)   :  0.012 0.029 0.960 
 58 berj1234    (0)   :  0.018 0.966 0.016 
 59 kham1281    (0)   :  0.934 0.046 0.020 
 60 dolg1241    (0)   :  0.975 0.014 0.011 


Estimated Allele Frequencies in each cluster
First column gives estimated ancestral frequencies


Locus 1 : TE003 
2 alleles
3.3% missing data
   1   (0.298) 0.977 0.180 0.105 
   0   (0.702) 0.023 0.820 0.895 

Locus 2 : TE004 
2 alleles
3.3% missing data
   0   (0.736) 0.993 0.542 0.944 
   1   (0.264) 0.007 0.458 0.056 

Locus 3 : TE005 
2 alleles
18.3% missing data
   0   (0.630) 0.984 0.346 0.928 
   1   (0.370) 0.016 0.654 0.072 

Locus 4 : TE006 
2 alleles
26.7% missing data
   0   (0.611) 0.981 0.822 0.199 
   1   (0.389) 0.019 0.178 0.801 

Locus 5 : TE007 
2 alleles
6.7% missing data
   0   (0.733) 0.994 0.844 0.673 
   1   (0.267) 0.006 0.156 0.327 

Locus 6 : TE008 
2 alleles
1.7% missing data
   1   (0.660) 0.878 0.793 0.790 
   0   (0.340) 0.122 0.207 0.210 

Locus 7 : TE031 
2 alleles
1.7% missing data
   1   (0.720) 0.865 0.907 0.243 
   0   (0.280) 0.135 0.093 0.757 

Locus 8 : TE037 
2 alleles
1.7% missing data
   1   (0.444) 0.809 0.285 0.569 
   0   (0.556) 0.191 0.715 0.431 

Locus 9 : TE038 
2 alleles
1.7% missing data
   1   (0.589) 0.990 0.663 0.195 
   0   (0.411) 0.010 0.337 0.805 

Locus 10 : TE039 
2 alleles
5.0% missing data
   1   (0.657) 0.548 0.768 0.832 
   0   (0.343) 0.452 0.232 0.168 

Locus 11 : TE078 
2 alleles
3.3% missing data
   0   (0.818) 0.996 0.891 0.910 
   1   (0.182) 0.004 0.109 0.090 

Locus 12 : TS079 
2 alleles
10.0% missing data
   0   (0.804) 0.995 0.677 0.958 
   1   (0.196) 0.005 0.323 0.042 

Locus 13 : TS080 
2 alleles
10.0% missing data
   0   (0.781) 0.106 0.796 0.952 
   1   (0.219) 0.894 0.204 0.048 

Locus 14 : TS088 
2 alleles
1.7% missing data
   0   (0.616) 0.908 0.749 0.802 
   1   (0.384) 0.092 0.251 0.198 

Values of parameters used in structure:
DATAFILE=phonology_structure,	OUTFILE=outfile_phonology_structure_K3_run39,	NUMINDS=60,	NUMLOCI=14,	MISSING=-9,	LABEL=1,	POPDATA=0,	POPFLAG=0,	PHENOTYPE=0,	EXTRACOLS=0,	MAXPOPS=3,	BURNIN=10000,	NUMREPS=100000,	USEPOPINFO=0,	INFERALPHA=1,	INFERLAMBDA=0,	POPSPECIFICLAMBDA=0,	POPALPHAS=0,	COMPUTEPROB=1,	NOADMIX=0,	ADMBURNIN=500,	UPDATEFREQ=100,	PRINTLIKES=0,	INTERMEDSAVE=0,	PRINTKLD=0,	PRINTNET=1,	PRINTLAMBDA=1,	ANCESTDIST=0,	NUMBOXES=1000,	ANCESTPINT=0.90000,	GENSBACK=2,	MIGRPRIOR=0.01000,	PRINTQHAT=0,	PRINTQSUM=1,	ALPHA=1.0000,	FREQSCORR=1,	FPRIORMEAN=0.0100,	FPRIORSD=0.0500,	ONEFST=0,	LAMBDA=1.0000,	UNIFPRIORALPHA=1,	ALPHAMAX=10.0000,	ALPHAPRIORA=1.0000,	ALPHAPRIORB=2.0000,	ALPHAPROPSD=0.0250,	STARTATPOPINFO=0,	RANDOMIZE=1,	LINKAGE=0,	METROFREQ=10,	REPORTHITRATE=0,	MARKOVPHASE=0,	PHASED=0,	PLOIDY=1,	PHASEINFO=0	LOCPRIOR=0, 	LOCPRIORINIT=1.000000, 	LOCDATA=0, 	LOCISPOP=0, 	LOCPRIORSTEP=0.100000, 	MAXLOCPRIOR=20.000000, 	SEED=1641286500,	
[STRAT parameters]:    NUMSIMSTATS=1000,	PHENOTYPECOL=-9,	POOLFREQ=10,	LOCUSxONLY=0,	EMERROR=0.00100,	MISSINGPHENO=-9,	