Language	Pop1	Pop2	Pop3	Pop4	Pop5	Pop6
torg1245	0.021	0.729	0.120	0.030	0.006	0.095
oldj1239	0.015	0.003	0.316	0.003	0.585	0.078
crim1257	0.005	0.003	0.010	0.965	0.007	0.009
bash1264	0.008	0.007	0.005	0.970	0.006	0.003
anat1259	0.002	0.004	0.003	0.987	0.002	0.003
okin1246	0.004	0.003	0.003	0.004	0.983	0.003
yaku1245	0.031	0.157	0.286	0.477	0.009	0.041
daur1238	0.011	0.974	0.004	0.004	0.002	0.004
east2337	0.008	0.784	0.041	0.006	0.006	0.155
ikem1235	0.013	0.015	0.021	0.013	0.920	0.018
sibe1251	0.977	0.005	0.004	0.010	0.002	0.003
nort2697	0.005	0.005	0.004	0.982	0.002	0.003
bona1250	0.006	0.077	0.135	0.004	0.003	0.776
ulch1241	0.743	0.050	0.037	0.030	0.131	0.009
nort2935	0.008	0.010	0.012	0.008	0.956	0.007
gaga1249	0.022	0.008	0.045	0.888	0.015	0.022
tara1319	0.009	0.003	0.006	0.004	0.971	0.006
moma1245	0.918	0.009	0.032	0.017	0.009	0.014
manc1252	0.061	0.020	0.791	0.009	0.014	0.105
shor1247	0.004	0.007	0.003	0.980	0.002	0.003
kaza1248	0.002	0.005	0.003	0.984	0.002	0.003
midd1351	0.140	0.683	0.050	0.095	0.005	0.027
chag1247	0.009	0.028	0.012	0.939	0.005	0.008
huih1238	0.919	0.043	0.005	0.026	0.003	0.005
ordo1245	0.019	0.829	0.070	0.016	0.040	0.026
turk1303	0.033	0.005	0.032	0.917	0.002	0.011
negi1245	0.971	0.005	0.006	0.009	0.004	0.005
nana1257	0.845	0.015	0.025	0.004	0.072	0.040
nort2690	0.007	0.014	0.013	0.930	0.022	0.014
shur1243	0.002	0.002	0.002	0.002	0.991	0.002
minh1238	0.003	0.024	0.112	0.003	0.007	0.851
udih1248	0.708	0.011	0.198	0.018	0.002	0.063
oira1262	0.004	0.972	0.004	0.015	0.002	0.003
hate1238	0.008	0.014	0.144	0.027	0.775	0.032
tata1255	0.016	0.008	0.006	0.961	0.005	0.004
turk1304	0.002	0.004	0.005	0.984	0.002	0.004
oroc1248	0.959	0.005	0.005	0.022	0.005	0.004
chuv1255	0.019	0.014	0.086	0.700	0.003	0.177
noga1249	0.004	0.005	0.003	0.983	0.002	0.003
dong1285	0.011	0.730	0.084	0.022	0.004	0.149
halh1238	0.003	0.914	0.013	0.014	0.006	0.050
ogam1239	0.007	0.004	0.118	0.004	0.708	0.160
cent2126	0.008	0.003	0.006	0.003	0.976	0.004
yona1241	0.023	0.025	0.026	0.005	0.881	0.039
kore1280	0.003	0.005	0.365	0.005	0.549	0.074
tuvi1240	0.022	0.147	0.074	0.658	0.010	0.089
huzh1238	0.006	0.439	0.075	0.006	0.005	0.468
khak1248	0.004	0.004	0.004	0.981	0.003	0.003
oldu1238	0.019	0.049	0.092	0.794	0.003	0.042
nucl1643	0.004	0.003	0.143	0.002	0.804	0.043
orok1265	0.963	0.007	0.006	0.007	0.014	0.004
midd1372	0.007	0.034	0.154	0.005	0.606	0.196
mogh1245	0.427	0.434	0.051	0.050	0.005	0.032
uigh1240	0.003	0.009	0.005	0.974	0.003	0.007
kara1467	0.007	0.009	0.010	0.960	0.007	0.008
russ1264	0.013	0.775	0.008	0.193	0.005	0.006
sout2954	0.002	0.004	0.004	0.004	0.982	0.003
berj1234	0.953	0.008	0.015	0.008	0.009	0.007
kham1281	0.006	0.783	0.084	0.074	0.004	0.048
dolg1241	0.017	0.224	0.182	0.540	0.010	0.027