Language	Pop1	Pop2	Pop3	Pop4	Pop5	Pop6	Pop7	Pop8
torg1245	0.087	0.144	0.006	0.052	0.013	0.082	0.022	0.595
oldj1239	0.189	0.010	0.575	0.027	0.014	0.180	0.002	0.002
crim1257	0.009	0.026	0.007	0.009	0.004	0.010	0.932	0.003
bash1264	0.006	0.043	0.007	0.003	0.009	0.007	0.920	0.005
anat1259	0.002	0.003	0.002	0.002	0.002	0.002	0.983	0.003
okin1246	0.003	0.003	0.978	0.003	0.004	0.003	0.004	0.003
yaku1245	0.009	0.718	0.004	0.004	0.009	0.010	0.231	0.015
daur1238	0.005	0.008	0.003	0.005	0.018	0.005	0.004	0.954
east2337	0.043	0.009	0.005	0.187	0.007	0.035	0.005	0.709
ikem1235	0.021	0.013	0.899	0.016	0.010	0.019	0.011	0.010
sibe1251	0.004	0.003	0.001	0.002	0.971	0.004	0.009	0.005
nort2697	0.004	0.004	0.002	0.003	0.004	0.004	0.975	0.004
bona1250	0.087	0.008	0.003	0.793	0.005	0.039	0.004	0.062
ulch1241	0.025	0.049	0.107	0.007	0.729	0.032	0.019	0.032
nort2935	0.011	0.009	0.941	0.005	0.009	0.011	0.007	0.008
gaga1249	0.047	0.072	0.013	0.011	0.019	0.034	0.801	0.004
tara1319	0.006	0.005	0.962	0.006	0.008	0.006	0.004	0.003
moma1245	0.027	0.021	0.007	0.013	0.876	0.033	0.017	0.006
manc1252	0.476	0.014	0.013	0.034	0.051	0.388	0.008	0.016
shor1247	0.003	0.010	0.002	0.003	0.004	0.003	0.968	0.007
kaza1248	0.003	0.004	0.002	0.003	0.002	0.003	0.979	0.005
midd1351	0.051	0.071	0.004	0.017	0.107	0.048	0.062	0.639
chag1247	0.012	0.009	0.005	0.007	0.007	0.012	0.927	0.021
huih1238	0.005	0.006	0.003	0.003	0.899	0.004	0.023	0.057
ordo1245	0.068	0.071	0.032	0.017	0.014	0.083	0.012	0.703
turk1303	0.029	0.033	0.002	0.008	0.031	0.032	0.862	0.004
negi1245	0.005	0.004	0.004	0.005	0.963	0.005	0.009	0.005
nana1257	0.024	0.015	0.061	0.038	0.831	0.019	0.003	0.010
nort2690	0.011	0.005	0.018	0.011	0.006	0.012	0.921	0.015
shur1243	0.002	0.002	0.989	0.001	0.002	0.002	0.002	0.002
minh1238	0.055	0.003	0.006	0.900	0.003	0.010	0.003	0.020
udih1248	0.126	0.021	0.002	0.034	0.686	0.111	0.013	0.006
oira1262	0.004	0.003	0.001	0.003	0.003	0.003	0.013	0.969
hate1238	0.083	0.022	0.760	0.014	0.005	0.091	0.018	0.007
tata1255	0.006	0.008	0.005	0.003	0.015	0.004	0.952	0.006
turk1304	0.004	0.003	0.001	0.003	0.002	0.004	0.981	0.003
oroc1248	0.005	0.005	0.004	0.003	0.951	0.005	0.023	0.005
chuv1255	0.064	0.011	0.003	0.149	0.017	0.063	0.683	0.011
noga1249	0.002	0.003	0.002	0.003	0.003	0.003	0.979	0.006
dong1285	0.064	0.010	0.003	0.142	0.010	0.058	0.021	0.693
halh1238	0.018	0.054	0.005	0.087	0.003	0.012	0.012	0.810
ogam1239	0.106	0.006	0.691	0.084	0.004	0.103	0.003	0.003
cent2126	0.006	0.003	0.968	0.004	0.007	0.006	0.003	0.003
yona1241	0.033	0.008	0.855	0.032	0.019	0.030	0.005	0.019
kore1280	0.185	0.035	0.536	0.040	0.002	0.195	0.004	0.003
tuvi1240	0.043	0.202	0.007	0.060	0.020	0.039	0.572	0.058
huzh1238	0.049	0.004	0.006	0.498	0.006	0.014	0.006	0.419
khak1248	0.003	0.008	0.003	0.002	0.005	0.004	0.971	0.003
oldu1238	0.061	0.060	0.002	0.021	0.011	0.055	0.763	0.026
nucl1643	0.094	0.010	0.780	0.016	0.003	0.094	0.001	0.002
orok1265	0.005	0.006	0.013	0.003	0.958	0.005	0.005	0.005
midd1372	0.097	0.010	0.584	0.132	0.004	0.140	0.004	0.027
mogh1245	0.034	0.006	0.004	0.024	0.392	0.030	0.030	0.482
uigh1240	0.004	0.004	0.002	0.006	0.003	0.005	0.965	0.011
kara1467	0.009	0.004	0.006	0.007	0.006	0.008	0.952	0.008
russ1264	0.012	0.053	0.004	0.008	0.012	0.010	0.220	0.681
sout2954	0.003	0.026	0.958	0.002	0.002	0.004	0.003	0.002
berj1234	0.014	0.013	0.010	0.006	0.931	0.015	0.006	0.007
kham1281	0.074	0.020	0.004	0.041	0.006	0.079	0.065	0.711
dolg1241	0.007	0.583	0.004	0.003	0.005	0.008	0.363	0.027