Language	Pop1	Pop2	Pop3	Pop4
torg1245	0.009	0.034	0.906	0.051
oldj1239	0.849	0.138	0.010	0.003
crim1257	0.007	0.005	0.006	0.983
bash1264	0.005	0.007	0.004	0.984
anat1259	0.002	0.002	0.003	0.993
okin1246	0.989	0.003	0.003	0.004
yaku1245	0.022	0.167	0.248	0.563
daur1238	0.002	0.012	0.976	0.010
east2337	0.005	0.007	0.982	0.006
ikem1235	0.976	0.007	0.009	0.008
sibe1251	0.002	0.986	0.004	0.009
nort2697	0.002	0.005	0.005	0.988
bona1250	0.006	0.008	0.982	0.004
ulch1241	0.093	0.846	0.024	0.037
nort2935	0.983	0.006	0.005	0.005
gaga1249	0.013	0.024	0.016	0.948
tara1319	0.989	0.005	0.003	0.004
moma1245	0.011	0.960	0.011	0.018
manc1252	0.140	0.457	0.387	0.016
shor1247	0.002	0.004	0.005	0.989
kaza1248	0.002	0.002	0.005	0.990
midd1351	0.004	0.109	0.780	0.107
chag1247	0.005	0.008	0.019	0.968
huih1238	0.003	0.955	0.018	0.024
ordo1245	0.019	0.026	0.916	0.039
turk1303	0.002	0.030	0.008	0.960
negi1245	0.004	0.981	0.006	0.010
nana1257	0.031	0.905	0.061	0.004
nort2690	0.024	0.007	0.020	0.950
shur1243	0.993	0.002	0.002	0.002
minh1238	0.044	0.003	0.949	0.003
udih1248	0.003	0.869	0.099	0.029
oira1262	0.002	0.007	0.909	0.083
hate1238	0.923	0.011	0.021	0.045
tata1255	0.005	0.014	0.005	0.976
turk1304	0.002	0.003	0.003	0.992
oroc1248	0.004	0.976	0.005	0.015
chuv1255	0.006	0.041	0.262	0.691
noga1249	0.002	0.004	0.005	0.989
dong1285	0.004	0.012	0.957	0.026
halh1238	0.003	0.003	0.980	0.013
ogam1239	0.918	0.021	0.056	0.005
cent2126	0.988	0.005	0.003	0.004
yona1241	0.976	0.011	0.010	0.004
kore1280	0.837	0.014	0.119	0.030
tuvi1240	0.019	0.030	0.284	0.667
huzh1238	0.005	0.006	0.984	0.005
khak1248	0.003	0.005	0.003	0.989
oldu1238	0.005	0.073	0.106	0.817
nucl1643	0.983	0.008	0.007	0.002
orok1265	0.008	0.981	0.005	0.006
midd1372	0.775	0.012	0.204	0.010
mogh1245	0.005	0.442	0.484	0.069
uigh1240	0.003	0.003	0.011	0.982
kara1467	0.005	0.007	0.009	0.978
russ1264	0.004	0.012	0.689	0.295
sout2954	0.991	0.002	0.003	0.005
berj1234	0.008	0.974	0.007	0.010
kham1281	0.004	0.008	0.846	0.142
dolg1241	0.020	0.085	0.255	0.641