Language	Pop1	Pop2	Pop3	Pop4	Pop5	Pop6	Pop7	Pop8	Pop9	Pop10
torg1245	0.091	0.011	0.035	0.082	0.063	0.567	0.061	0.066	0.018	0.004
oldj1239	0.022	0.010	0.010	0.100	0.079	0.002	0.117	0.099	0.002	0.558
crim1257	0.021	0.004	0.006	0.011	0.008	0.002	0.008	0.008	0.926	0.006
bash1264	0.047	0.008	0.002	0.014	0.006	0.005	0.006	0.007	0.899	0.006
anat1259	0.003	0.002	0.002	0.002	0.002	0.003	0.002	0.002	0.979	0.002
okin1246	0.003	0.003	0.003	0.003	0.002	0.003	0.003	0.002	0.003	0.976
yaku1245	0.673	0.009	0.004	0.120	0.007	0.010	0.010	0.008	0.156	0.003
daur1238	0.008	0.018	0.005	0.005	0.005	0.944	0.005	0.004	0.003	0.002
east2337	0.010	0.005	0.173	0.022	0.029	0.689	0.032	0.029	0.005	0.005
ikem1235	0.011	0.008	0.014	0.018	0.018	0.008	0.017	0.016	0.009	0.881
sibe1251	0.003	0.966	0.002	0.004	0.004	0.005	0.004	0.004	0.007	0.001
nort2697	0.004	0.005	0.003	0.003	0.003	0.004	0.004	0.003	0.970	0.002
bona1250	0.011	0.004	0.820	0.026	0.034	0.044	0.027	0.029	0.003	0.002
ulch1241	0.031	0.710	0.005	0.024	0.023	0.030	0.027	0.022	0.018	0.110
nort2935	0.008	0.008	0.004	0.011	0.010	0.007	0.009	0.011	0.006	0.927
gaga1249	0.049	0.010	0.009	0.031	0.033	0.004	0.035	0.035	0.783	0.011
tara1319	0.005	0.008	0.006	0.006	0.006	0.003	0.007	0.006	0.003	0.950
moma1245	0.018	0.833	0.010	0.026	0.033	0.005	0.030	0.028	0.012	0.005
manc1252	0.033	0.047	0.007	0.191	0.216	0.013	0.242	0.235	0.006	0.010
shor1247	0.010	0.004	0.003	0.003	0.003	0.007	0.003	0.003	0.963	0.002
kaza1248	0.003	0.002	0.002	0.002	0.003	0.004	0.003	0.003	0.976	0.002
midd1351	0.068	0.087	0.014	0.046	0.047	0.607	0.041	0.045	0.041	0.004
chag1247	0.008	0.005	0.005	0.009	0.011	0.023	0.011	0.010	0.914	0.004
huih1238	0.007	0.895	0.003	0.005	0.004	0.057	0.004	0.004	0.019	0.003
ordo1245	0.053	0.010	0.013	0.051	0.053	0.676	0.052	0.059	0.010	0.024
turk1303	0.022	0.021	0.005	0.023	0.028	0.004	0.025	0.023	0.847	0.002
negi1245	0.004	0.955	0.004	0.005	0.005	0.005	0.005	0.006	0.009	0.003
nana1257	0.020	0.810	0.030	0.020	0.018	0.009	0.021	0.020	0.003	0.050
nort2690	0.005	0.006	0.010	0.009	0.009	0.012	0.009	0.011	0.915	0.014
shur1243	0.002	0.001	0.001	0.001	0.002	0.001	0.001	0.001	0.002	0.987
minh1238	0.003	0.002	0.953	0.006	0.006	0.008	0.007	0.007	0.003	0.005
udih1248	0.021	0.663	0.016	0.068	0.073	0.005	0.075	0.067	0.011	0.002
oira1262	0.003	0.003	0.002	0.003	0.003	0.967	0.003	0.003	0.010	0.001
hate1238	0.017	0.004	0.006	0.039	0.064	0.006	0.052	0.050	0.015	0.747
tata1255	0.008	0.013	0.003	0.006	0.005	0.006	0.006	0.005	0.944	0.004
turk1304	0.003	0.002	0.002	0.004	0.003	0.003	0.003	0.003	0.976	0.001
oroc1248	0.005	0.947	0.003	0.006	0.005	0.004	0.005	0.006	0.017	0.004
chuv1255	0.014	0.014	0.115	0.037	0.049	0.010	0.051	0.042	0.665	0.003
noga1249	0.003	0.004	0.002	0.003	0.002	0.005	0.003	0.003	0.973	0.002
dong1285	0.016	0.008	0.108	0.039	0.037	0.674	0.047	0.055	0.013	0.003
halh1238	0.049	0.003	0.106	0.016	0.011	0.779	0.012	0.011	0.010	0.004
ogam1239	0.011	0.003	0.069	0.061	0.054	0.002	0.063	0.056	0.002	0.678
cent2126	0.003	0.006	0.004	0.005	0.006	0.002	0.005	0.005	0.002	0.962
yona1241	0.006	0.020	0.026	0.022	0.021	0.016	0.023	0.026	0.004	0.837
kore1280	0.030	0.002	0.016	0.106	0.078	0.003	0.139	0.098	0.003	0.524
tuvi1240	0.161	0.014	0.044	0.076	0.038	0.035	0.041	0.040	0.544	0.006
huzh1238	0.005	0.005	0.532	0.013	0.019	0.386	0.014	0.017	0.004	0.004
khak1248	0.006	0.005	0.002	0.004	0.003	0.003	0.003	0.003	0.965	0.003
oldu1238	0.045	0.009	0.014	0.043	0.041	0.020	0.037	0.037	0.751	0.002
nucl1643	0.011	0.002	0.007	0.052	0.060	0.002	0.049	0.046	0.001	0.769
orok1265	0.006	0.949	0.003	0.005	0.005	0.005	0.004	0.005	0.006	0.012
midd1372	0.016	0.004	0.104	0.075	0.058	0.021	0.077	0.067	0.003	0.575
mogh1245	0.014	0.340	0.022	0.035	0.035	0.455	0.037	0.035	0.023	0.004
uigh1240	0.004	0.003	0.006	0.005	0.004	0.010	0.004	0.004	0.959	0.002
kara1467	0.004	0.006	0.004	0.008	0.008	0.007	0.008	0.008	0.942	0.005
russ1264	0.053	0.012	0.008	0.019	0.014	0.673	0.012	0.012	0.193	0.004
sout2954	0.026	0.002	0.002	0.007	0.003	0.002	0.003	0.003	0.002	0.950
berj1234	0.011	0.906	0.005	0.014	0.014	0.005	0.015	0.018	0.006	0.007
kham1281	0.025	0.005	0.025	0.047	0.054	0.665	0.060	0.063	0.052	0.003
dolg1241	0.555	0.004	0.003	0.109	0.005	0.026	0.008	0.006	0.280	0.004	