Language	Pop1	Pop2	Pop3	Pop4	Pop5	Pop6	Pop7	Pop8	Pop9	Pop10
torg1245	0.084	0.094	0.021	0.014	0.043	0.135	0.075	0.229	0.114	0.192
oldj1239	0.096	0.099	0.199	0.054	0.100	0.107	0.102	0.042	0.092	0.109
crim1257	0.079	0.118	0.028	0.006	0.072	0.055	0.072	0.431	0.096	0.041
bash1264	0.071	0.117	0.027	0.006	0.066	0.059	0.078	0.446	0.087	0.043
anat1259	0.079	0.112	0.025	0.023	0.084	0.067	0.078	0.396	0.093	0.041
okin1246	0.010	0.009	0.008	0.912	0.013	0.010	0.011	0.009	0.009	0.010
yaku1245	0.096	0.101	0.050	0.013	0.065	0.150	0.081	0.163	0.106	0.176
daur1238	0.127	0.112	0.045	0.007	0.124	0.145	0.126	0.087	0.121	0.106
east2337	0.148	0.131	0.045	0.010	0.122	0.130	0.131	0.053	0.126	0.104
ikem1235	0.016	0.014	0.009	0.868	0.020	0.017	0.017	0.011	0.017	0.012
sibe1251	0.014	0.015	0.700	0.005	0.050	0.016	0.012	0.015	0.015	0.158
nort2697	0.080	0.103	0.022	0.023	0.088	0.063	0.083	0.397	0.092	0.049
bona1250	0.146	0.115	0.047	0.038	0.133	0.121	0.133	0.046	0.125	0.097
ulch1241	0.085	0.097	0.251	0.010	0.093	0.098	0.081	0.067	0.087	0.134
nort2935	0.020	0.020	0.018	0.833	0.022	0.019	0.021	0.012	0.019	0.017
gaga1249	0.084	0.109	0.020	0.050	0.075	0.114	0.079	0.242	0.096	0.131
tara1319	0.012	0.013	0.007	0.897	0.016	0.012	0.013	0.008	0.010	0.011
moma1245	0.052	0.049	0.515	0.013	0.060	0.043	0.050	0.024	0.047	0.146
manc1252	0.101	0.114	0.136	0.017	0.109	0.107	0.111	0.094	0.111	0.100
shor1247	0.083	0.088	0.016	0.008	0.033	0.140	0.069	0.253	0.111	0.199
kaza1248	0.078	0.111	0.028	0.006	0.073	0.059	0.077	0.434	0.093	0.040
midd1351	0.096	0.120	0.038	0.018	0.101	0.093	0.097	0.248	0.114	0.076
chag1247	0.121	0.122	0.042	0.055	0.116	0.112	0.128	0.093	0.116	0.094
huih1238	0.053	0.054	0.479	0.018	0.068	0.049	0.052	0.032	0.054	0.139
ordo1245	0.132	0.106	0.043	0.006	0.123	0.143	0.128	0.085	0.124	0.111
turk1303	0.080	0.088	0.017	0.008	0.034	0.138	0.074	0.259	0.098	0.205
negi1245	0.018	0.019	0.670	0.020	0.048	0.022	0.019	0.010	0.019	0.155
nana1257	0.023	0.024	0.647	0.011	0.057	0.027	0.024	0.014	0.022	0.153
nort2690	0.111	0.133	0.031	0.042	0.115	0.103	0.122	0.150	0.114	0.079
shur1243	0.011	0.012	0.012	0.896	0.014	0.013	0.012	0.008	0.011	0.011
minh1238	0.151	0.126	0.039	0.060	0.130	0.117	0.124	0.048	0.120	0.087
udih1248	0.030	0.026	0.612	0.018	0.058	0.030	0.027	0.022	0.030	0.149
oira1262	0.108	0.108	0.029	0.011	0.091	0.130	0.099	0.157	0.117	0.151
hate1238	0.037	0.041	0.027	0.654	0.044	0.042	0.041	0.036	0.043	0.036
tata1255	0.076	0.113	0.028	0.006	0.069	0.058	0.084	0.435	0.085	0.046
turk1304	0.081	0.089	0.017	0.008	0.031	0.141	0.065	0.258	0.106	0.203
oroc1248	0.022	0.022	0.646	0.013	0.051	0.024	0.021	0.019	0.026	0.156
chuv1255	0.112	0.119	0.029	0.017	0.129	0.125	0.121	0.138	0.122	0.089
noga1249	0.092	0.114	0.037	0.019	0.104	0.089	0.104	0.257	0.107	0.078
dong1285	0.135	0.129	0.040	0.011	0.140	0.130	0.132	0.060	0.128	0.096
halh1238	0.135	0.124	0.041	0.012	0.130	0.128	0.141	0.062	0.129	0.099
ogam1239	0.046	0.042	0.018	0.665	0.052	0.040	0.045	0.018	0.043	0.030
cent2126	0.012	0.014	0.010	0.877	0.020	0.014	0.014	0.013	0.013	0.014
yona1241	0.147	0.121	0.045	0.025	0.126	0.124	0.140	0.053	0.128	0.091
kore1280	0.143	0.121	0.034	0.027	0.133	0.124	0.146	0.056	0.126	0.090
tuvi1240	0.116	0.108	0.043	0.009	0.111	0.147	0.113	0.110	0.115	0.129
huzh1238	0.154	0.126	0.037	0.033	0.129	0.124	0.137	0.045	0.126	0.089
khak1248	0.084	0.091	0.017	0.008	0.033	0.146	0.069	0.250	0.104	0.198
oldu1238	0.087	0.087	0.017	0.008	0.035	0.145	0.070	0.244	0.108	0.199
nucl1643	0.010	0.010	0.008	0.908	0.015	0.010	0.010	0.010	0.010	0.009
orok1265	0.015	0.016	0.702	0.015	0.045	0.015	0.016	0.008	0.013	0.155
midd1372	0.151	0.134	0.047	0.014	0.141	0.114	0.123	0.048	0.124	0.104
mogh1245	0.100	0.120	0.058	0.032	0.102	0.099	0.111	0.178	0.114	0.086
uigh1240	0.074	0.113	0.027	0.008	0.071	0.055	0.080	0.444	0.086	0.042
kara1467	0.071	0.111	0.028	0.007	0.072	0.058	0.078	0.437	0.090	0.047
russ1264	0.081	0.096	0.020	0.011	0.039	0.136	0.077	0.227	0.115	0.198
sout2954	0.014	0.012	0.012	0.894	0.013	0.012	0.012	0.009	0.013	0.010
berj1234	0.021	0.021	0.674	0.009	0.048	0.021	0.021	0.011	0.019	0.154
kham1281	0.093	0.094	0.046	0.014	0.063	0.145	0.082	0.190	0.101	0.170
dolg1241	0.089	0.089	0.014	0.008	0.033	0.138	0.068	0.252	0.110	0.199	