Language	Pop1	Pop2	Pop3	Pop4	Pop5	Pop6	Pop7	Pop8
torg1245	0.388	0.448	0.058	0.015	0.015	0.028	0.026	0.023
oldj1239	0.028	0.025	0.124	0.057	0.290	0.155	0.153	0.168
crim1257	0.278	0.621	0.051	0.006	0.007	0.011	0.012	0.013
bash1264	0.265	0.630	0.053	0.006	0.007	0.013	0.013	0.013
anat1259	0.252	0.602	0.060	0.025	0.006	0.019	0.018	0.019
okin1246	0.009	0.009	0.010	0.935	0.007	0.010	0.009	0.010
yaku1245	0.469	0.255	0.128	0.013	0.031	0.033	0.041	0.029
daur1238	0.339	0.087	0.232	0.006	0.010	0.116	0.118	0.091
east2337	0.034	0.027	0.181	0.009	0.017	0.253	0.244	0.235
ikem1235	0.009	0.010	0.013	0.911	0.008	0.018	0.016	0.015
sibe1251	0.022	0.021	0.016	0.005	0.897	0.014	0.013	0.013
nort2697	0.259	0.597	0.058	0.024	0.006	0.019	0.020	0.018
bona1250	0.022	0.021	0.174	0.033	0.027	0.249	0.243	0.230
ulch1241	0.166	0.099	0.105	0.011	0.388	0.078	0.076	0.077
nort2935	0.012	0.010	0.018	0.884	0.017	0.019	0.018	0.022
gaga1249	0.314	0.471	0.064	0.054	0.011	0.028	0.029	0.030
tara1319	0.007	0.008	0.010	0.930	0.006	0.012	0.012	0.013
moma1245	0.026	0.020	0.043	0.012	0.763	0.045	0.046	0.045
manc1252	0.062	0.096	0.142	0.018	0.153	0.166	0.182	0.180
shor1247	0.416	0.481	0.050	0.008	0.010	0.012	0.012	0.011
kaza1248	0.273	0.630	0.048	0.006	0.007	0.011	0.012	0.011
midd1351	0.176	0.355	0.121	0.021	0.023	0.093	0.111	0.100
chag1247	0.102	0.098	0.167	0.063	0.030	0.180	0.181	0.179
huih1238	0.046	0.037	0.052	0.021	0.682	0.051	0.051	0.059
ordo1245	0.334	0.090	0.242	0.006	0.011	0.109	0.120	0.088
turk1303	0.416	0.483	0.046	0.009	0.010	0.012	0.012	0.012
negi1245	0.009	0.007	0.017	0.021	0.889	0.019	0.018	0.021
nana1257	0.016	0.013	0.020	0.011	0.868	0.021	0.023	0.027
nort2690	0.112	0.174	0.153	0.047	0.010	0.165	0.169	0.170
shur1243	0.009	0.007	0.012	0.924	0.012	0.012	0.012	0.012
minh1238	0.026	0.021	0.173	0.058	0.007	0.262	0.225	0.228
udih1248	0.029	0.027	0.028	0.017	0.808	0.030	0.029	0.032
oira1262	0.334	0.263	0.133	0.010	0.013	0.087	0.083	0.076
hate1238	0.038	0.047	0.037	0.708	0.027	0.047	0.047	0.049
tata1255	0.268	0.633	0.050	0.006	0.007	0.011	0.012	0.012
turk1304	0.419	0.484	0.043	0.008	0.010	0.011	0.012	0.012
oroc1248	0.019	0.021	0.027	0.013	0.822	0.031	0.031	0.036
chuv1255	0.227	0.213	0.163	0.023	0.012	0.123	0.120	0.118
noga1249	0.188	0.357	0.106	0.021	0.024	0.098	0.106	0.099
dong1285	0.028	0.026	0.193	0.012	0.016	0.231	0.246	0.247
halh1238	0.084	0.045	0.188	0.014	0.016	0.219	0.222	0.212
ogam1239	0.017	0.011	0.055	0.729	0.009	0.061	0.056	0.061
cent2126	0.012	0.011	0.012	0.918	0.009	0.013	0.012	0.012
yona1241	0.027	0.018	0.187	0.028	0.027	0.243	0.234	0.236
kore1280	0.036	0.018	0.201	0.026	0.010	0.237	0.235	0.237
tuvi1240	0.406	0.143	0.206	0.009	0.017	0.071	0.084	0.064
huzh1238	0.027	0.026	0.185	0.028	0.010	0.260	0.240	0.224
khak1248	0.426	0.474	0.045	0.008	0.010	0.011	0.013	0.012
oldu1238	0.408	0.483	0.048	0.008	0.011	0.016	0.013	0.012
nucl1643	0.008	0.009	0.009	0.938	0.007	0.010	0.008	0.010
orok1265	0.008	0.007	0.011	0.014	0.919	0.012	0.014	0.014
midd1372	0.022	0.018	0.178	0.012	0.013	0.247	0.236	0.274
mogh1245	0.128	0.242	0.125	0.040	0.067	0.134	0.131	0.133
uigh1240	0.268	0.626	0.053	0.007	0.007	0.013	0.013	0.013
kara1467	0.272	0.614	0.053	0.007	0.008	0.015	0.017	0.014
russ1264	0.406	0.448	0.055	0.011	0.014	0.022	0.021	0.021
sout2954	0.008	0.007	0.012	0.924	0.012	0.013	0.012	0.012
berj1234	0.012	0.009	0.017	0.009	0.900	0.017	0.018	0.017
kham1281	0.461	0.259	0.131	0.014	0.033	0.036	0.038	0.028
dolg1241	0.407	0.490	0.046	0.008	0.009	0.014	0.013	0.013	