Language	Pop1	Pop2	Pop3	Pop4	Pop5	Pop6	Pop7	Pop8
torg1245	0.035	0.309	0.203	0.031	0.171	0.010	0.189	0.051
oldj1239	0.004	0.004	0.082	0.013	0.078	0.730	0.080	0.010
crim1257	0.864	0.005	0.016	0.011	0.017	0.041	0.015	0.030
bash1264	0.395	0.005	0.010	0.016	0.042	0.004	0.014	0.512
anat1259	0.968	0.007	0.004	0.004	0.004	0.003	0.004	0.007
okin1246	0.004	0.003	0.004	0.004	0.003	0.976	0.004	0.003
yaku1245	0.027	0.007	0.016	0.008	0.070	0.009	0.016	0.849
daur1238	0.013	0.817	0.014	0.086	0.041	0.004	0.012	0.013
east2337	0.011	0.856	0.035	0.007	0.038	0.009	0.034	0.009
ikem1235	0.024	0.073	0.077	0.057	0.073	0.576	0.089	0.030
sibe1251	0.013	0.008	0.006	0.952	0.006	0.003	0.006	0.005
nort2697	0.956	0.006	0.005	0.005	0.005	0.002	0.005	0.016
bona1250	0.010	0.156	0.258	0.008	0.253	0.004	0.286	0.026
ulch1241	0.036	0.005	0.020	0.784	0.018	0.105	0.020	0.013
nort2935	0.005	0.009	0.013	0.005	0.011	0.935	0.013	0.007
gaga1249	0.297	0.007	0.007	0.006	0.045	0.005	0.009	0.624
tara1319	0.008	0.007	0.009	0.007	0.011	0.936	0.009	0.013
moma1245	0.034	0.012	0.035	0.822	0.030	0.004	0.031	0.032
manc1252	0.008	0.026	0.284	0.066	0.265	0.014	0.308	0.029
shor1247	0.904	0.018	0.008	0.012	0.010	0.004	0.008	0.037
kaza1248	0.951	0.010	0.005	0.004	0.006	0.004	0.006	0.014
midd1351	0.019	0.766	0.033	0.062	0.057	0.008	0.032	0.023
chag1247	0.963	0.009	0.005	0.005	0.005	0.003	0.004	0.006
huih1238	0.016	0.037	0.012	0.902	0.010	0.004	0.009	0.010
ordo1245	0.007	0.909	0.018	0.006	0.014	0.021	0.016	0.009
turk1303	0.781	0.033	0.028	0.009	0.035	0.003	0.027	0.083
negi1245	0.012	0.009	0.006	0.952	0.006	0.004	0.007	0.004
nana1257	0.007	0.018	0.036	0.821	0.039	0.025	0.035	0.019
nort2690	0.976	0.004	0.003	0.004	0.003	0.002	0.003	0.004
shur1243	0.003	0.003	0.003	0.003	0.003	0.981	0.003	0.003
minh1238	0.014	0.775	0.059	0.012	0.056	0.008	0.065	0.011
udih1248	0.017	0.014	0.025	0.866	0.025	0.004	0.021	0.028
oira1262	0.018	0.907	0.007	0.008	0.042	0.002	0.009	0.007
hate1238	0.007	0.008	0.023	0.013	0.022	0.892	0.023	0.011
tata1255	0.886	0.013	0.009	0.009	0.014	0.002	0.009	0.057
turk1304	0.975	0.005	0.003	0.004	0.003	0.002	0.003	0.004
oroc1248	0.007	0.004	0.004	0.968	0.005	0.003	0.004	0.005
chuv1255	0.320	0.048	0.179	0.035	0.179	0.004	0.196	0.039
noga1249	0.971	0.005	0.004	0.005	0.004	0.002	0.004	0.005
dong1285	0.024	0.874	0.012	0.028	0.037	0.004	0.012	0.009
halh1238	0.026	0.817	0.030	0.004	0.027	0.004	0.029	0.062
ogam1239	0.005	0.017	0.062	0.102	0.055	0.692	0.054	0.013
cent2126	0.005	0.005	0.010	0.008	0.010	0.947	0.010	0.005
yona1241	0.005	0.007	0.009	0.014	0.008	0.944	0.008	0.004
kore1280	0.005	0.003	0.127	0.004	0.106	0.592	0.134	0.028
tuvi1240	0.355	0.016	0.043	0.013	0.064	0.006	0.038	0.464
huzh1238	0.007	0.929	0.018	0.004	0.015	0.006	0.014	0.006
khak1248	0.785	0.008	0.023	0.036	0.022	0.019	0.024	0.082
oldu1238	0.679	0.055	0.055	0.050	0.050	0.009	0.049	0.053
nucl1643	0.002	0.003	0.046	0.003	0.046	0.844	0.050	0.006
orok1265	0.012	0.012	0.014	0.920	0.011	0.006	0.013	0.012
midd1372	0.007	0.036	0.038	0.004	0.042	0.818	0.040	0.014
mogh1245	0.066	0.672	0.023	0.157	0.049	0.005	0.021	0.008
uigh1240	0.961	0.009	0.005	0.004	0.005	0.004	0.005	0.007
kara1467	0.936	0.011	0.012	0.004	0.013	0.003	0.012	0.008
russ1264	0.231	0.572	0.029	0.008	0.044	0.005	0.027	0.085
sout2954	0.003	0.004	0.007	0.002	0.011	0.908	0.008	0.057
berj1234	0.007	0.018	0.016	0.893	0.014	0.019	0.015	0.017
kham1281	0.072	0.733	0.052	0.011	0.068	0.005	0.049	0.012
dolg1241	0.032	0.017	0.014	0.006	0.066	0.005	0.014	0.846