Language	Pop1	Pop2	Pop3	Pop4
torg1245	0.022	0.098	0.055	0.825
oldj1239	0.980	0.004	0.012	0.004
crim1257	0.017	0.964	0.013	0.006
bash1264	0.004	0.978	0.013	0.005
anat1259	0.002	0.988	0.004	0.006
okin1246	0.989	0.004	0.004	0.003
yaku1245	0.066	0.870	0.040	0.025
daur1238	0.004	0.021	0.072	0.904
east2337	0.009	0.008	0.006	0.977
ikem1235	0.819	0.032	0.080	0.070
sibe1251	0.003	0.009	0.981	0.006
nort2697	0.002	0.987	0.004	0.006
bona1250	0.008	0.013	0.011	0.969
ulch1241	0.080	0.037	0.877	0.006
nort2935	0.983	0.005	0.005	0.008
gaga1249	0.005	0.986	0.004	0.005
tara1319	0.980	0.008	0.007	0.006
moma1245	0.006	0.037	0.947	0.011
manc1252	0.176	0.017	0.462	0.344
shor1247	0.003	0.980	0.009	0.009
kaza1248	0.004	0.984	0.004	0.008
midd1351	0.008	0.033	0.094	0.865
chag1247	0.003	0.981	0.006	0.010
huih1238	0.003	0.015	0.954	0.028
ordo1245	0.015	0.009	0.007	0.969
turk1303	0.003	0.970	0.008	0.018
negi1245	0.004	0.010	0.976	0.010
nana1257	0.019	0.009	0.948	0.024
nort2690	0.003	0.988	0.004	0.005
shur1243	0.991	0.003	0.003	0.003
minh1238	0.006	0.010	0.009	0.974
udih1248	0.004	0.031	0.935	0.030
oira1262	0.002	0.017	0.007	0.973
hate1238	0.977	0.008	0.009	0.006
tata1255	0.002	0.984	0.007	0.006
turk1304	0.002	0.988	0.005	0.005
oroc1248	0.003	0.006	0.987	0.004
chuv1255	0.009	0.518	0.177	0.296
noga1249	0.002	0.985	0.006	0.007
dong1285	0.004	0.025	0.027	0.944
halh1238	0.005	0.092	0.004	0.898
ogam1239	0.895	0.007	0.076	0.022
cent2126	0.980	0.006	0.008	0.006
yona1241	0.981	0.004	0.009	0.005
kore1280	0.972	0.014	0.009	0.005
tuvi1240	0.011	0.959	0.013	0.017
huzh1238	0.005	0.007	0.004	0.984
khak1248	0.010	0.956	0.026	0.007
oldu1238	0.012	0.808	0.054	0.126
nucl1643	0.991	0.002	0.003	0.003
orok1265	0.006	0.012	0.972	0.010
midd1372	0.970	0.008	0.003	0.019
mogh1245	0.005	0.048	0.196	0.750
uigh1240	0.004	0.983	0.004	0.010
kara1467	0.003	0.960	0.005	0.032
russ1264	0.008	0.460	0.008	0.524
sout2954	0.982	0.011	0.003	0.004
berj1234	0.015	0.009	0.961	0.014
kham1281	0.004	0.037	0.013	0.946
dolg1241	0.017	0.931	0.035	0.016