Language	Pop1	Pop2	Pop3	Pop4	Pop5	Pop6	Pop7	Pop8	Pop9	Pop10
torg1245	0.145	0.009	0.130	0.124	0.136	0.033	0.227	0.024	0.034	0.139
oldj1239	0.065	0.672	0.068	0.052	0.057	0.003	0.003	0.012	0.005	0.063
crim1257	0.012	0.039	0.014	0.016	0.013	0.848	0.006	0.010	0.031	0.013
bash1264	0.012	0.004	0.013	0.012	0.010	0.398	0.006	0.014	0.520	0.011
anat1259	0.004	0.003	0.004	0.004	0.004	0.961	0.006	0.004	0.008	0.004
okin1246	0.003	0.971	0.003	0.003	0.003	0.004	0.003	0.004	0.003	0.003
yaku1245	0.015	0.007	0.014	0.015	0.017	0.022	0.007	0.007	0.881	0.015
daur1238	0.011	0.004	0.013	0.013	0.013	0.013	0.828	0.083	0.009	0.013
east2337	0.073	0.009	0.033	0.063	0.036	0.011	0.732	0.006	0.006	0.032
ikem1235	0.071	0.508	0.068	0.070	0.068	0.020	0.046	0.059	0.022	0.069
sibe1251	0.007	0.003	0.007	0.007	0.006	0.015	0.009	0.936	0.005	0.006
nort2697	0.005	0.002	0.005	0.004	0.005	0.939	0.008	0.006	0.022	0.005
bona1250	0.190	0.003	0.164	0.166	0.168	0.007	0.117	0.007	0.006	0.171
ulch1241	0.016	0.100	0.021	0.016	0.017	0.036	0.005	0.759	0.011	0.019
nort2935	0.014	0.907	0.014	0.013	0.013	0.005	0.009	0.005	0.006	0.014
gaga1249	0.009	0.005	0.008	0.008	0.008	0.310	0.005	0.006	0.630	0.009
tara1319	0.009	0.912	0.010	0.010	0.010	0.008	0.007	0.007	0.015	0.010
moma1245	0.026	0.004	0.033	0.024	0.030	0.026	0.010	0.788	0.024	0.035
manc1252	0.160	0.016	0.183	0.166	0.181	0.007	0.023	0.070	0.008	0.186
shor1247	0.008	0.004	0.008	0.008	0.008	0.877	0.017	0.014	0.048	0.007
kaza1248	0.005	0.005	0.005	0.005	0.005	0.936	0.012	0.003	0.018	0.005
midd1351	0.026	0.007	0.027	0.026	0.029	0.018	0.767	0.050	0.022	0.028
chag1247	0.004	0.003	0.005	0.005	0.004	0.956	0.008	0.005	0.006	0.005
huih1238	0.011	0.003	0.009	0.010	0.010	0.012	0.043	0.885	0.009	0.009
ordo1245	0.062	0.020	0.021	0.048	0.022	0.007	0.788	0.006	0.008	0.018
turk1303	0.026	0.003	0.025	0.026	0.026	0.737	0.037	0.010	0.080	0.030
negi1245	0.006	0.004	0.006	0.006	0.006	0.013	0.009	0.941	0.003	0.007
nana1257	0.034	0.027	0.029	0.032	0.036	0.007	0.014	0.771	0.014	0.036
nort2690	0.003	0.002	0.003	0.003	0.003	0.971	0.004	0.003	0.004	0.003
shur1243	0.003	0.976	0.003	0.003	0.003	0.002	0.002	0.003	0.003	0.003
minh1238	0.106	0.007	0.047	0.078	0.049	0.013	0.624	0.011	0.009	0.056
udih1248	0.022	0.004	0.021	0.023	0.025	0.015	0.014	0.836	0.023	0.020
oira1262	0.008	0.002	0.008	0.008	0.008	0.012	0.934	0.006	0.005	0.007
hate1238	0.024	0.862	0.017	0.019	0.021	0.007	0.007	0.012	0.009	0.022
tata1255	0.009	0.002	0.008	0.009	0.009	0.867	0.012	0.008	0.067	0.009
turk1304	0.003	0.002	0.003	0.003	0.003	0.970	0.005	0.004	0.004	0.003
oroc1248	0.004	0.003	0.004	0.004	0.004	0.006	0.004	0.961	0.006	0.004
chuv1255	0.108	0.004	0.112	0.111	0.124	0.300	0.035	0.038	0.028	0.141
noga1249	0.004	0.002	0.003	0.004	0.003	0.965	0.005	0.005	0.005	0.004
dong1285	0.019	0.004	0.012	0.014	0.011	0.027	0.859	0.032	0.008	0.013
halh1238	0.076	0.004	0.029	0.057	0.036	0.030	0.678	0.004	0.057	0.028
ogam1239	0.043	0.651	0.043	0.054	0.051	0.005	0.012	0.082	0.008	0.051
cent2126	0.009	0.932	0.010	0.010	0.010	0.004	0.005	0.006	0.005	0.009
yona1241	0.009	0.923	0.010	0.009	0.009	0.005	0.008	0.014	0.005	0.009
kore1280	0.078	0.545	0.086	0.088	0.088	0.005	0.003	0.004	0.015	0.087
tuvi1240	0.041	0.005	0.042	0.035	0.037	0.379	0.014	0.014	0.394	0.040
huzh1238	0.062	0.005	0.016	0.046	0.021	0.007	0.815	0.004	0.005	0.018
khak1248	0.020	0.015	0.023	0.019	0.020	0.773	0.008	0.028	0.076	0.019
oldu1238	0.042	0.007	0.037	0.041	0.040	0.662	0.051	0.037	0.038	0.045
nucl1643	0.033	0.809	0.037	0.036	0.035	0.002	0.003	0.003	0.003	0.039
orok1265	0.013	0.005	0.012	0.013	0.014	0.013	0.013	0.890	0.011	0.015
midd1372	0.035	0.769	0.037	0.042	0.036	0.006	0.026	0.003	0.008	0.037
mogh1245	0.016	0.004	0.017	0.017	0.016	0.059	0.719	0.129	0.007	0.016
uigh1240	0.005	0.004	0.004	0.005	0.005	0.954	0.009	0.003	0.006	0.004
kara1467	0.010	0.003	0.012	0.011	0.010	0.920	0.011	0.004	0.006	0.012
russ1264	0.033	0.005	0.030	0.032	0.026	0.241	0.521	0.006	0.082	0.024
sout2954	0.007	0.891	0.007	0.008	0.008	0.003	0.004	0.002	0.062	0.008
berj1234	0.014	0.015	0.015	0.015	0.014	0.006	0.018	0.872	0.017	0.015
kham1281	0.037	0.004	0.040	0.035	0.041	0.075	0.708	0.011	0.010	0.038
dolg1241	0.012	0.004	0.013	0.013	0.012	0.024	0.016	0.005	0.886	0.015