Language	Pop1	Pop2	Pop3	Pop4	Pop5	Pop6
torg1245	0.376	0.016	0.052	0.106	0.015	0.435
oldj1239	0.027	0.455	0.215	0.183	0.056	0.063
crim1257	0.397	0.007	0.046	0.101	0.006	0.443
bash1264	0.399	0.007	0.049	0.106	0.006	0.432
anat1259	0.388	0.006	0.061	0.100	0.022	0.424
okin1246	0.008	0.007	0.013	0.011	0.951	0.010
yaku1245	0.453	0.032	0.057	0.099	0.013	0.347
daur1238	0.445	0.011	0.122	0.142	0.006	0.274
east2337	0.055	0.022	0.431	0.371	0.010	0.111
ikem1235	0.008	0.008	0.021	0.020	0.930	0.013
sibe1251	0.019	0.931	0.013	0.013	0.005	0.018
nort2697	0.395	0.006	0.060	0.100	0.022	0.417
bona1250	0.032	0.043	0.422	0.360	0.035	0.108
ulch1241	0.189	0.485	0.076	0.099	0.010	0.141
nort2935	0.011	0.019	0.022	0.019	0.916	0.013
gaga1249	0.364	0.010	0.060	0.090	0.048	0.428
tara1319	0.007	0.006	0.017	0.013	0.946	0.010
moma1245	0.027	0.864	0.034	0.036	0.012	0.026
manc1252	0.105	0.243	0.271	0.241	0.021	0.120
shor1247	0.381	0.011	0.034	0.095	0.009	0.470
kaza1248	0.400	0.007	0.048	0.104	0.006	0.435
midd1351	0.308	0.030	0.153	0.182	0.024	0.304
chag1247	0.175	0.037	0.262	0.263	0.089	0.174
huih1238	0.044	0.778	0.057	0.051	0.022	0.047
ordo1245	0.448	0.011	0.126	0.136	0.006	0.272
turk1303	0.383	0.010	0.038	0.097	0.009	0.463
negi1245	0.008	0.934	0.016	0.015	0.018	0.010
nana1257	0.015	0.922	0.020	0.018	0.012	0.014
nort2690	0.182	0.012	0.261	0.276	0.065	0.204
shur1243	0.008	0.012	0.013	0.012	0.946	0.009
minh1238	0.032	0.007	0.403	0.375	0.060	0.122
udih1248	0.026	0.880	0.025	0.024	0.018	0.027
oira1262	0.385	0.014	0.107	0.148	0.011	0.336
hate1238	0.040	0.033	0.062	0.057	0.761	0.047
tata1255	0.408	0.007	0.049	0.105	0.006	0.425
turk1304	0.379	0.010	0.036	0.089	0.009	0.477
oroc1248	0.018	0.889	0.028	0.030	0.014	0.021
chuv1255	0.313	0.012	0.189	0.210	0.025	0.251
noga1249	0.310	0.028	0.150	0.188	0.023	0.301
dong1285	0.039	0.017	0.420	0.389	0.012	0.123
halh1238	0.158	0.020	0.339	0.310	0.015	0.158
ogam1239	0.019	0.009	0.088	0.076	0.769	0.038
cent2126	0.011	0.009	0.015	0.015	0.938	0.012
yona1241	0.027	0.030	0.423	0.375	0.027	0.119
kore1280	0.052	0.010	0.420	0.364	0.027	0.127
tuvi1240	0.470	0.017	0.085	0.116	0.009	0.304
huzh1238	0.037	0.010	0.431	0.380	0.031	0.110
khak1248	0.383	0.010	0.036	0.091	0.009	0.471
oldu1238	0.387	0.015	0.034	0.097	0.009	0.459
nucl1643	0.008	0.007	0.011	0.010	0.954	0.009
orok1265	0.007	0.948	0.012	0.011	0.013	0.009
midd1372	0.023	0.016	0.430	0.386	0.013	0.131
mogh1245	0.201	0.106	0.221	0.218	0.041	0.212
uigh1240	0.396	0.007	0.054	0.105	0.007	0.430
kara1467	0.399	0.009	0.052	0.108	0.007	0.425
russ1264	0.386	0.015	0.043	0.091	0.011	0.453
sout2954	0.008	0.012	0.013	0.012	0.946	0.009
berj1234	0.011	0.939	0.015	0.015	0.008	0.012
kham1281	0.453	0.036	0.055	0.100	0.013	0.345
dolg1241	0.385	0.010	0.037	0.097	0.009	0.463	