Language	Pop1	Pop2	Pop3	Pop4	Pop5	Pop6	Pop7
torg1245	0.099	0.480	0.019	0.012	0.129	0.098	0.164
oldj1239	0.123	0.026	0.010	0.467	0.115	0.123	0.136
crim1257	0.024	0.018	0.881	0.008	0.023	0.022	0.025
bash1264	0.032	0.031	0.820	0.024	0.032	0.030	0.031
anat1259	0.011	0.011	0.935	0.009	0.011	0.011	0.011
okin1246	0.015	0.026	0.015	0.896	0.015	0.016	0.017
yaku1245	0.160	0.254	0.105	0.014	0.158	0.145	0.164
daur1238	0.011	0.781	0.010	0.008	0.070	0.012	0.109
east2337	0.041	0.663	0.031	0.015	0.087	0.045	0.118
ikem1235	0.013	0.008	0.012	0.933	0.012	0.012	0.011
sibe1251	0.238	0.052	0.038	0.005	0.230	0.247	0.190
nort2697	0.023	0.014	0.892	0.008	0.020	0.021	0.021
bona1250	0.153	0.324	0.009	0.012	0.173	0.158	0.171
ulch1241	0.151	0.169	0.011	0.169	0.156	0.157	0.187
nort2935	0.020	0.020	0.029	0.865	0.021	0.022	0.023
gaga1249	0.099	0.025	0.571	0.014	0.097	0.105	0.090
tara1319	0.009	0.009	0.007	0.945	0.010	0.010	0.010
moma1245	0.232	0.054	0.015	0.032	0.216	0.240	0.212
manc1252	0.252	0.059	0.014	0.030	0.195	0.254	0.195
shor1247	0.013	0.016	0.919	0.012	0.014	0.013	0.014
kaza1248	0.014	0.014	0.918	0.011	0.015	0.015	0.014
midd1351	0.147	0.349	0.032	0.008	0.162	0.148	0.154
chag1247	0.082	0.078	0.587	0.022	0.076	0.080	0.075
huih1238	0.151	0.173	0.148	0.014	0.178	0.165	0.171
ordo1245	0.165	0.223	0.064	0.042	0.156	0.172	0.178
turk1303	0.079	0.020	0.664	0.006	0.094	0.074	0.063
negi1245	0.214	0.060	0.079	0.017	0.207	0.226	0.196
nana1257	0.162	0.193	0.009	0.147	0.165	0.146	0.178
nort2690	0.038	0.041	0.770	0.030	0.041	0.041	0.040
shur1243	0.009	0.010	0.012	0.942	0.009	0.009	0.008
minh1238	0.215	0.148	0.007	0.026	0.209	0.206	0.190
udih1248	0.247	0.044	0.042	0.004	0.196	0.261	0.206
oira1262	0.031	0.667	0.080	0.013	0.072	0.030	0.107
hate1238	0.068	0.036	0.044	0.658	0.065	0.071	0.058
tata1255	0.028	0.024	0.835	0.026	0.029	0.031	0.027
turk1304	0.019	0.009	0.917	0.009	0.015	0.016	0.015
oroc1248	0.201	0.060	0.113	0.049	0.210	0.191	0.175
chuv1255	0.045	0.036	0.775	0.007	0.045	0.045	0.048
noga1249	0.014	0.015	0.923	0.011	0.013	0.012	0.013
dong1285	0.066	0.585	0.052	0.007	0.096	0.076	0.118
halh1238	0.016	0.751	0.010	0.024	0.070	0.017	0.112
ogam1239	0.086	0.022	0.016	0.643	0.070	0.090	0.073
cent2126	0.014	0.013	0.011	0.920	0.015	0.013	0.014
yona1241	0.013	0.014	0.010	0.925	0.012	0.013	0.013
kore1280	0.078	0.036	0.017	0.646	0.066	0.079	0.079
tuvi1240	0.144	0.139	0.140	0.145	0.145	0.148	0.139
huzh1238	0.189	0.226	0.013	0.012	0.194	0.183	0.183
khak1248	0.007	0.009	0.956	0.006	0.007	0.007	0.008
oldu1238	0.085	0.037	0.643	0.005	0.076	0.079	0.075
nucl1643	0.069	0.020	0.005	0.728	0.059	0.063	0.057
orok1265	0.151	0.125	0.081	0.168	0.166	0.141	0.170
midd1372	0.079	0.062	0.043	0.586	0.082	0.077	0.071
mogh1245	0.209	0.117	0.014	0.019	0.228	0.222	0.191
uigh1240	0.051	0.081	0.708	0.012	0.052	0.050	0.047
kara1467	0.020	0.017	0.853	0.045	0.023	0.021	0.021
russ1264	0.058	0.600	0.033	0.025	0.100	0.059	0.125
sout2954	0.007	0.007	0.011	0.955	0.007	0.007	0.007
berj1234	0.236	0.053	0.036	0.020	0.237	0.219	0.199
kham1281	0.140	0.357	0.050	0.014	0.133	0.147	0.160
dolg1241	0.104	0.302	0.210	0.039	0.109	0.115	0.121	