Language	Pop1	Pop2	Pop3	Pop4	Pop5	Pop6	Pop7
torg1245	0.040	0.012	0.106	0.244	0.035	0.197	0.367
oldj1239	0.004	0.790	0.029	0.094	0.015	0.064	0.004
crim1257	0.867	0.044	0.030	0.017	0.013	0.023	0.006
bash1264	0.403	0.004	0.378	0.010	0.018	0.180	0.006
anat1259	0.972	0.002	0.007	0.004	0.004	0.005	0.006
okin1246	0.004	0.978	0.003	0.004	0.004	0.004	0.003
yaku1245	0.028	0.008	0.634	0.017	0.008	0.297	0.008
daur1238	0.012	0.004	0.013	0.012	0.085	0.011	0.862
east2337	0.010	0.010	0.012	0.033	0.008	0.021	0.905
ikem1235	0.026	0.612	0.050	0.103	0.071	0.070	0.068
sibe1251	0.014	0.003	0.005	0.006	0.957	0.006	0.008
nort2697	0.959	0.002	0.014	0.005	0.006	0.007	0.007
bona1250	0.009	0.004	0.122	0.398	0.008	0.286	0.173
ulch1241	0.038	0.105	0.014	0.022	0.796	0.019	0.006
nort2935	0.005	0.950	0.009	0.012	0.006	0.010	0.008
gaga1249	0.307	0.006	0.460	0.008	0.006	0.207	0.007
tara1319	0.008	0.946	0.012	0.009	0.007	0.011	0.007
moma1245	0.035	0.004	0.031	0.032	0.856	0.030	0.011
manc1252	0.008	0.015	0.144	0.415	0.071	0.317	0.030
shor1247	0.913	0.004	0.029	0.008	0.011	0.019	0.016
kaza1248	0.956	0.005	0.010	0.005	0.004	0.009	0.010
midd1351	0.019	0.008	0.025	0.026	0.073	0.030	0.819
chag1247	0.966	0.003	0.006	0.004	0.006	0.005	0.010
huih1238	0.015	0.004	0.010	0.009	0.909	0.009	0.045
ordo1245	0.008	0.021	0.010	0.013	0.007	0.011	0.930
turk1303	0.819	0.003	0.062	0.027	0.011	0.044	0.034
negi1245	0.012	0.004	0.004	0.006	0.958	0.006	0.009
nana1257	0.007	0.027	0.021	0.042	0.842	0.042	0.020
nort2690	0.979	0.002	0.004	0.003	0.003	0.004	0.004
shur1243	0.003	0.983	0.003	0.003	0.003	0.003	0.003
minh1238	0.012	0.008	0.030	0.062	0.011	0.042	0.833
udih1248	0.018	0.004	0.025	0.029	0.882	0.027	0.015
oira1262	0.015	0.002	0.007	0.008	0.007	0.007	0.954
hate1238	0.008	0.916	0.013	0.022	0.013	0.020	0.008
tata1255	0.892	0.003	0.047	0.009	0.009	0.026	0.013
turk1304	0.979	0.002	0.004	0.003	0.004	0.004	0.004
oroc1248	0.007	0.003	0.005	0.004	0.973	0.004	0.004
chuv1255	0.347	0.005	0.091	0.269	0.049	0.183	0.056
noga1249	0.976	0.002	0.005	0.003	0.005	0.004	0.005
dong1285	0.026	0.004	0.010	0.009	0.030	0.008	0.912
halh1238	0.030	0.004	0.055	0.022	0.004	0.028	0.857
ogam1239	0.006	0.732	0.026	0.070	0.096	0.049	0.021
cent2126	0.006	0.957	0.006	0.010	0.008	0.008	0.005
yona1241	0.005	0.952	0.005	0.009	0.014	0.007	0.007
kore1280	0.006	0.624	0.065	0.164	0.005	0.133	0.003
tuvi1240	0.379	0.007	0.351	0.049	0.013	0.184	0.017
huzh1238	0.007	0.006	0.009	0.018	0.004	0.012	0.943
khak1248	0.798	0.019	0.055	0.026	0.040	0.053	0.009
oldu1238	0.693	0.012	0.056	0.055	0.050	0.050	0.086
nucl1643	0.002	0.883	0.020	0.051	0.003	0.036	0.004
orok1265	0.013	0.006	0.013	0.012	0.934	0.011	0.013
midd1372	0.008	0.864	0.018	0.040	0.004	0.031	0.035
mogh1245	0.067	0.005	0.010	0.019	0.178	0.016	0.705
uigh1240	0.968	0.004	0.006	0.005	0.004	0.005	0.009
kara1467	0.947	0.003	0.008	0.013	0.005	0.012	0.012
russ1264	0.205	0.006	0.069	0.020	0.007	0.039	0.655
sout2954	0.004	0.913	0.046	0.008	0.003	0.023	0.004
berj1234	0.007	0.018	0.016	0.018	0.906	0.015	0.019
kham1281	0.065	0.005	0.021	0.037	0.012	0.032	0.829
dolg1241	0.041	0.005	0.630	0.011	0.007	0.288	0.018