Language	Pop1	Pop2	Pop3	Pop4	Pop5	Pop6	Pop7	Pop8	Pop9
torg1245	0.103	0.086	0.015	0.101	0.098	0.097	0.008	0.405	0.088
oldj1239	0.084	0.094	0.007	0.073	0.080	0.064	0.497	0.014	0.087
crim1257	0.022	0.022	0.860	0.020	0.021	0.021	0.006	0.011	0.018
bash1264	0.023	0.025	0.813	0.022	0.021	0.025	0.020	0.027	0.023
anat1259	0.010	0.010	0.927	0.010	0.009	0.010	0.007	0.008	0.010
okin1246	0.013	0.014	0.013	0.015	0.015	0.016	0.882	0.021	0.012
yaku1245	0.124	0.117	0.066	0.121	0.136	0.147	0.011	0.146	0.132
daur1238	0.009	0.026	0.008	0.050	0.050	0.010	0.006	0.830	0.010
east2337	0.053	0.064	0.027	0.083	0.066	0.070	0.013	0.569	0.056
ikem1235	0.008	0.009	0.009	0.008	0.009	0.009	0.934	0.006	0.008
sibe1251	0.157	0.151	0.027	0.166	0.148	0.175	0.004	0.025	0.146
nort2697	0.016	0.018	0.878	0.017	0.018	0.018	0.006	0.012	0.017
bona1250	0.139	0.120	0.006	0.145	0.128	0.116	0.009	0.223	0.114
ulch1241	0.120	0.134	0.008	0.168	0.109	0.160	0.096	0.075	0.131
nort2935	0.018	0.018	0.022	0.018	0.016	0.016	0.859	0.016	0.017
gaga1249	0.053	0.061	0.572	0.069	0.086	0.063	0.010	0.018	0.066
tara1319	0.009	0.010	0.005	0.010	0.009	0.010	0.930	0.007	0.009
moma1245	0.143	0.158	0.013	0.161	0.166	0.153	0.029	0.035	0.140
manc1252	0.166	0.173	0.011	0.136	0.147	0.153	0.025	0.036	0.152
shor1247	0.012	0.012	0.908	0.012	0.012	0.011	0.009	0.014	0.011
kaza1248	0.012	0.010	0.917	0.011	0.011	0.010	0.007	0.011	0.010
midd1351	0.118	0.122	0.026	0.121	0.117	0.132	0.006	0.230	0.127
chag1247	0.074	0.066	0.528	0.062	0.068	0.064	0.019	0.050	0.069
huih1238	0.101	0.122	0.110	0.164	0.105	0.142	0.010	0.109	0.137
ordo1245	0.134	0.138	0.050	0.118	0.125	0.119	0.033	0.154	0.129
turk1303	0.044	0.049	0.633	0.069	0.073	0.050	0.004	0.016	0.062
negi1245	0.128	0.132	0.063	0.178	0.134	0.164	0.014	0.029	0.158
nana1257	0.120	0.127	0.007	0.181	0.121	0.160	0.082	0.071	0.131
nort2690	0.037	0.034	0.734	0.035	0.032	0.034	0.025	0.032	0.036
shur1243	0.006	0.006	0.009	0.007	0.007	0.007	0.942	0.010	0.007
minh1238	0.174	0.151	0.005	0.150	0.145	0.134	0.020	0.081	0.141
udih1248	0.179	0.180	0.027	0.121	0.143	0.158	0.003	0.022	0.167
oira1262	0.022	0.034	0.062	0.055	0.054	0.027	0.009	0.705	0.032
hate1238	0.056	0.054	0.031	0.037	0.050	0.042	0.651	0.028	0.050
tata1255	0.020	0.021	0.826	0.023	0.023	0.021	0.024	0.018	0.023
turk1304	0.011	0.011	0.916	0.011	0.014	0.011	0.007	0.007	0.012
oroc1248	0.124	0.128	0.088	0.157	0.157	0.138	0.034	0.039	0.136
chuv1255	0.035	0.039	0.754	0.035	0.034	0.035	0.006	0.027	0.036
noga1249	0.012	0.011	0.906	0.010	0.014	0.013	0.008	0.013	0.012
dong1285	0.057	0.069	0.040	0.063	0.073	0.049	0.005	0.589	0.055
halh1238	0.020	0.033	0.007	0.058	0.057	0.027	0.019	0.758	0.020
ogam1239	0.059	0.060	0.018	0.037	0.056	0.045	0.664	0.012	0.047
cent2126	0.012	0.011	0.008	0.012	0.012	0.013	0.910	0.010	0.011
yona1241	0.011	0.012	0.008	0.015	0.011	0.013	0.908	0.010	0.013
kore1280	0.052	0.055	0.013	0.043	0.055	0.050	0.650	0.029	0.053
tuvi1240	0.097	0.097	0.118	0.130	0.116	0.111	0.111	0.105	0.114
huzh1238	0.154	0.133	0.010	0.142	0.133	0.137	0.008	0.151	0.132
khak1248	0.007	0.006	0.949	0.006	0.006	0.006	0.005	0.008	0.007
oldu1238	0.075	0.067	0.573	0.058	0.066	0.066	0.004	0.027	0.065
nucl1643	0.041	0.050	0.004	0.040	0.039	0.043	0.722	0.015	0.044
orok1265	0.116	0.121	0.046	0.175	0.103	0.164	0.083	0.050	0.141
midd1372	0.071	0.063	0.026	0.074	0.058	0.071	0.523	0.041	0.073
mogh1245	0.138	0.133	0.010	0.155	0.178	0.131	0.014	0.085	0.156
uigh1240	0.051	0.051	0.636	0.049	0.049	0.051	0.009	0.054	0.049
kara1467	0.018	0.020	0.844	0.019	0.017	0.019	0.033	0.013	0.017
russ1264	0.072	0.080	0.024	0.092	0.080	0.082	0.021	0.484	0.064
sout2954	0.006	0.006	0.010	0.006	0.006	0.006	0.951	0.005	0.006
berj1234	0.124	0.126	0.024	0.168	0.188	0.141	0.018	0.042	0.169
kham1281	0.122	0.113	0.041	0.118	0.113	0.104	0.011	0.264	0.114
dolg1241	0.090	0.088	0.160	0.096	0.115	0.117	0.034	0.201	0.099	