Language	Pop1	Pop2	Pop3	Pop4	Pop5
torg1245	0.018	0.097	0.109	0.029	0.747
oldj1239	0.556	0.235	0.171	0.015	0.023
crim1257	0.012	0.031	0.029	0.898	0.031
bash1264	0.030	0.032	0.033	0.873	0.033
anat1259	0.013	0.014	0.014	0.946	0.012
okin1246	0.911	0.019	0.018	0.022	0.030
yaku1245	0.024	0.216	0.201	0.163	0.396
daur1238	0.011	0.011	0.012	0.015	0.950
east2337	0.019	0.039	0.036	0.043	0.863
ikem1235	0.944	0.017	0.015	0.014	0.010
sibe1251	0.008	0.423	0.476	0.059	0.034
nort2697	0.011	0.026	0.028	0.920	0.015
bona1250	0.016	0.215	0.169	0.011	0.588
ulch1241	0.213	0.216	0.313	0.015	0.244
nort2935	0.887	0.023	0.027	0.040	0.024
gaga1249	0.023	0.175	0.189	0.601	0.012
tara1319	0.953	0.012	0.015	0.009	0.011
moma1245	0.056	0.415	0.459	0.024	0.045
manc1252	0.050	0.572	0.296	0.022	0.061
shor1247	0.016	0.015	0.018	0.928	0.023
kaza1248	0.013	0.017	0.015	0.935	0.020
midd1351	0.011	0.165	0.170	0.048	0.606
chag1247	0.029	0.117	0.097	0.674	0.082
huih1238	0.021	0.206	0.350	0.209	0.214
ordo1245	0.062	0.310	0.265	0.111	0.253
turk1303	0.008	0.133	0.158	0.691	0.010
negi1245	0.029	0.323	0.466	0.139	0.044
nana1257	0.177	0.227	0.340	0.014	0.243
nort2690	0.036	0.056	0.051	0.807	0.051
shur1243	0.946	0.012	0.012	0.017	0.013
minh1238	0.043	0.385	0.234	0.009	0.329
udih1248	0.006	0.555	0.364	0.051	0.023
oira1262	0.018	0.034	0.037	0.111	0.800
hate1238	0.682	0.122	0.084	0.068	0.044
tata1255	0.038	0.036	0.040	0.862	0.025
turk1304	0.014	0.022	0.020	0.934	0.011
oroc1248	0.074	0.296	0.407	0.179	0.044
chuv1255	0.010	0.049	0.048	0.821	0.073
noga1249	0.015	0.017	0.017	0.932	0.020
dong1285	0.010	0.101	0.075	0.070	0.744
halh1238	0.027	0.016	0.015	0.012	0.929
ogam1239	0.682	0.174	0.096	0.030	0.019
cent2126	0.936	0.016	0.019	0.015	0.015
yona1241	0.937	0.015	0.016	0.014	0.018
kore1280	0.677	0.124	0.091	0.027	0.080
tuvi1240	0.221	0.141	0.171	0.225	0.242
huzh1238	0.017	0.268	0.262	0.019	0.434
khak1248	0.008	0.010	0.010	0.960	0.013
oldu1238	0.007	0.149	0.123	0.668	0.054
nucl1643	0.769	0.098	0.090	0.008	0.035
orok1265	0.186	0.214	0.360	0.101	0.139
midd1372	0.605	0.105	0.128	0.059	0.103
mogh1245	0.027	0.386	0.416	0.020	0.151
uigh1240	0.017	0.059	0.060	0.738	0.127
kara1467	0.050	0.027	0.031	0.871	0.022
russ1264	0.034	0.050	0.056	0.046	0.814
sout2954	0.958	0.009	0.009	0.015	0.009
berj1234	0.030	0.415	0.489	0.048	0.018
kham1281	0.019	0.219	0.158	0.073	0.530
dolg1241	0.052	0.135	0.130	0.271	0.411	