Language	Pop1	Pop2	Pop3	Pop4	Pop5	Pop6	Pop7
torg1245	0.015	0.015	0.229	0.030	0.454	0.041	0.216
oldj1239	0.055	0.369	0.090	0.177	0.040	0.175	0.093
crim1257	0.006	0.007	0.204	0.012	0.438	0.030	0.302
bash1264	0.006	0.007	0.201	0.014	0.451	0.031	0.291
anat1259	0.022	0.007	0.199	0.022	0.430	0.035	0.286
okin1246	0.950	0.007	0.008	0.009	0.008	0.009	0.009
yaku1245	0.013	0.039	0.260	0.033	0.420	0.045	0.191
daur1238	0.006	0.011	0.320	0.128	0.240	0.120	0.174
east2337	0.009	0.021	0.155	0.309	0.057	0.292	0.158
ikem1235	0.934	0.007	0.011	0.015	0.008	0.015	0.010
sibe1251	0.005	0.924	0.019	0.010	0.019	0.010	0.014
nort2697	0.022	0.006	0.199	0.026	0.435	0.039	0.272
bona1250	0.039	0.031	0.154	0.291	0.057	0.290	0.139
ulch1241	0.010	0.442	0.139	0.080	0.144	0.084	0.100
nort2935	0.906	0.018	0.014	0.017	0.011	0.020	0.015
gaga1249	0.046	0.010	0.209	0.026	0.440	0.037	0.232
tara1319	0.941	0.006	0.009	0.013	0.007	0.013	0.010
moma1245	0.012	0.813	0.034	0.043	0.027	0.043	0.029
manc1252	0.019	0.186	0.118	0.225	0.089	0.206	0.157
shor1247	0.009	0.009	0.237	0.014	0.475	0.024	0.232
kaza1248	0.006	0.007	0.211	0.013	0.440	0.026	0.298
midd1351	0.021	0.025	0.162	0.131	0.285	0.150	0.226
chag1247	0.066	0.031	0.165	0.225	0.124	0.223	0.165
huih1238	0.022	0.761	0.042	0.044	0.042	0.047	0.043
ordo1245	0.007	0.011	0.314	0.121	0.244	0.126	0.178
turk1303	0.008	0.010	0.244	0.013	0.480	0.021	0.224
negi1245	0.019	0.925	0.010	0.014	0.008	0.013	0.011
nana1257	0.011	0.900	0.018	0.022	0.015	0.020	0.014
nort2690	0.060	0.010	0.137	0.214	0.159	0.220	0.200
shur1243	0.942	0.013	0.009	0.011	0.008	0.009	0.009
minh1238	0.057	0.006	0.146	0.294	0.051	0.291	0.154
udih1248	0.017	0.866	0.028	0.020	0.027	0.023	0.020
oira1262	0.010	0.013	0.249	0.096	0.349	0.091	0.191
hate1238	0.747	0.028	0.043	0.051	0.040	0.048	0.044
tata1255	0.006	0.007	0.206	0.014	0.447	0.026	0.294
turk1304	0.009	0.010	0.236	0.012	0.486	0.026	0.222
oroc1248	0.014	0.869	0.022	0.026	0.023	0.024	0.021
chuv1255	0.022	0.012	0.242	0.161	0.205	0.156	0.203
noga1249	0.022	0.024	0.164	0.140	0.275	0.151	0.225
dong1285	0.013	0.016	0.169	0.297	0.063	0.288	0.154
halh1238	0.013	0.015	0.184	0.264	0.095	0.268	0.161
ogam1239	0.763	0.009	0.039	0.070	0.017	0.061	0.040
cent2126	0.937	0.009	0.009	0.010	0.011	0.012	0.011
yona1241	0.028	0.031	0.159	0.296	0.062	0.281	0.142
kore1280	0.033	0.010	0.159	0.290	0.072	0.273	0.163
tuvi1240	0.010	0.019	0.306	0.087	0.303	0.088	0.188
huzh1238	0.030	0.010	0.158	0.301	0.059	0.294	0.147
khak1248	0.008	0.010	0.240	0.012	0.473	0.027	0.229
oldu1238	0.009	0.013	0.226	0.014	0.479	0.025	0.235
nucl1643	0.950	0.007	0.007	0.009	0.009	0.009	0.010
orok1265	0.013	0.942	0.009	0.010	0.008	0.010	0.009
midd1372	0.013	0.017	0.148	0.322	0.059	0.292	0.149
mogh1245	0.038	0.075	0.140	0.176	0.194	0.179	0.199
uigh1240	0.007	0.006	0.203	0.014	0.443	0.029	0.297
kara1467	0.007	0.009	0.203	0.017	0.438	0.031	0.295
russ1264	0.011	0.016	0.237	0.024	0.455	0.036	0.222
sout2954	0.941	0.012	0.008	0.011	0.008	0.011	0.010
berj1234	0.009	0.929	0.011	0.015	0.012	0.013	0.011
kham1281	0.013	0.037	0.260	0.032	0.413	0.044	0.200
dolg1241	0.009	0.010	0.243	0.013	0.488	0.021	0.215	