Language	Pop1	Pop2	Pop3
torg1245	0.030	0.019	0.951
oldj1239	0.907	0.071	0.022
crim1257	0.013	0.008	0.979
bash1264	0.013	0.008	0.979
anat1259	0.014	0.031	0.955
okin1246	0.011	0.978	0.011
yaku1245	0.032	0.016	0.951
daur1238	0.336	0.012	0.652
east2337	0.956	0.014	0.030
ikem1235	0.015	0.974	0.010
sibe1251	0.954	0.011	0.036
nort2697	0.014	0.031	0.954
bona1250	0.937	0.048	0.015
ulch1241	0.598	0.017	0.384
nort2935	0.021	0.966	0.014
gaga1249	0.016	0.045	0.939
tara1319	0.012	0.978	0.009
moma1245	0.912	0.026	0.062
manc1252	0.896	0.024	0.080
shor1247	0.013	0.011	0.976
kaza1248	0.012	0.008	0.980
midd1351	0.164	0.036	0.800
chag1247	0.406	0.158	0.436
huih1238	0.914	0.028	0.059
ordo1245	0.334	0.012	0.654
turk1303	0.015	0.011	0.974
negi1245	0.941	0.045	0.014
nana1257	0.956	0.021	0.023
nort2690	0.358	0.145	0.497
shur1243	0.014	0.976	0.010
minh1238	0.817	0.163	0.020
udih1248	0.933	0.030	0.038
oira1262	0.128	0.013	0.859
hate1238	0.065	0.864	0.072
tata1255	0.012	0.008	0.980
turk1304	0.014	0.011	0.975
oroc1248	0.966	0.015	0.019
chuv1255	0.093	0.044	0.863
noga1249	0.155	0.037	0.808
dong1285	0.956	0.018	0.026
halh1238	0.810	0.021	0.169
ogam1239	0.074	0.913	0.013
cent2126	0.014	0.971	0.015
yona1241	0.955	0.031	0.014
kore1280	0.933	0.046	0.021
tuvi1240	0.120	0.017	0.863
huzh1238	0.924	0.060	0.016
khak1248	0.015	0.011	0.974
oldu1238	0.018	0.011	0.970
nucl1643	0.012	0.976	0.012
orok1265	0.949	0.035	0.016
midd1372	0.976	0.016	0.008
mogh1245	0.523	0.064	0.412
uigh1240	0.013	0.009	0.978
kara1467	0.016	0.009	0.974
russ1264	0.030	0.014	0.956
sout2954	0.015	0.975	0.010
berj1234	0.962	0.018	0.020
kham1281	0.033	0.017	0.950
dolg1241	0.014	0.011	0.975