Language	Pop1	Pop2	Pop3	Pop4	Pop5
torg1245	0.015	0.151	0.781	0.018	0.034
oldj1239	0.058	0.139	0.038	0.531	0.234
crim1257	0.006	0.092	0.882	0.008	0.012
bash1264	0.007	0.096	0.877	0.008	0.013
anat1259	0.028	0.100	0.842	0.007	0.024
okin1246	0.963	0.009	0.010	0.008	0.010
yaku1245	0.018	0.222	0.601	0.071	0.088
daur1238	0.008	0.492	0.116	0.017	0.368
east2337	0.010	0.395	0.051	0.019	0.524
ikem1235	0.952	0.014	0.010	0.008	0.017
sibe1251	0.006	0.014	0.017	0.948	0.015
nort2697	0.027	0.101	0.838	0.007	0.027
bona1250	0.046	0.354	0.041	0.054	0.505
ulch1241	0.011	0.123	0.151	0.611	0.104
nort2935	0.932	0.017	0.010	0.019	0.022
gaga1249	0.043	0.122	0.801	0.010	0.024
tara1319	0.959	0.011	0.008	0.007	0.014
moma1245	0.014	0.034	0.021	0.898	0.034
manc1252	0.026	0.198	0.180	0.320	0.276
shor1247	0.009	0.134	0.830	0.012	0.016
kaza1248	0.006	0.093	0.878	0.008	0.014
midd1351	0.031	0.171	0.609	0.041	0.148
chag1247	0.094	0.333	0.176	0.050	0.347
huih1238	0.025	0.055	0.042	0.809	0.069
ordo1245	0.008	0.477	0.114	0.017	0.384
turk1303	0.009	0.139	0.828	0.011	0.013
negi1245	0.019	0.012	0.008	0.946	0.015
nana1257	0.011	0.017	0.012	0.936	0.023
nort2690	0.077	0.280	0.307	0.014	0.323
shur1243	0.953	0.013	0.008	0.014	0.013
minh1238	0.070	0.353	0.038	0.008	0.531
udih1248	0.017	0.030	0.023	0.890	0.040
oira1262	0.012	0.294	0.477	0.020	0.198
hate1238	0.813	0.041	0.056	0.036	0.054
tata1255	0.006	0.094	0.878	0.008	0.014
turk1304	0.010	0.133	0.832	0.010	0.016
oroc1248	0.018	0.026	0.026	0.901	0.029
chuv1255	0.026	0.326	0.289	0.014	0.345
noga1249	0.030	0.166	0.615	0.040	0.149
dong1285	0.014	0.374	0.048	0.023	0.541
halh1238	0.016	0.449	0.080	0.021	0.435
ogam1239	0.792	0.081	0.010	0.010	0.107
cent2126	0.953	0.012	0.013	0.010	0.013
yona1241	0.031	0.344	0.044	0.035	0.546
kore1280	0.026	0.397	0.048	0.010	0.519
tuvi1240	0.012	0.403	0.267	0.036	0.281
huzh1238	0.035	0.388	0.045	0.012	0.520
khak1248	0.009	0.139	0.826	0.012	0.014
oldu1238	0.009	0.136	0.823	0.014	0.017
nucl1643	0.961	0.009	0.009	0.009	0.012
orok1265	0.015	0.010	0.008	0.955	0.013
midd1372	0.015	0.346	0.038	0.018	0.583
mogh1245	0.051	0.180	0.411	0.136	0.222
uigh1240	0.008	0.095	0.875	0.008	0.015
kara1467	0.008	0.094	0.871	0.010	0.018
russ1264	0.012	0.145	0.797	0.016	0.029
sout2954	0.955	0.011	0.008	0.013	0.013
berj1234	0.010	0.013	0.011	0.954	0.013
kham1281	0.018	0.226	0.595	0.071	0.090
dolg1241	0.009	0.134	0.830	0.011	0.016	