Language	Pop1	Pop2	Pop3	Pop4
torg1245	0.129	0.024	0.040	0.807
oldj1239	0.333	0.606	0.020	0.041
crim1257	0.040	0.017	0.898	0.045
bash1264	0.048	0.047	0.859	0.047
anat1259	0.018	0.020	0.945	0.017
okin1246	0.024	0.904	0.031	0.041
yaku1245	0.236	0.035	0.238	0.492
daur1238	0.015	0.016	0.022	0.947
east2337	0.048	0.027	0.047	0.877
ikem1235	0.025	0.938	0.022	0.015
sibe1251	0.805	0.013	0.102	0.080
nort2697	0.038	0.016	0.921	0.025
bona1250	0.376	0.025	0.017	0.582
ulch1241	0.240	0.286	0.021	0.453
nort2935	0.031	0.875	0.058	0.037
gaga1249	0.290	0.037	0.651	0.023
tara1319	0.017	0.952	0.013	0.018
moma1245	0.815	0.076	0.038	0.072
manc1252	0.796	0.067	0.033	0.104
shor1247	0.021	0.024	0.924	0.031
kaza1248	0.022	0.020	0.929	0.029
midd1351	0.196	0.016	0.073	0.715
chag1247	0.105	0.041	0.752	0.102
huih1238	0.231	0.036	0.323	0.410
ordo1245	0.386	0.086	0.158	0.371
turk1303	0.209	0.013	0.763	0.015
negi1245	0.529	0.062	0.277	0.132
nana1257	0.187	0.293	0.023	0.497
nort2690	0.064	0.048	0.812	0.076
shur1243	0.015	0.938	0.026	0.020
minh1238	0.588	0.058	0.013	0.340
udih1248	0.883	0.009	0.072	0.036
oira1262	0.032	0.023	0.129	0.816
hate1238	0.180	0.683	0.083	0.054
tata1255	0.040	0.050	0.869	0.041
turk1304	0.035	0.019	0.930	0.015
oroc1248	0.511	0.134	0.266	0.089
chuv1255	0.060	0.016	0.819	0.106
noga1249	0.022	0.020	0.931	0.027
dong1285	0.128	0.015	0.092	0.765
halh1238	0.025	0.038	0.019	0.918
ogam1239	0.247	0.691	0.037	0.024
cent2126	0.022	0.935	0.020	0.023
yona1241	0.021	0.934	0.020	0.025
kore1280	0.193	0.678	0.039	0.090
tuvi1240	0.159	0.281	0.272	0.289
huzh1238	0.342	0.026	0.030	0.602
khak1248	0.012	0.012	0.956	0.019
oldu1238	0.198	0.010	0.706	0.086
nucl1643	0.182	0.762	0.012	0.044
orok1265	0.264	0.278	0.168	0.291
midd1372	0.124	0.643	0.087	0.146
mogh1245	0.682	0.045	0.030	0.242
uigh1240	0.071	0.023	0.755	0.151
kara1467	0.033	0.068	0.867	0.033
russ1264	0.064	0.047	0.057	0.832
sout2954	0.012	0.954	0.021	0.013
berj1234	0.805	0.055	0.108	0.032
kham1281	0.235	0.031	0.095	0.640
dolg1241	0.119	0.070	0.345	0.467	