Language	Pop1	Pop2	Pop3
torg1245	0.874	0.033	0.093
oldj1239	0.007	0.988	0.004
crim1257	0.011	0.021	0.967
bash1264	0.008	0.006	0.986
anat1259	0.006	0.003	0.992
okin1246	0.005	0.991	0.004
yaku1245	0.041	0.071	0.888
daur1238	0.978	0.003	0.019
east2337	0.964	0.016	0.020
ikem1235	0.143	0.820	0.038
sibe1251	0.978	0.006	0.017
nort2697	0.007	0.002	0.991
bona1250	0.972	0.012	0.016
ulch1241	0.646	0.197	0.157
nort2935	0.007	0.988	0.005
gaga1249	0.005	0.006	0.990
tara1319	0.007	0.986	0.008
moma1245	0.961	0.007	0.032
manc1252	0.884	0.108	0.008
shor1247	0.010	0.003	0.986
kaza1248	0.006	0.004	0.990
midd1351	0.963	0.005	0.031
chag1247	0.009	0.003	0.987
huih1238	0.984	0.004	0.012
ordo1245	0.959	0.025	0.016
turk1303	0.018	0.004	0.979
negi1245	0.982	0.006	0.012
nana1257	0.961	0.026	0.013
nort2690	0.005	0.003	0.992
shur1243	0.003	0.993	0.003
minh1238	0.977	0.008	0.015
udih1248	0.976	0.005	0.019
oira1262	0.954	0.003	0.043
hate1238	0.009	0.984	0.008
tata1255	0.008	0.003	0.989
turk1304	0.005	0.002	0.993
oroc1248	0.979	0.007	0.014
chuv1255	0.522	0.007	0.471
noga1249	0.007	0.002	0.990
dong1285	0.962	0.004	0.034
halh1238	0.610	0.023	0.367
ogam1239	0.075	0.917	0.008
cent2126	0.006	0.987	0.006
yona1241	0.009	0.986	0.005
kore1280	0.007	0.979	0.014
tuvi1240	0.018	0.012	0.971
huzh1238	0.966	0.015	0.019
khak1248	0.018	0.013	0.969
oldu1238	0.147	0.017	0.835
nucl1643	0.004	0.994	0.003
orok1265	0.978	0.008	0.014
midd1372	0.009	0.981	0.011
mogh1245	0.970	0.004	0.026
uigh1240	0.007	0.004	0.989
kara1467	0.014	0.004	0.982
russ1264	0.116	0.018	0.866
sout2954	0.003	0.984	0.013
berj1234	0.971	0.015	0.014
kham1281	0.811	0.006	0.183
dolg1241	0.031	0.018	0.952