Language	Pop1	Pop2	Pop3	Pop4	Pop5	Pop6	Pop7	Pop8	Pop9
torg1245	0.110	0.151	0.168	0.027	0.029	0.010	0.275	0.092	0.138
oldj1239	0.041	0.059	0.067	0.012	0.003	0.711	0.003	0.038	0.066
crim1257	0.031	0.016	0.016	0.010	0.843	0.036	0.006	0.026	0.016
bash1264	0.239	0.012	0.012	0.021	0.362	0.004	0.005	0.334	0.011
anat1259	0.006	0.004	0.004	0.003	0.963	0.002	0.007	0.007	0.003
okin1246	0.003	0.004	0.003	0.004	0.004	0.973	0.003	0.003	0.003
yaku1245	0.388	0.021	0.017	0.007	0.027	0.008	0.007	0.502	0.023
daur1238	0.013	0.015	0.015	0.087	0.011	0.004	0.830	0.011	0.014
east2337	0.020	0.026	0.061	0.006	0.012	0.007	0.825	0.015	0.028
ikem1235	0.050	0.071	0.063	0.059	0.019	0.564	0.057	0.050	0.068
sibe1251	0.005	0.007	0.006	0.943	0.016	0.003	0.007	0.005	0.008
nort2697	0.011	0.005	0.005	0.006	0.943	0.002	0.007	0.016	0.005
bona1250	0.117	0.207	0.207	0.008	0.008	0.004	0.144	0.090	0.216
ulch1241	0.017	0.020	0.018	0.757	0.036	0.111	0.005	0.019	0.016
nort2935	0.011	0.011	0.012	0.005	0.005	0.926	0.008	0.009	0.012
gaga1249	0.279	0.008	0.009	0.006	0.277	0.005	0.006	0.402	0.008
tara1319	0.011	0.010	0.008	0.008	0.008	0.925	0.007	0.013	0.010
moma1245	0.028	0.026	0.027	0.814	0.032	0.004	0.011	0.027	0.030
manc1252	0.133	0.226	0.222	0.055	0.006	0.016	0.028	0.105	0.208
shor1247	0.022	0.008	0.009	0.012	0.886	0.004	0.017	0.034	0.008
kaza1248	0.010	0.006	0.005	0.004	0.941	0.005	0.010	0.013	0.006
midd1351	0.025	0.026	0.027	0.066	0.018	0.008	0.783	0.023	0.024
chag1247	0.005	0.004	0.005	0.005	0.960	0.003	0.008	0.005	0.004
huih1238	0.011	0.009	0.012	0.896	0.013	0.003	0.037	0.009	0.010
ordo1245	0.013	0.016	0.050	0.006	0.007	0.021	0.863	0.011	0.014
turk1303	0.052	0.026	0.024	0.010	0.750	0.003	0.039	0.070	0.025
negi1245	0.005	0.007	0.006	0.945	0.013	0.004	0.009	0.005	0.007
nana1257	0.027	0.037	0.045	0.785	0.007	0.023	0.015	0.026	0.036
nort2690	0.004	0.003	0.004	0.003	0.972	0.002	0.004	0.004	0.004
shur1243	0.003	0.003	0.003	0.003	0.003	0.979	0.002	0.003	0.003
minh1238	0.039	0.062	0.083	0.011	0.012	0.007	0.692	0.033	0.061
udih1248	0.026	0.024	0.022	0.850	0.015	0.004	0.013	0.026	0.020
oira1262	0.009	0.009	0.008	0.007	0.017	0.002	0.934	0.007	0.008
hate1238	0.017	0.022	0.021	0.012	0.007	0.878	0.007	0.015	0.020
tata1255	0.042	0.009	0.008	0.010	0.862	0.002	0.012	0.047	0.008
turk1304	0.004	0.003	0.003	0.004	0.972	0.002	0.005	0.004	0.003
oroc1248	0.005	0.004	0.004	0.965	0.006	0.003	0.004	0.004	0.005
chuv1255	0.104	0.133	0.149	0.035	0.305	0.004	0.042	0.077	0.151
noga1249	0.005	0.003	0.004	0.005	0.968	0.002	0.006	0.004	0.004
dong1285	0.012	0.012	0.011	0.032	0.026	0.004	0.881	0.009	0.012
halh1238	0.037	0.024	0.056	0.004	0.029	0.004	0.773	0.048	0.025
ogam1239	0.026	0.059	0.049	0.085	0.005	0.675	0.013	0.030	0.057
cent2126	0.007	0.009	0.009	0.007	0.004	0.942	0.005	0.007	0.010
yona1241	0.007	0.008	0.008	0.014	0.005	0.935	0.008	0.007	0.008
kore1280	0.059	0.100	0.098	0.004	0.005	0.583	0.003	0.049	0.098
tuvi1240	0.216	0.042	0.034	0.013	0.337	0.006	0.016	0.298	0.037
huzh1238	0.013	0.016	0.049	0.003	0.007	0.006	0.884	0.009	0.014
khak1248	0.059	0.021	0.024	0.033	0.740	0.017	0.008	0.073	0.025
oldu1238	0.047	0.048	0.046	0.047	0.656	0.009	0.056	0.046	0.044
nucl1643	0.023	0.035	0.037	0.003	0.002	0.835	0.003	0.021	0.041
orok1265	0.014	0.013	0.013	0.907	0.012	0.006	0.012	0.012	0.012
midd1372	0.025	0.035	0.032	0.003	0.007	0.809	0.029	0.022	0.037
mogh1245	0.015	0.018	0.019	0.163	0.058	0.004	0.691	0.014	0.018
uigh1240	0.006	0.005	0.005	0.003	0.958	0.004	0.009	0.006	0.005
kara1467	0.012	0.012	0.012	0.004	0.927	0.003	0.010	0.008	0.011
russ1264	0.046	0.026	0.029	0.006	0.246	0.006	0.553	0.064	0.024
sout2954	0.028	0.007	0.008	0.003	0.004	0.904	0.004	0.037	0.007
berj1234	0.015	0.014	0.016	0.883	0.007	0.016	0.019	0.015	0.015
kham1281	0.026	0.041	0.040	0.010	0.073	0.004	0.744	0.024	0.039
dolg1241	0.389	0.013	0.013	0.007	0.034	0.005	0.015	0.507	0.017