Language	Pop1	Pop2	Pop3	Pop4
torg1245	0.025	0.019	0.015	0.941
oldj1239	0.294	0.611	0.063	0.032
crim1257	0.010	0.008	0.007	0.975
bash1264	0.012	0.008	0.007	0.973
anat1259	0.014	0.007	0.023	0.956
okin1246	0.010	0.009	0.971	0.010
yaku1245	0.043	0.059	0.017	0.882
daur1238	0.598	0.023	0.009	0.370
east2337	0.942	0.024	0.011	0.022
ikem1235	0.017	0.009	0.965	0.009
sibe1251	0.011	0.962	0.006	0.021
nort2697	0.016	0.007	0.022	0.954
bona1250	0.884	0.055	0.047	0.013
ulch1241	0.094	0.652	0.011	0.243
nort2935	0.023	0.020	0.945	0.012
gaga1249	0.017	0.009	0.038	0.936
tara1319	0.013	0.007	0.973	0.008
moma1245	0.037	0.927	0.013	0.022
manc1252	0.327	0.434	0.031	0.209
shor1247	0.011	0.011	0.009	0.968
kaza1248	0.012	0.009	0.007	0.972
midd1351	0.135	0.046	0.033	0.785
chag1247	0.512	0.074	0.124	0.290
huih1238	0.055	0.872	0.025	0.048
ordo1245	0.600	0.022	0.009	0.369
turk1303	0.012	0.012	0.010	0.967
negi1245	0.015	0.954	0.022	0.009
nana1257	0.017	0.958	0.012	0.013
nort2690	0.434	0.019	0.105	0.443
shur1243	0.015	0.014	0.963	0.008
minh1238	0.926	0.008	0.057	0.009
udih1248	0.027	0.929	0.018	0.026
oira1262	0.210	0.020	0.012	0.758
hate1238	0.058	0.045	0.834	0.063
tata1255	0.011	0.009	0.007	0.973
turk1304	0.012	0.012	0.009	0.967
oroc1248	0.024	0.930	0.017	0.029
chuv1255	0.291	0.016	0.032	0.661
noga1249	0.135	0.047	0.032	0.786
dong1285	0.943	0.024	0.014	0.019
halh1238	0.853	0.027	0.018	0.102
ogam1239	0.153	0.011	0.828	0.008
cent2126	0.014	0.011	0.962	0.013
yona1241	0.922	0.038	0.029	0.011
kore1280	0.954	0.010	0.025	0.011
tuvi1240	0.266	0.041	0.014	0.678
huzh1238	0.946	0.012	0.030	0.012
khak1248	0.011	0.011	0.009	0.969
oldu1238	0.011	0.016	0.009	0.964
nucl1643	0.011	0.009	0.970	0.010
orok1265	0.013	0.963	0.016	0.008
midd1372	0.961	0.018	0.013	0.007
mogh1245	0.243	0.213	0.060	0.484
uigh1240	0.012	0.008	0.008	0.971
kara1467	0.014	0.010	0.008	0.968
russ1264	0.017	0.016	0.013	0.954
sout2954	0.014	0.014	0.964	0.008
berj1234	0.014	0.966	0.010	0.011
kham1281	0.049	0.060	0.017	0.875
dolg1241	0.012	0.012	0.009	0.967	