Language	Pop1	Pop2	Pop3	Pop4	Pop5	Pop6
torg1245	0.014	0.103	0.102	0.660	0.100	0.022
oldj1239	0.541	0.130	0.148	0.018	0.152	0.011
crim1257	0.009	0.025	0.025	0.026	0.025	0.889
bash1264	0.028	0.031	0.030	0.032	0.030	0.849
anat1259	0.011	0.013	0.013	0.011	0.013	0.939
okin1246	0.902	0.018	0.016	0.027	0.016	0.020
yaku1245	0.018	0.196	0.183	0.286	0.198	0.120
daur1238	0.009	0.013	0.010	0.946	0.011	0.011
east2337	0.016	0.038	0.040	0.828	0.044	0.034
ikem1235	0.939	0.013	0.015	0.008	0.012	0.012
sibe1251	0.006	0.360	0.266	0.026	0.294	0.047
nort2697	0.009	0.023	0.025	0.015	0.022	0.907
bona1250	0.014	0.139	0.163	0.485	0.190	0.009
ulch1241	0.159	0.260	0.200	0.166	0.204	0.012
nort2935	0.874	0.025	0.023	0.022	0.024	0.032
gaga1249	0.017	0.119	0.123	0.010	0.120	0.611
tara1319	0.945	0.013	0.013	0.010	0.012	0.007
moma1245	0.042	0.320	0.308	0.032	0.279	0.020
manc1252	0.036	0.216	0.311	0.046	0.375	0.016
shor1247	0.013	0.015	0.013	0.019	0.014	0.926
kaza1248	0.010	0.014	0.014	0.015	0.014	0.933
midd1351	0.009	0.170	0.148	0.481	0.153	0.039
chag1247	0.028	0.092	0.093	0.068	0.093	0.627
huih1238	0.016	0.274	0.188	0.165	0.188	0.169
ordo1245	0.047	0.221	0.226	0.186	0.242	0.078
turk1303	0.007	0.107	0.100	0.008	0.093	0.685
negi1245	0.022	0.333	0.246	0.035	0.257	0.107
nana1257	0.125	0.295	0.217	0.139	0.213	0.011
nort2690	0.029	0.051	0.054	0.046	0.055	0.765
shur1243	0.947	0.010	0.009	0.011	0.009	0.014
minh1238	0.033	0.183	0.265	0.233	0.279	0.007
udih1248	0.005	0.283	0.315	0.015	0.346	0.035
oira1262	0.015	0.039	0.031	0.783	0.029	0.103
hate1238	0.664	0.066	0.094	0.036	0.092	0.049
tata1255	0.030	0.035	0.035	0.021	0.032	0.847
turk1304	0.012	0.015	0.019	0.010	0.020	0.925
oroc1248	0.059	0.291	0.244	0.033	0.247	0.126
chuv1255	0.009	0.044	0.048	0.049	0.046	0.804
noga1249	0.012	0.015	0.014	0.016	0.014	0.929
dong1285	0.008	0.069	0.087	0.686	0.091	0.060
halh1238	0.024	0.016	0.014	0.919	0.016	0.011
ogam1239	0.675	0.074	0.092	0.015	0.120	0.023
cent2126	0.929	0.015	0.015	0.013	0.016	0.012
yona1241	0.927	0.017	0.015	0.014	0.015	0.012
kore1280	0.661	0.077	0.093	0.061	0.086	0.023
tuvi1240	0.185	0.160	0.150	0.183	0.141	0.180
huzh1238	0.013	0.221	0.234	0.303	0.213	0.016
khak1248	0.007	0.009	0.008	0.010	0.008	0.959
oldu1238	0.005	0.107	0.103	0.040	0.108	0.637
nucl1643	0.739	0.074	0.081	0.024	0.076	0.006
orok1265	0.147	0.296	0.190	0.098	0.190	0.079
midd1372	0.578	0.109	0.103	0.073	0.090	0.046
mogh1245	0.022	0.290	0.289	0.118	0.266	0.015
uigh1240	0.013	0.058	0.061	0.101	0.058	0.708
kara1467	0.040	0.027	0.026	0.020	0.026	0.861
russ1264	0.026	0.065	0.060	0.742	0.072	0.035
sout2954	0.957	0.007	0.007	0.008	0.008	0.013
berj1234	0.026	0.333	0.309	0.014	0.268	0.050
kham1281	0.016	0.145	0.173	0.423	0.183	0.059
dolg1241	0.040	0.133	0.150	0.325	0.133	0.220	