Language	Pop1	Pop2	Pop3
torg1245	0.021	0.032	0.947
oldj1239	0.820	0.026	0.154
crim1257	0.013	0.956	0.030
bash1264	0.033	0.933	0.033
anat1259	0.015	0.973	0.012
okin1246	0.950	0.024	0.026
yaku1245	0.025	0.157	0.818
daur1238	0.017	0.031	0.952
east2337	0.030	0.046	0.924
ikem1235	0.974	0.015	0.012
sibe1251	0.010	0.152	0.837
nort2697	0.012	0.963	0.026
bona1250	0.027	0.015	0.957
ulch1241	0.261	0.023	0.717
nort2935	0.932	0.040	0.029
gaga1249	0.043	0.880	0.077
tara1319	0.973	0.011	0.016
moma1245	0.160	0.065	0.775
manc1252	0.073	0.029	0.899
shor1247	0.019	0.962	0.019
kaza1248	0.015	0.966	0.019
midd1351	0.013	0.054	0.933
chag1247	0.033	0.855	0.112
huih1238	0.021	0.252	0.727
ordo1245	0.071	0.156	0.773
turk1303	0.012	0.948	0.040
negi1245	0.066	0.358	0.576
nana1257	0.207	0.020	0.773
nort2690	0.043	0.891	0.066
shur1243	0.966	0.020	0.014
minh1238	0.074	0.012	0.914
udih1248	0.009	0.159	0.832
oira1262	0.023	0.226	0.752
hate1238	0.813	0.091	0.096
tata1255	0.037	0.929	0.034
turk1304	0.020	0.964	0.016
oroc1248	0.123	0.349	0.528
chuv1255	0.013	0.907	0.080
noga1249	0.017	0.963	0.020
dong1285	0.014	0.087	0.899
halh1238	0.028	0.022	0.950
ogam1239	0.858	0.055	0.087
cent2126	0.966	0.018	0.016
yona1241	0.969	0.015	0.017
kore1280	0.797	0.045	0.158
tuvi1240	0.253	0.398	0.349
huzh1238	0.018	0.023	0.958
khak1248	0.010	0.978	0.012
oldu1238	0.011	0.822	0.167
nucl1643	0.884	0.011	0.105
orok1265	0.213	0.152	0.635
midd1372	0.712	0.114	0.174
mogh1245	0.033	0.052	0.914
uigh1240	0.022	0.842	0.136
kara1467	0.047	0.923	0.031
russ1264	0.035	0.041	0.924
sout2954	0.973	0.016	0.011
berj1234	0.105	0.393	0.502
kham1281	0.030	0.080	0.890
dolg1241	0.066	0.262	0.672	