Language	Pop1	Pop2	Pop3	Pop4	Pop5	Pop6	Pop7	Pop8	Pop9
torg1245	0.357	0.033	0.268	0.041	0.013	0.175	0.035	0.015	0.062
oldj1239	0.048	0.139	0.067	0.118	0.269	0.082	0.113	0.051	0.112
crim1257	0.220	0.014	0.304	0.058	0.007	0.293	0.013	0.006	0.084
bash1264	0.220	0.013	0.298	0.059	0.007	0.295	0.016	0.006	0.087
anat1259	0.186	0.029	0.275	0.067	0.006	0.295	0.032	0.023	0.085
okin1246	0.009	0.010	0.009	0.010	0.007	0.008	0.010	0.926	0.011
yaku1245	0.339	0.046	0.229	0.061	0.039	0.141	0.065	0.014	0.066
daur1238	0.160	0.137	0.102	0.146	0.013	0.118	0.190	0.007	0.128
east2337	0.065	0.201	0.077	0.168	0.018	0.104	0.179	0.008	0.179
ikem1235	0.012	0.018	0.012	0.017	0.007	0.014	0.018	0.884	0.018
sibe1251	0.018	0.014	0.015	0.013	0.895	0.013	0.013	0.005	0.013
nort2697	0.197	0.028	0.277	0.066	0.006	0.282	0.031	0.024	0.089
bona1250	0.060	0.199	0.076	0.160	0.026	0.110	0.168	0.030	0.172
ulch1241	0.121	0.085	0.103	0.087	0.332	0.084	0.092	0.011	0.086
nort2935	0.013	0.019	0.012	0.017	0.018	0.016	0.019	0.869	0.017
gaga1249	0.279	0.045	0.229	0.056	0.010	0.207	0.047	0.048	0.079
tara1319	0.008	0.013	0.009	0.012	0.006	0.011	0.013	0.914	0.014
moma1245	0.033	0.048	0.032	0.050	0.694	0.034	0.047	0.013	0.048
manc1252	0.078	0.152	0.096	0.140	0.142	0.119	0.126	0.016	0.130
shor1247	0.428	0.016	0.269	0.022	0.009	0.178	0.018	0.008	0.051
kaza1248	0.226	0.013	0.302	0.056	0.007	0.289	0.014	0.006	0.088
midd1351	0.149	0.087	0.209	0.102	0.019	0.201	0.087	0.020	0.126
chag1247	0.099	0.153	0.103	0.150	0.024	0.125	0.144	0.057	0.144
huih1238	0.048	0.058	0.042	0.049	0.641	0.041	0.052	0.019	0.048
ordo1245	0.158	0.135	0.105	0.146	0.012	0.113	0.202	0.006	0.124
turk1303	0.420	0.014	0.283	0.024	0.010	0.173	0.015	0.008	0.053
negi1245	0.014	0.019	0.012	0.018	0.874	0.013	0.016	0.020	0.014
nana1257	0.017	0.026	0.019	0.024	0.839	0.014	0.026	0.011	0.023
nort2690	0.101	0.145	0.143	0.127	0.010	0.155	0.129	0.048	0.143
shur1243	0.009	0.011	0.010	0.012	0.012	0.011	0.013	0.911	0.012
minh1238	0.059	0.189	0.079	0.169	0.007	0.109	0.168	0.050	0.170
udih1248	0.026	0.032	0.026	0.029	0.790	0.025	0.028	0.016	0.028
oira1262	0.247	0.100	0.190	0.105	0.013	0.126	0.103	0.010	0.105
hate1238	0.037	0.046	0.038	0.045	0.024	0.042	0.042	0.684	0.043
tata1255	0.209	0.013	0.314	0.056	0.007	0.298	0.014	0.006	0.083
turk1304	0.398	0.014	0.299	0.024	0.009	0.180	0.018	0.008	0.051
oroc1248	0.022	0.026	0.023	0.026	0.828	0.020	0.021	0.013	0.022
chuv1255	0.109	0.136	0.138	0.134	0.011	0.159	0.148	0.017	0.149
noga1249	0.154	0.080	0.200	0.101	0.020	0.212	0.082	0.020	0.130
dong1285	0.065	0.172	0.080	0.185	0.017	0.113	0.189	0.012	0.166
halh1238	0.089	0.181	0.081	0.172	0.015	0.111	0.177	0.011	0.163
ogam1239	0.021	0.058	0.024	0.055	0.009	0.040	0.064	0.673	0.057
cent2126	0.012	0.014	0.013	0.014	0.010	0.012	0.013	0.900	0.013
yona1241	0.069	0.175	0.081	0.184	0.025	0.111	0.175	0.026	0.155
kore1280	0.069	0.182	0.081	0.181	0.009	0.107	0.182	0.025	0.164
tuvi1240	0.227	0.102	0.148	0.120	0.021	0.127	0.143	0.010	0.104
huzh1238	0.065	0.183	0.078	0.176	0.009	0.115	0.184	0.028	0.163
khak1248	0.399	0.015	0.284	0.027	0.009	0.182	0.017	0.009	0.057
oldu1238	0.405	0.017	0.285	0.027	0.012	0.175	0.019	0.008	0.052
nucl1643	0.009	0.009	0.010	0.010	0.007	0.009	0.011	0.925	0.010
orok1265	0.010	0.014	0.010	0.012	0.904	0.012	0.013	0.013	0.011
midd1372	0.063	0.185	0.086	0.181	0.015	0.108	0.181	0.013	0.167
mogh1245	0.125	0.111	0.163	0.121	0.062	0.152	0.099	0.036	0.132
uigh1240	0.224	0.014	0.307	0.058	0.007	0.290	0.015	0.007	0.077
kara1467	0.215	0.017	0.295	0.061	0.008	0.295	0.016	0.007	0.086
russ1264	0.395	0.023	0.273	0.032	0.014	0.163	0.027	0.011	0.060
sout2954	0.009	0.011	0.009	0.013	0.011	0.011	0.012	0.913	0.011
berj1234	0.013	0.022	0.014	0.021	0.871	0.014	0.019	0.009	0.017
kham1281	0.350	0.046	0.229	0.057	0.038	0.135	0.067	0.014	0.065
dolg1241	0.407	0.014	0.293	0.023	0.010	0.179	0.018	0.008	0.048	