Language	Pop1	Pop2	Pop3	Pop4	Pop5
torg1245	0.544	0.051	0.326	0.060	0.019
oldj1239	0.004	0.015	0.074	0.004	0.903
crim1257	0.006	0.011	0.012	0.949	0.021
bash1264	0.005	0.015	0.013	0.961	0.006
anat1259	0.006	0.004	0.003	0.984	0.002
okin1246	0.003	0.004	0.004	0.004	0.985
yaku1245	0.012	0.026	0.383	0.551	0.028
daur1238	0.888	0.083	0.012	0.013	0.004
east2337	0.954	0.007	0.017	0.010	0.012
ikem1235	0.076	0.073	0.096	0.031	0.724
sibe1251	0.007	0.972	0.006	0.012	0.003
nort2697	0.006	0.005	0.004	0.983	0.002
bona1250	0.282	0.009	0.694	0.010	0.005
ulch1241	0.006	0.846	0.027	0.035	0.086
nort2935	0.007	0.005	0.010	0.005	0.973
gaga1249	0.005	0.006	0.009	0.972	0.008
tara1319	0.007	0.007	0.008	0.009	0.969
moma1245	0.012	0.916	0.031	0.035	0.005
manc1252	0.046	0.084	0.843	0.009	0.019
shor1247	0.013	0.010	0.005	0.969	0.003
kaza1248	0.009	0.004	0.004	0.979	0.004
midd1351	0.857	0.082	0.021	0.031	0.009
chag1247	0.010	0.006	0.005	0.976	0.003
huih1238	0.036	0.937	0.008	0.015	0.004
ordo1245	0.955	0.007	0.011	0.008	0.019
turk1303	0.029	0.009	0.018	0.940	0.003
negi1245	0.009	0.970	0.007	0.010	0.004
nana1257	0.022	0.905	0.042	0.009	0.021
nort2690	0.005	0.004	0.003	0.985	0.003
shur1243	0.003	0.003	0.003	0.003	0.988
minh1238	0.929	0.012	0.040	0.010	0.009
udih1248	0.020	0.928	0.026	0.023	0.004
oira1262	0.968	0.006	0.008	0.015	0.002
hate1238	0.007	0.011	0.019	0.008	0.954
tata1255	0.009	0.009	0.006	0.973	0.002
turk1304	0.005	0.005	0.003	0.984	0.002
oroc1248	0.004	0.983	0.004	0.006	0.003
chuv1255	0.118	0.081	0.378	0.416	0.007
noga1249	0.006	0.006	0.004	0.981	0.002
dong1285	0.934	0.030	0.008	0.025	0.004
halh1238	0.894	0.004	0.014	0.083	0.005
ogam1239	0.024	0.095	0.062	0.006	0.812
cent2126	0.005	0.007	0.010	0.006	0.972
yona1241	0.006	0.010	0.008	0.004	0.972
kore1280	0.003	0.007	0.234	0.009	0.747
tuvi1240	0.013	0.014	0.051	0.908	0.013
huzh1238	0.973	0.004	0.012	0.006	0.005
khak1248	0.008	0.024	0.016	0.939	0.014
oldu1238	0.106	0.073	0.044	0.764	0.013
nucl1643	0.004	0.003	0.048	0.002	0.943
orok1265	0.010	0.960	0.012	0.013	0.006
midd1372	0.029	0.003	0.027	0.009	0.931
mogh1245	0.756	0.177	0.014	0.048	0.005
uigh1240	0.011	0.004	0.005	0.976	0.004
kara1467	0.014	0.005	0.013	0.965	0.003
russ1264	0.579	0.007	0.017	0.390	0.006
sout2954	0.004	0.003	0.009	0.009	0.975
berj1234	0.018	0.939	0.016	0.009	0.018
kham1281	0.908	0.011	0.031	0.045	0.004
dolg1241	0.020	0.025	0.321	0.623	0.011