Language	Pop1	Pop2	Pop3	Pop4	Pop5	Pop6
torg1245	0.354	0.079	0.018	0.042	0.463	0.044
oldj1239	0.082	0.011	0.880	0.019	0.004	0.004
crim1257	0.018	0.043	0.052	0.013	0.008	0.867
bash1264	0.011	0.576	0.004	0.016	0.006	0.387
anat1259	0.004	0.008	0.002	0.004	0.007	0.974
okin1246	0.004	0.003	0.981	0.004	0.003	0.004
yaku1245	0.014	0.928	0.010	0.009	0.009	0.030
daur1238	0.013	0.013	0.004	0.084	0.873	0.013
east2337	0.082	0.005	0.011	0.008	0.884	0.010
ikem1235	0.104	0.029	0.694	0.075	0.068	0.030
sibe1251	0.006	0.005	0.003	0.965	0.007	0.013
nort2697	0.004	0.017	0.002	0.006	0.007	0.963
bona1250	0.776	0.010	0.004	0.009	0.192	0.009
ulch1241	0.015	0.013	0.095	0.831	0.006	0.039
nort2935	0.011	0.006	0.964	0.006	0.009	0.005
gaga1249	0.008	0.673	0.006	0.007	0.008	0.299
tara1319	0.009	0.011	0.958	0.008	0.006	0.009
moma1245	0.034	0.028	0.005	0.890	0.012	0.032
manc1252	0.820	0.016	0.028	0.098	0.031	0.007
shor1247	0.008	0.042	0.004	0.013	0.017	0.917
kaza1248	0.005	0.017	0.005	0.004	0.010	0.959
midd1351	0.026	0.025	0.008	0.069	0.854	0.018
chag1247	0.005	0.006	0.003	0.006	0.010	0.970
huih1238	0.008	0.009	0.004	0.926	0.038	0.016
ordo1245	0.071	0.008	0.021	0.007	0.885	0.007
turk1303	0.028	0.104	0.003	0.011	0.046	0.807
negi1245	0.006	0.004	0.004	0.964	0.010	0.012
nana1257	0.043	0.017	0.023	0.890	0.019	0.008
nort2690	0.004	0.004	0.002	0.003	0.004	0.983
shur1243	0.003	0.003	0.985	0.003	0.003	0.003
minh1238	0.129	0.010	0.010	0.012	0.826	0.012
udih1248	0.026	0.035	0.004	0.900	0.015	0.021
oira1262	0.008	0.007	0.002	0.006	0.960	0.016
hate1238	0.020	0.009	0.943	0.012	0.007	0.009
tata1255	0.010	0.079	0.003	0.011	0.014	0.883
turk1304	0.003	0.005	0.002	0.004	0.005	0.981
oroc1248	0.004	0.005	0.003	0.977	0.004	0.007
chuv1255	0.402	0.047	0.006	0.082	0.087	0.376
noga1249	0.004	0.005	0.002	0.005	0.005	0.978
dong1285	0.015	0.008	0.004	0.032	0.919	0.022
halh1238	0.064	0.064	0.005	0.005	0.830	0.032
ogam1239	0.057	0.010	0.798	0.106	0.023	0.006
cent2126	0.009	0.005	0.966	0.009	0.005	0.006
yona1241	0.008	0.004	0.965	0.012	0.006	0.005
kore1280	0.226	0.040	0.718	0.006	0.004	0.007
tuvi1240	0.045	0.536	0.008	0.016	0.015	0.379
huzh1238	0.068	0.005	0.007	0.004	0.910	0.007
khak1248	0.025	0.104	0.020	0.042	0.010	0.799
oldu1238	0.059	0.063	0.015	0.076	0.076	0.711
nucl1643	0.051	0.005	0.935	0.003	0.004	0.003
orok1265	0.013	0.011	0.006	0.944	0.012	0.013
midd1372	0.032	0.013	0.914	0.004	0.029	0.009
mogh1245	0.019	0.008	0.005	0.161	0.740	0.067
uigh1240	0.006	0.008	0.004	0.004	0.009	0.969
kara1467	0.013	0.008	0.003	0.004	0.015	0.955
russ1264	0.022	0.081	0.006	0.006	0.668	0.217
sout2954	0.008	0.053	0.928	0.003	0.004	0.004
berj1234	0.015	0.018	0.019	0.922	0.019	0.007
kham1281	0.037	0.010	0.004	0.013	0.880	0.056
dolg1241	0.014	0.914	0.005	0.007	0.021	0.039