Language	Pop1	Pop2	Pop3	Pop4	Pop5	Pop6	Pop7	Pop8
torg1245	0.309	0.087	0.084	0.010	0.264	0.016	0.091	0.139
oldj1239	0.044	0.079	0.077	0.523	0.065	0.008	0.112	0.092
crim1257	0.015	0.022	0.025	0.007	0.019	0.869	0.023	0.022
bash1264	0.027	0.029	0.028	0.021	0.027	0.817	0.028	0.024
anat1259	0.009	0.009	0.009	0.009	0.009	0.937	0.009	0.008
okin1246	0.018	0.015	0.014	0.891	0.017	0.014	0.014	0.016
yaku1245	0.147	0.129	0.145	0.011	0.198	0.072	0.152	0.146
daur1238	0.511	0.011	0.022	0.006	0.331	0.009	0.012	0.098
east2337	0.397	0.042	0.046	0.014	0.309	0.027	0.058	0.107
ikem1235	0.007	0.009	0.008	0.943	0.008	0.009	0.009	0.009
sibe1251	0.089	0.216	0.175	0.004	0.142	0.027	0.178	0.168
nort2697	0.015	0.018	0.019	0.006	0.017	0.890	0.018	0.018
bona1250	0.230	0.103	0.124	0.008	0.197	0.007	0.147	0.183
ulch1241	0.151	0.166	0.148	0.092	0.144	0.008	0.133	0.157
nort2935	0.017	0.018	0.017	0.869	0.020	0.024	0.017	0.018
gaga1249	0.036	0.083	0.117	0.011	0.054	0.572	0.067	0.060
tara1319	0.009	0.010	0.011	0.940	0.008	0.005	0.008	0.009
moma1245	0.086	0.201	0.224	0.030	0.134	0.012	0.168	0.146
manc1252	0.081	0.162	0.144	0.027	0.124	0.009	0.263	0.191
shor1247	0.014	0.012	0.011	0.009	0.014	0.920	0.010	0.010
kaza1248	0.012	0.010	0.011	0.007	0.012	0.925	0.012	0.011
midd1351	0.219	0.134	0.130	0.007	0.220	0.025	0.129	0.137
chag1247	0.064	0.069	0.073	0.018	0.075	0.542	0.080	0.079
huih1238	0.138	0.193	0.157	0.011	0.156	0.109	0.109	0.126
ordo1245	0.149	0.157	0.139	0.033	0.147	0.049	0.170	0.155
turk1303	0.035	0.069	0.109	0.004	0.051	0.629	0.053	0.050
negi1245	0.099	0.192	0.201	0.016	0.130	0.071	0.146	0.145
nana1257	0.165	0.181	0.173	0.078	0.117	0.007	0.137	0.143
nort2690	0.038	0.043	0.038	0.026	0.039	0.733	0.041	0.042
shur1243	0.008	0.007	0.007	0.948	0.007	0.009	0.007	0.007
minh1238	0.155	0.131	0.156	0.023	0.139	0.005	0.199	0.192
udih1248	0.076	0.219	0.155	0.004	0.136	0.024	0.208	0.180
oira1262	0.429	0.035	0.044	0.010	0.283	0.073	0.032	0.095
hate1238	0.044	0.050	0.044	0.658	0.041	0.032	0.074	0.057
tata1255	0.023	0.027	0.025	0.025	0.022	0.832	0.024	0.022
turk1304	0.009	0.013	0.012	0.008	0.011	0.923	0.012	0.012
oroc1248	0.079	0.191	0.239	0.035	0.111	0.084	0.128	0.133
chuv1255	0.033	0.033	0.036	0.006	0.034	0.788	0.036	0.034
noga1249	0.012	0.011	0.011	0.008	0.012	0.924	0.011	0.011
dong1285	0.362	0.066	0.061	0.006	0.271	0.040	0.081	0.115
halh1238	0.491	0.014	0.030	0.017	0.323	0.008	0.019	0.098
ogam1239	0.030	0.048	0.052	0.680	0.035	0.019	0.071	0.065
cent2126	0.011	0.014	0.015	0.917	0.012	0.009	0.011	0.011
yona1241	0.012	0.011	0.013	0.922	0.012	0.008	0.011	0.011
kore1280	0.047	0.051	0.041	0.667	0.053	0.017	0.070	0.055
tuvi1240	0.121	0.138	0.167	0.110	0.121	0.114	0.108	0.120
huzh1238	0.198	0.151	0.170	0.009	0.121	0.011	0.180	0.160
khak1248	0.008	0.006	0.007	0.005	0.008	0.953	0.006	0.007
oldu1238	0.039	0.073	0.067	0.004	0.057	0.595	0.087	0.077
nucl1643	0.025	0.048	0.039	0.740	0.036	0.005	0.065	0.042
orok1265	0.123	0.198	0.169	0.084	0.132	0.044	0.117	0.133
midd1372	0.065	0.086	0.077	0.532	0.062	0.028	0.077	0.073
mogh1245	0.116	0.180	0.258	0.015	0.124	0.010	0.149	0.148
uigh1240	0.055	0.056	0.049	0.010	0.067	0.645	0.059	0.058
kara1467	0.019	0.024	0.019	0.034	0.018	0.845	0.021	0.020
russ1264	0.330	0.067	0.078	0.020	0.298	0.025	0.068	0.113
sout2954	0.006	0.006	0.006	0.957	0.006	0.009	0.006	0.006
berj1234	0.080	0.220	0.281	0.017	0.116	0.026	0.126	0.134
kham1281	0.225	0.111	0.125	0.013	0.177	0.044	0.152	0.154
dolg1241	0.162	0.106	0.106	0.028	0.195	0.150	0.123	0.130	