Language	Pop1	Pop2	Pop3	Pop4	Pop5	Pop6	Pop7	Pop8	Pop9
torg1245	0.014	0.062	0.122	0.065	0.067	0.589	0.022	0.005	0.056
oldj1239	0.011	0.111	0.008	0.168	0.036	0.002	0.002	0.566	0.095
crim1257	0.004	0.008	0.023	0.009	0.008	0.002	0.931	0.006	0.009
bash1264	0.008	0.007	0.042	0.006	0.005	0.005	0.916	0.006	0.005
anat1259	0.002	0.002	0.003	0.002	0.002	0.003	0.982	0.002	0.002
okin1246	0.003	0.002	0.003	0.003	0.003	0.003	0.004	0.977	0.003
yaku1245	0.008	0.007	0.755	0.008	0.005	0.010	0.198	0.003	0.006
daur1238	0.015	0.005	0.009	0.005	0.005	0.951	0.003	0.002	0.005
east2337	0.005	0.029	0.006	0.030	0.122	0.721	0.005	0.005	0.076
ikem1235	0.009	0.019	0.013	0.018	0.016	0.009	0.009	0.889	0.017
sibe1251	0.969	0.004	0.003	0.003	0.003	0.005	0.008	0.001	0.003
nort2697	0.004	0.003	0.004	0.004	0.003	0.004	0.973	0.002	0.003
bona1250	0.005	0.046	0.008	0.036	0.489	0.047	0.003	0.002	0.364
ulch1241	0.707	0.025	0.053	0.022	0.019	0.031	0.018	0.108	0.016
nort2935	0.008	0.011	0.008	0.010	0.007	0.008	0.007	0.932	0.009
gaga1249	0.010	0.039	0.048	0.039	0.023	0.004	0.802	0.012	0.025
tara1319	0.008	0.007	0.005	0.006	0.006	0.003	0.004	0.956	0.006
moma1245	0.857	0.029	0.020	0.030	0.018	0.006	0.012	0.006	0.023
manc1252	0.047	0.350	0.009	0.293	0.128	0.015	0.007	0.011	0.139
shor1247	0.004	0.003	0.009	0.003	0.003	0.006	0.967	0.002	0.003
kaza1248	0.002	0.003	0.004	0.003	0.002	0.004	0.978	0.002	0.002
midd1351	0.090	0.051	0.069	0.045	0.023	0.628	0.058	0.004	0.033
chag1247	0.006	0.010	0.007	0.010	0.007	0.025	0.924	0.004	0.008
huih1238	0.902	0.004	0.006	0.004	0.004	0.051	0.021	0.003	0.005
ordo1245	0.012	0.065	0.062	0.052	0.033	0.699	0.014	0.031	0.032
turk1303	0.026	0.028	0.023	0.025	0.015	0.004	0.861	0.002	0.017
negi1245	0.961	0.006	0.004	0.005	0.004	0.005	0.008	0.003	0.005
nana1257	0.810	0.023	0.021	0.022	0.029	0.009	0.003	0.059	0.026
nort2690	0.006	0.009	0.004	0.010	0.011	0.013	0.920	0.016	0.011
shur1243	0.002	0.001	0.002	0.001	0.001	0.002	0.002	0.988	0.001
minh1238	0.002	0.006	0.003	0.007	0.550	0.010	0.003	0.005	0.414
udih1248	0.686	0.085	0.019	0.105	0.044	0.007	0.012	0.002	0.041
oira1262	0.003	0.003	0.003	0.003	0.003	0.968	0.012	0.001	0.003
hate1238	0.004	0.070	0.017	0.066	0.028	0.007	0.013	0.751	0.044
tata1255	0.014	0.005	0.008	0.005	0.004	0.005	0.949	0.004	0.005
turk1304	0.002	0.003	0.003	0.003	0.003	0.003	0.979	0.001	0.003
oroc1248	0.953	0.005	0.004	0.005	0.004	0.005	0.017	0.003	0.004
chuv1255	0.013	0.048	0.013	0.050	0.091	0.009	0.676	0.003	0.097
noga1249	0.004	0.003	0.003	0.002	0.002	0.005	0.976	0.002	0.003
dong1285	0.009	0.055	0.010	0.057	0.098	0.678	0.021	0.003	0.070
halh1238	0.003	0.012	0.054	0.012	0.054	0.816	0.010	0.005	0.034
ogam1239	0.005	0.069	0.006	0.073	0.081	0.003	0.002	0.684	0.076
cent2126	0.007	0.006	0.003	0.006	0.004	0.002	0.003	0.964	0.005
yona1241	0.018	0.028	0.006	0.026	0.028	0.018	0.004	0.845	0.026
kore1280	0.002	0.117	0.026	0.156	0.082	0.003	0.004	0.532	0.077
tuvi1240	0.015	0.040	0.185	0.043	0.049	0.041	0.575	0.006	0.045
huzh1238	0.006	0.014	0.005	0.016	0.335	0.397	0.005	0.005	0.219
khak1248	0.004	0.003	0.007	0.003	0.003	0.004	0.971	0.003	0.003
oldu1238	0.008	0.043	0.052	0.050	0.027	0.021	0.763	0.002	0.034
nucl1643	0.002	0.079	0.008	0.062	0.028	0.002	0.001	0.773	0.044
orok1265	0.952	0.004	0.007	0.005	0.004	0.005	0.006	0.012	0.004
midd1372	0.004	0.087	0.009	0.092	0.111	0.024	0.004	0.578	0.091
mogh1245	0.353	0.045	0.007	0.042	0.031	0.458	0.030	0.004	0.029
uigh1240	0.002	0.004	0.004	0.004	0.005	0.009	0.964	0.002	0.005
kara1467	0.005	0.008	0.004	0.009	0.006	0.007	0.949	0.005	0.007
russ1264	0.013	0.012	0.054	0.010	0.009	0.708	0.181	0.005	0.009
sout2954	0.002	0.003	0.027	0.003	0.002	0.002	0.003	0.955	0.003
berj1234	0.919	0.015	0.010	0.015	0.010	0.006	0.006	0.007	0.012
kham1281	0.005	0.054	0.020	0.056	0.052	0.701	0.056	0.003	0.053
dolg1241	0.004	0.007	0.611	0.007	0.004	0.023	0.335	0.004	0.005