Language	Pop1	Pop2	Pop3	Pop4	Pop5	Pop6	Pop7
torg1245	0.136	0.067	0.005	0.643	0.027	0.104	0.018
oldj1239	0.153	0.020	0.571	0.002	0.003	0.238	0.013
crim1257	0.011	0.009	0.008	0.003	0.954	0.009	0.006
bash1264	0.009	0.003	0.007	0.006	0.961	0.005	0.009
anat1259	0.002	0.002	0.002	0.003	0.986	0.002	0.002
okin1246	0.003	0.003	0.981	0.003	0.004	0.003	0.004
yaku1245	0.272	0.007	0.006	0.063	0.447	0.180	0.026
daur1238	0.006	0.005	0.003	0.962	0.004	0.004	0.016
east2337	0.028	0.178	0.005	0.745	0.006	0.030	0.007
ikem1235	0.022	0.019	0.906	0.011	0.012	0.020	0.010
sibe1251	0.004	0.002	0.001	0.005	0.010	0.005	0.972
nort2697	0.004	0.003	0.002	0.005	0.978	0.004	0.004
bona1250	0.032	0.845	0.002	0.064	0.004	0.047	0.006
ulch1241	0.042	0.006	0.116	0.041	0.026	0.038	0.732
nort2935	0.011	0.005	0.948	0.009	0.007	0.011	0.009
gaga1249	0.045	0.014	0.015	0.006	0.854	0.049	0.018
tara1319	0.006	0.007	0.966	0.003	0.004	0.006	0.009
moma1245	0.037	0.012	0.008	0.007	0.016	0.036	0.883
manc1252	0.406	0.012	0.012	0.017	0.009	0.485	0.059
shor1247	0.003	0.004	0.002	0.007	0.976	0.003	0.004
kaza1248	0.003	0.003	0.002	0.005	0.982	0.003	0.002
midd1351	0.054	0.017	0.004	0.643	0.094	0.052	0.135
chag1247	0.011	0.007	0.004	0.030	0.928	0.012	0.008
huih1238	0.005	0.005	0.003	0.054	0.022	0.005	0.906
ordo1245	0.087	0.019	0.032	0.749	0.014	0.085	0.014
turk1303	0.032	0.009	0.002	0.005	0.890	0.032	0.030
negi1245	0.006	0.005	0.004	0.006	0.010	0.006	0.963
nana1257	0.021	0.040	0.066	0.013	0.004	0.025	0.832
nort2690	0.011	0.012	0.020	0.015	0.924	0.012	0.006
shur1243	0.002	0.002	0.989	0.002	0.002	0.002	0.002
minh1238	0.007	0.958	0.006	0.014	0.004	0.008	0.003
udih1248	0.104	0.036	0.002	0.008	0.015	0.133	0.703
oira1262	0.004	0.003	0.002	0.969	0.014	0.004	0.004
hate1238	0.086	0.010	0.764	0.010	0.021	0.103	0.006
tata1255	0.006	0.003	0.005	0.007	0.958	0.006	0.015
turk1304	0.004	0.003	0.002	0.003	0.981	0.004	0.002
oroc1248	0.007	0.003	0.004	0.005	0.020	0.006	0.955
chuv1255	0.050	0.168	0.003	0.014	0.691	0.058	0.017
noga1249	0.003	0.003	0.002	0.006	0.978	0.003	0.005
dong1285	0.063	0.122	0.004	0.706	0.021	0.073	0.011
halh1238	0.019	0.085	0.007	0.859	0.014	0.013	0.003
ogam1239	0.077	0.118	0.695	0.003	0.003	0.099	0.006
cent2126	0.006	0.004	0.971	0.003	0.003	0.006	0.007
yona1241	0.030	0.028	0.862	0.021	0.005	0.032	0.021
kore1280	0.172	0.037	0.539	0.004	0.004	0.241	0.002
tuvi1240	0.088	0.086	0.010	0.074	0.647	0.071	0.024
huzh1238	0.016	0.515	0.005	0.433	0.006	0.019	0.006
khak1248	0.004	0.003	0.003	0.004	0.978	0.004	0.005
oldu1238	0.071	0.029	0.002	0.034	0.781	0.070	0.013
nucl1643	0.084	0.017	0.787	0.003	0.002	0.105	0.004
orok1265	0.005	0.004	0.013	0.006	0.007	0.006	0.960
midd1372	0.100	0.127	0.592	0.027	0.004	0.143	0.006
mogh1245	0.036	0.033	0.005	0.446	0.039	0.036	0.404
uigh1240	0.004	0.008	0.002	0.011	0.967	0.004	0.003
kara1467	0.009	0.006	0.006	0.009	0.952	0.010	0.007
russ1264	0.014	0.010	0.005	0.727	0.219	0.011	0.015
sout2954	0.007	0.002	0.976	0.003	0.004	0.005	0.002
berj1234	0.015	0.007	0.009	0.007	0.008	0.018	0.937
kham1281	0.067	0.041	0.004	0.736	0.062	0.082	0.006
dolg1241	0.201	0.005	0.009	0.127	0.521	0.124	0.013