Language	Pop1	Pop2	Pop3	Pop4	Pop5
torg1245	0.056	0.767	0.139	0.007	0.031
oldj1239	0.003	0.004	0.389	0.586	0.018
crim1257	0.969	0.005	0.011	0.009	0.006
bash1264	0.969	0.005	0.006	0.007	0.012
anat1259	0.988	0.004	0.003	0.003	0.003
okin1246	0.005	0.004	0.004	0.983	0.004
yaku1245	0.517	0.064	0.369	0.009	0.041
daur1238	0.008	0.971	0.004	0.003	0.014
east2337	0.008	0.949	0.026	0.007	0.010
ikem1235	0.014	0.020	0.030	0.923	0.013
sibe1251	0.012	0.005	0.006	0.002	0.976
nort2697	0.983	0.005	0.004	0.002	0.006
bona1250	0.004	0.507	0.480	0.004	0.005
ulch1241	0.038	0.033	0.036	0.143	0.749
nort2935	0.009	0.009	0.015	0.953	0.013
gaga1249	0.882	0.010	0.058	0.019	0.029
tara1319	0.005	0.004	0.007	0.974	0.010
moma1245	0.020	0.010	0.040	0.011	0.919
manc1252	0.012	0.034	0.868	0.018	0.068
shor1247	0.982	0.007	0.003	0.003	0.005
kaza1248	0.985	0.006	0.003	0.003	0.003
midd1351	0.123	0.701	0.037	0.005	0.134
chag1247	0.947	0.023	0.015	0.005	0.009
huih1238	0.032	0.031	0.005	0.004	0.928
ordo1245	0.035	0.847	0.060	0.034	0.024
turk1303	0.906	0.008	0.038	0.003	0.045
negi1245	0.011	0.006	0.007	0.005	0.972
nana1257	0.005	0.054	0.025	0.085	0.830
nort2690	0.931	0.024	0.015	0.021	0.009
shur1243	0.002	0.002	0.002	0.991	0.002
minh1238	0.004	0.632	0.335	0.025	0.004
udih1248	0.018	0.020	0.276	0.002	0.684
oira1262	0.046	0.940	0.005	0.002	0.007
hate1238	0.034	0.014	0.170	0.775	0.007
tata1255	0.962	0.007	0.006	0.006	0.018
turk1304	0.986	0.004	0.005	0.002	0.003
oroc1248	0.027	0.006	0.007	0.005	0.955
chuv1255	0.679	0.089	0.202	0.004	0.027
noga1249	0.982	0.006	0.003	0.003	0.005
dong1285	0.031	0.894	0.056	0.005	0.014
halh1238	0.018	0.966	0.007	0.005	0.004
ogam1239	0.003	0.009	0.278	0.702	0.007
cent2126	0.004	0.004	0.008	0.976	0.009
yona1241	0.006	0.040	0.046	0.882	0.025
kore1280	0.005	0.008	0.436	0.548	0.003
tuvi1240	0.662	0.188	0.104	0.014	0.032
huzh1238	0.005	0.936	0.039	0.010	0.011
khak1248	0.982	0.004	0.004	0.004	0.006
oldu1238	0.801	0.048	0.123	0.003	0.025
nucl1643	0.002	0.004	0.197	0.793	0.004
orok1265	0.008	0.007	0.007	0.018	0.960
midd1372	0.006	0.143	0.245	0.599	0.007
mogh1245	0.049	0.466	0.040	0.005	0.441
uigh1240	0.975	0.013	0.005	0.003	0.004
kara1467	0.962	0.009	0.014	0.008	0.008
russ1264	0.287	0.688	0.008	0.004	0.012
sout2954	0.006	0.004	0.006	0.982	0.003
berj1234	0.009	0.008	0.020	0.011	0.951
kham1281	0.142	0.812	0.034	0.005	0.008
dolg1241	0.587	0.118	0.253	0.014	0.029