Language	Pop1	Pop2	Pop3
torg1245	0.079	0.909	0.012
oldj1239	0.004	0.107	0.888
crim1257	0.983	0.008	0.009
bash1264	0.988	0.006	0.006
anat1259	0.994	0.003	0.003
okin1246	0.005	0.004	0.992
yaku1245	0.511	0.475	0.015
daur1238	0.021	0.976	0.003
east2337	0.017	0.972	0.011
ikem1235	0.009	0.010	0.981
sibe1251	0.029	0.968	0.003
nort2697	0.991	0.007	0.002
bona1250	0.006	0.982	0.012
ulch1241	0.028	0.827	0.145
nort2935	0.007	0.007	0.986
gaga1249	0.955	0.028	0.017
tara1319	0.004	0.005	0.991
moma1245	0.027	0.958	0.015
manc1252	0.010	0.877	0.113
shor1247	0.992	0.005	0.003
kaza1248	0.994	0.003	0.002
midd1351	0.091	0.905	0.004
chag1247	0.979	0.016	0.006
huih1238	0.028	0.968	0.004
ordo1245	0.036	0.948	0.015
turk1303	0.977	0.020	0.003
negi1245	0.016	0.974	0.010
nana1257	0.005	0.941	0.054
nort2690	0.958	0.015	0.026
shur1243	0.003	0.003	0.994
minh1238	0.006	0.905	0.088
udih1248	0.026	0.970	0.004
oira1262	0.222	0.775	0.003
hate1238	0.046	0.021	0.934
tata1255	0.982	0.013	0.006
turk1304	0.993	0.004	0.003
oroc1248	0.028	0.964	0.008
chuv1255	0.691	0.304	0.005
noga1249	0.992	0.005	0.003
dong1285	0.052	0.943	0.005
halh1238	0.042	0.951	0.007
ogam1239	0.006	0.057	0.936
cent2126	0.004	0.005	0.991
yona1241	0.004	0.011	0.984
kore1280	0.029	0.118	0.853
tuvi1240	0.676	0.297	0.027
huzh1238	0.008	0.983	0.010
khak1248	0.991	0.005	0.004
oldu1238	0.804	0.189	0.007
nucl1643	0.003	0.010	0.987
orok1265	0.013	0.959	0.029
midd1372	0.013	0.162	0.825
mogh1245	0.044	0.951	0.005
uigh1240	0.989	0.008	0.003
kara1467	0.981	0.012	0.007
russ1264	0.455	0.539	0.006
sout2954	0.005	0.003	0.992
berj1234	0.021	0.968	0.011
kham1281	0.333	0.663	0.004
dolg1241	0.620	0.362	0.019