

----------------------------------------------------
STRUCTURE by Pritchard, Stephens and Donnelly (2000)
     and Falush, Stephens and Pritchard (2003)
       Code by Pritchard, Falush and Hubisz
             Version 2.3.4 (Jul 2012)
----------------------------------------------------



Command line arguments:   ./structure -m mainparams -K 3 -i phonology_structure -L 14 -o outfile_phonology_structure_K3_run42 
Input File:    phonology_structure

Run parameters:
   60 individuals
   14 loci
   3 populations assumed
   10000 Burn-in period
   100000 Reps


--------------------------------------------
Overall proportion of membership of the
sample in each of the 3 clusters

Inferred Clusters
  1      2      3    
0.373  0.186  0.441  

--------------------------------------------

Allele-freq. divergence among pops (Net nucleotide distance),
computed using point estimates of P.

      1       2       3      
 1      -    0.1735  0.1466  
 2   0.1735     -    0.3130  
 3   0.1466  0.3130     -    

Average distances (expected heterozygosity) between individuals in same cluster:
cluster  1  : 0.4087 
cluster  2  : 0.1243 
cluster  3  : 0.1251 

--------------------------------------------
Estimated Ln Prob of Data   = -295.2
Mean value of ln likelihood = -275.2
Variance of ln likelihood   = 39.9
Mean value of alpha         = 0.0517

Mean value of Fst_1         = 0.0000
Mean value of Fst_2         = 0.7044
Mean value of Fst_3         = 0.6532


Inferred ancestry of individuals:
        Label (%Miss) :  Inferred clusters
  1 torg1245   (21)   :  0.030 0.019 0.951 
  2 oldj1239   (14)   :  0.907 0.071 0.022 
  3 crim1257    (0)   :  0.013 0.008 0.979 
  4 bash1264    (7)   :  0.013 0.008 0.979 
  5 anat1259    (0)   :  0.014 0.031 0.955 
  6 okin1246    (0)   :  0.011 0.978 0.011 
  7 yaku1245    (0)   :  0.032 0.016 0.951 
  8 daur1238    (0)   :  0.336 0.012 0.652 
  9 east2337   (14)   :  0.956 0.014 0.030 
 10 ikem1235    (7)   :  0.015 0.974 0.010 
 11 sibe1251    (0)   :  0.954 0.011 0.036 
 12 nort2697    (0)   :  0.014 0.031 0.954 
 13 bona1250    (0)   :  0.937 0.048 0.015 
 14 ulch1241   (14)   :  0.598 0.017 0.384 
 15 nort2935   (14)   :  0.021 0.966 0.014 
 16 gaga1249    (0)   :  0.016 0.045 0.939 
 17 tara1319    (0)   :  0.012 0.978 0.009 
 18 moma1245   (21)   :  0.912 0.026 0.062 
 19 manc1252    (0)   :  0.896 0.024 0.080 
 20 shor1247    (0)   :  0.013 0.011 0.976 
 21 kaza1248    (0)   :  0.012 0.008 0.980 
 22 midd1351   (14)   :  0.164 0.036 0.800 
 23 chag1247   (71)   :  0.406 0.158 0.436 
 24 huih1238   (14)   :  0.914 0.028 0.059 
 25 ordo1245    (0)   :  0.334 0.012 0.654 
 26 turk1303    (0)   :  0.015 0.011 0.974 
 27 negi1245    (0)   :  0.941 0.045 0.014 
 28 nana1257    (0)   :  0.956 0.021 0.023 
 29 nort2690    (7)   :  0.358 0.145 0.497 
 30 shur1243    (0)   :  0.014 0.976 0.010 
 31 minh1238    (0)   :  0.817 0.163 0.020 
 32 udih1248    (0)   :  0.933 0.030 0.038 
 33 oira1262   (14)   :  0.128 0.013 0.859 
 34 hate1238    (7)   :  0.065 0.864 0.072 
 35 tata1255    (0)   :  0.012 0.008 0.980 
 36 turk1304    (0)   :  0.014 0.011 0.975 
 37 oroc1248    (0)   :  0.966 0.015 0.019 
 38 chuv1255    (0)   :  0.093 0.044 0.863 
 39 noga1249   (14)   :  0.155 0.037 0.808 
 40 dong1285    (7)   :  0.956 0.018 0.026 
 41 halh1238   (14)   :  0.810 0.021 0.169 
 42 ogam1239    (0)   :  0.074 0.913 0.013 
 43 cent2126    (7)   :  0.014 0.971 0.015 
 44 yona1241   (14)   :  0.955 0.031 0.014 
 45 kore1280    (0)   :  0.933 0.046 0.021 
 46 tuvi1240    (0)   :  0.120 0.017 0.863 
 47 huzh1238    (7)   :  0.924 0.060 0.016 
 48 khak1248    (0)   :  0.015 0.011 0.974 
 49 oldu1238    (7)   :  0.018 0.011 0.970 
 50 nucl1643    (0)   :  0.012 0.976 0.012 
 51 orok1265   (14)   :  0.949 0.035 0.016 
 52 midd1372   (14)   :  0.976 0.016 0.008 
 53 mogh1245   (28)   :  0.523 0.064 0.412 
 54 uigh1240    (7)   :  0.013 0.009 0.978 
 55 kara1467   (14)   :  0.016 0.009 0.974 
 56 russ1264   (14)   :  0.030 0.014 0.956 
 57 sout2954    (0)   :  0.015 0.975 0.010 
 58 berj1234    (0)   :  0.962 0.018 0.020 
 59 kham1281    (0)   :  0.033 0.017 0.950 
 60 dolg1241    (0)   :  0.014 0.011 0.975 


Estimated Allele Frequencies in each cluster
First column gives estimated ancestral frequencies


Locus 1 : TE003 
2 alleles
3.3% missing data
   1   (0.259) 0.259 0.016 0.978 
   0   (0.741) 0.741 0.984 0.022 

Locus 2 : TE004 
2 alleles
3.3% missing data
   0   (0.615) 0.615 0.983 0.991 
   1   (0.385) 0.385 0.017 0.009 

Locus 3 : TE005 
2 alleles
18.3% missing data
   0   (0.523) 0.523 0.976 0.976 
   1   (0.477) 0.477 0.024 0.024 

Locus 4 : TE006 
2 alleles
26.7% missing data
   0   (0.722) 0.722 0.125 0.987 
   1   (0.278) 0.278 0.875 0.013 

Locus 5 : TE007 
2 alleles
6.7% missing data
   0   (0.708) 0.708 0.699 0.993 
   1   (0.292) 0.292 0.301 0.007 

Locus 6 : TE008 
2 alleles
1.7% missing data
   1   (0.655) 0.655 0.900 0.885 
   0   (0.345) 0.345 0.100 0.115 

Locus 7 : TE031 
2 alleles
1.7% missing data
   1   (0.900) 0.900 0.045 0.875 
   0   (0.100) 0.100 0.955 0.125 

Locus 8 : TE037 
2 alleles
1.7% missing data
   1   (0.454) 0.454 0.581 0.799 
   0   (0.546) 0.546 0.419 0.201 

Locus 9 : TE038 
2 alleles
1.7% missing data
   1   (0.681) 0.681 0.038 0.993 
   0   (0.319) 0.319 0.962 0.007 

Locus 10 : TE039 
2 alleles
5.0% missing data
   1   (0.615) 0.615 0.970 0.550 
   0   (0.385) 0.385 0.030 0.450 

Locus 11 : TE078 
2 alleles
3.3% missing data
   0   (0.816) 0.816 0.992 0.996 
   1   (0.184) 0.184 0.008 0.004 

Locus 12 : TS079 
2 alleles
10.0% missing data
   0   (0.703) 0.703 0.988 0.993 
   1   (0.297) 0.297 0.012 0.007 

Locus 13 : TS080 
2 alleles
10.0% missing data
   0   (0.814) 0.814 0.992 0.098 
   1   (0.186) 0.186 0.008 0.902 

Locus 14 : TS088 
2 alleles
1.7% missing data
   0   (0.550) 0.550 0.974 0.917 
   1   (0.450) 0.450 0.026 0.083 

Values of parameters used in structure:
DATAFILE=phonology_structure,	OUTFILE=outfile_phonology_structure_K3_run42,	NUMINDS=60,	NUMLOCI=14,	MISSING=-9,	LABEL=1,	POPDATA=0,	POPFLAG=0,	PHENOTYPE=0,	EXTRACOLS=0,	MAXPOPS=3,	BURNIN=10000,	NUMREPS=100000,	USEPOPINFO=0,	INFERALPHA=1,	INFERLAMBDA=0,	POPSPECIFICLAMBDA=0,	POPALPHAS=0,	COMPUTEPROB=1,	NOADMIX=0,	ADMBURNIN=500,	UPDATEFREQ=100,	PRINTLIKES=0,	INTERMEDSAVE=0,	PRINTKLD=0,	PRINTNET=1,	PRINTLAMBDA=1,	ANCESTDIST=0,	NUMBOXES=1000,	ANCESTPINT=0.90000,	GENSBACK=2,	MIGRPRIOR=0.01000,	PRINTQHAT=0,	PRINTQSUM=1,	ALPHA=1.0000,	FREQSCORR=1,	FPRIORMEAN=0.0100,	FPRIORSD=0.0500,	ONEFST=0,	LAMBDA=1.0000,	UNIFPRIORALPHA=1,	ALPHAMAX=10.0000,	ALPHAPRIORA=1.0000,	ALPHAPRIORB=2.0000,	ALPHAPROPSD=0.0250,	STARTATPOPINFO=0,	RANDOMIZE=1,	LINKAGE=0,	METROFREQ=10,	REPORTHITRATE=0,	MARKOVPHASE=0,	PHASED=0,	PLOIDY=1,	PHASEINFO=0	LOCPRIOR=0, 	LOCPRIORINIT=1.000000, 	LOCDATA=0, 	LOCISPOP=0, 	LOCPRIORSTEP=0.100000, 	MAXLOCPRIOR=20.000000, 	SEED=1641288198,	
[STRAT parameters]:    NUMSIMSTATS=1000,	PHENOTYPECOL=-9,	POOLFREQ=10,	LOCUSxONLY=0,	EMERROR=0.00100,	MISSINGPHENO=-9,	